B_digital_(T)	B_analog_(T)	T_sample_(K)	I_s	V_nv	R_nv
9.50000E-4	-3.28980E-3	2.98748E+2	1.00004E-4	3.73440E-4	3.73424E+0
4.70000E-4	-3.28908E-3	2.98751E+2	1.00004E-4	3.73431E-4	3.73415E+0
9.17309E-3	-3.09229E-3	2.98758E+2	1.00004E-4	3.73396E-4	3.73381E+0
1.99404E-2	-2.23557E-3	2.98768E+2	1.00004E-4	3.73397E-4	3.73381E+0
3.24091E-2	8.74907E-4	2.98777E+2	1.00005E-4	3.73379E-4	3.73362E+0
4.57117E-2	9.46703E-3	2.98783E+2	1.00004E-4	3.73293E-4	3.73277E+0
5.80551E-2	2.28256E-2	2.98790E+2	1.00004E-4	3.73316E-4	3.73301E+0
7.06557E-2	3.69494E-2	2.98797E+2	1.00004E-4	3.73360E-4	3.73345E+0
8.33081E-2	5.06020E-2	2.98805E+2	1.00004E-4	3.73314E-4	3.73298E+0
9.59952E-2	6.39405E-2	2.98813E+2	1.00004E-4	3.73397E-4	3.73380E+0
1.08308E-1	7.69683E-2	2.98820E+2	1.00004E-4	3.73440E-4	3.73424E+0
1.21126E-1	8.96972E-2	2.98828E+2	1.00004E-4	3.73332E-4	3.73316E+0
1.34157E-1	1.02390E-1	2.98836E+2	1.00004E-4	3.73383E-4	3.73368E+0
1.46409E-1	1.15030E-1	2.98844E+2	1.00004E-4	3.73394E-4	3.73378E+0
1.59212E-1	1.27189E-1	2.98852E+2	1.00004E-4	3.73391E-4	3.73376E+0
1.71804E-1	1.39347E-1	2.98858E+2	1.00004E-4	3.73473E-4	3.73457E+0
1.84716E-1	1.51961E-1	2.98865E+2	1.00004E-4	3.73462E-4	3.73446E+0
1.97299E-1	1.64581E-1	2.98874E+2	1.00004E-4	3.73457E-4	3.73441E+0
2.10033E-1	1.77147E-1	2.98882E+2	1.00004E-4	3.73424E-4	3.73408E+0
2.23087E-1	1.89659E-1	2.98888E+2	1.00004E-4	3.73406E-4	3.73391E+0
2.35619E-1	2.02013E-1	2.98892E+2	1.00004E-4	3.73474E-4	3.73458E+0
2.47850E-1	2.14421E-1	2.98897E+2	1.00004E-4	3.73417E-4	3.73402E+0
2.60498E-1	2.26896E-1	2.98903E+2	1.00004E-4	3.73320E-4	3.73304E+0
2.73449E-1	2.39272E-1	2.98908E+2	1.00004E-4	3.73291E-4	3.73275E+0
2.85881E-1	2.51624E-1	2.98913E+2	1.00004E-4	3.73347E-4	3.73331E+0
2.98456E-1	2.63864E-1	2.98919E+2	1.00004E-4	3.73418E-4	3.73402E+0
3.11406E-1	2.76168E-1	2.98924E+2	1.00004E-4	3.73410E-4	3.73393E+0
3.24095E-1	2.88495E-1	2.98928E+2	1.00004E-4	3.73380E-4	3.73364E+0
3.36768E-1	3.00713E-1	2.98931E+2	1.00004E-4	3.73353E-4	3.73337E+0
3.49426E-1	3.12876E-1	2.98934E+2	1.00004E-4	3.73298E-4	3.73282E+0
3.61420E-1	3.24896E-1	2.98936E+2	1.00004E-4	3.73266E-4	3.73250E+0
3.74288E-1	3.36786E-1	2.98939E+2	1.00004E-4	3.73274E-4	3.73258E+0
3.87026E-1	3.48745E-1	2.98942E+2	1.00004E-4	3.73186E-4	3.73170E+0
3.99771E-1	3.60748E-1	2.98944E+2	1.00004E-4	3.73209E-4	3.73193E+0
4.12605E-1	3.72562E-1	2.98946E+2	1.00004E-4	3.73363E-4	3.73347E+0
4.25022E-1	3.84480E-1	2.98948E+2	1.00004E-4	3.73403E-4	3.73387E+0
4.37937E-1	3.96513E-1	2.98952E+2	1.00004E-4	3.73384E-4	3.73368E+0
4.50776E-1	4.08395E-1	2.98957E+2	1.00004E-4	3.73426E-4	3.73411E+0
4.63378E-1	4.20734E-1	2.98958E+2	1.00004E-4	3.73490E-4	3.73474E+0
4.75734E-1	4.33271E-1	2.98958E+2	1.00004E-4	3.73464E-4	3.73448E+0
4.88393E-1	4.45505E-1	2.98959E+2	1.00004E-4	3.73367E-4	3.73350E+0
5.01155E-1	4.57573E-1	2.98962E+2	1.00004E-4	3.73334E-4	3.73318E+0
5.14099E-1	4.69604E-1	2.98962E+2	1.00004E-4	3.73410E-4	3.73394E+0
5.26663E-1	4.81736E-1	2.98963E+2	1.00004E-4	3.73393E-4	3.73377E+0
5.39182E-1	4.93814E-1	2.98964E+2	1.00004E-4	3.73352E-4	3.73337E+0
5.51874E-1	5.05913E-1	2.98965E+2	1.00004E-4	3.73337E-4	3.73322E+0
5.64759E-1	5.18011E-1	2.98966E+2	1.00004E-4	3.73358E-4	3.73342E+0
5.77261E-1	5.29983E-1	2.98967E+2	1.00004E-4	3.73334E-4	3.73318E+0
5.89598E-1	5.42055E-1	2.98967E+2	1.00004E-4	3.73251E-4	3.73235E+0
6.02414E-1	5.54157E-1	2.98967E+2	1.00004E-4	3.73369E-4	3.73353E+0
6.15241E-1	5.66203E-1	2.98968E+2	1.00004E-4	3.73425E-4	3.73409E+0
6.27443E-1	5.78263E-1	2.98968E+2	1.00004E-4	3.73332E-4	3.73316E+0
6.40544E-1	5.90304E-1	2.98969E+2	1.00004E-4	3.73286E-4	3.73271E+0
6.53311E-1	6.02365E-1	2.98969E+2	1.00004E-4	3.73316E-4	3.73300E+0
6.65803E-1	6.14463E-1	2.98966E+2	1.00004E-4	3.73316E-4	3.73301E+0
6.78434E-1	6.26534E-1	2.98965E+2	1.00004E-4	3.73416E-4	3.73401E+0
6.90688E-1	6.38516E-1	2.98965E+2	1.00004E-4	3.73429E-4	3.73413E+0
7.03455E-1	6.50585E-1	2.98962E+2	1.00004E-4	3.73513E-4	3.73496E+0
7.16205E-1	6.62738E-1	2.98961E+2	1.00004E-4	3.73569E-4	3.73552E+0
7.29109E-1	6.74754E-1	2.98961E+2	1.00004E-4	3.73507E-4	3.73491E+0
7.41768E-1	6.86876E-1	2.98960E+2	1.00004E-4	3.73399E-4	3.73383E+0
7.54367E-1	6.99015E-1	2.98957E+2	1.00004E-4	3.73319E-4	3.73302E+0
7.67405E-1	7.11204E-1	2.98956E+2	1.00004E-4	3.73343E-4	3.73327E+0
7.79652E-1	7.23404E-1	2.98953E+2	1.00004E-4	3.73416E-4	3.73400E+0
7.92547E-1	7.35572E-1	2.98949E+2	1.00004E-4	3.73406E-4	3.73390E+0
8.05132E-1	7.47854E-1	2.98946E+2	1.00004E-4	3.73373E-4	3.73357E+0
8.17774E-1	7.60131E-1	2.98944E+2	1.00004E-4	3.73374E-4	3.73358E+0
8.30356E-1	7.72283E-1	2.98943E+2	1.00004E-4	3.73296E-4	3.73280E+0
8.42609E-1	7.84447E-1	2.98938E+2	1.00004E-4	3.73387E-4	3.73371E+0
8.55406E-1	7.96790E-1	2.98933E+2	1.00004E-4	3.73397E-4	3.73380E+0
8.68202E-1	8.09254E-1	2.98930E+2	1.00004E-4	3.73264E-4	3.73248E+0
8.81086E-1	8.21678E-1	2.98927E+2	1.00004E-4	3.73252E-4	3.73236E+0
8.93237E-1	8.34028E-1	2.98925E+2	1.00004E-4	3.73320E-4	3.73304E+0
9.05467E-1	8.46482E-1	2.98921E+2	1.00004E-4	3.73393E-4	3.73377E+0
9.18687E-1	8.58979E-1	2.98916E+2	1.00004E-4	3.73380E-4	3.73364E+0
9.31370E-1	8.71478E-1	2.98914E+2	1.00004E-4	3.73350E-4	3.73334E+0
9.44310E-1	8.83973E-1	2.98914E+2	1.00004E-4	3.73212E-4	3.73196E+0
9.57125E-1	8.96516E-1	2.98910E+2	1.00004E-4	3.73287E-4	3.73271E+0
9.69060E-1	9.09077E-1	2.98906E+2	1.00004E-4	3.73379E-4	3.73363E+0
9.82382E-1	9.21662E-1	2.98903E+2	1.00004E-4	3.73289E-4	3.73273E+0
9.95175E-1	9.34347E-1	2.98900E+2	1.00004E-4	3.73178E-4	3.73162E+0
1.00018E+0	9.45746E-1	2.98898E+2	1.00004E-4	3.73236E-4	3.73220E+0
1.00080E+0	9.54276E-1	2.98895E+2	1.00004E-4	3.73378E-4	3.73362E+0
1.00069E+0	9.59612E-1	2.98892E+2	1.00004E-4	3.73408E-4	3.73392E+0
1.00021E+0	9.62745E-1	2.98889E+2	1.00004E-4	3.73304E-4	3.73289E+0
1.00030E+0	9.64260E-1	2.98886E+2	1.00004E-4	3.73241E-4	3.73225E+0
9.98078E-1	9.64941E-1	2.98883E+2	1.00004E-4	3.73155E-4	3.73139E+0
9.88827E-1	9.65077E-1	2.98882E+2	1.00004E-4	3.72983E-4	3.72967E+0
9.75862E-1	9.64508E-1	2.98878E+2	1.00004E-4	3.73091E-4	3.73075E+0
9.63306E-1	9.62549E-1	2.98876E+2	1.00004E-4	3.73196E-4	3.73180E+0
9.51151E-1	9.56288E-1	2.98877E+2	1.00004E-4	3.73180E-4	3.73164E+0
9.37986E-1	9.44798E-1	2.98877E+2	1.00004E-4	3.73185E-4	3.73169E+0
9.25168E-1	9.31003E-1	2.98878E+2	1.00004E-4	3.73217E-4	3.73201E+0
9.12462E-1	9.17139E-1	2.98878E+2	1.00004E-4	3.73218E-4	3.73202E+0
8.99822E-1	9.03761E-1	2.98878E+2	1.00004E-4	3.73256E-4	3.73241E+0
8.86686E-1	8.90843E-1	2.98877E+2	1.00004E-4	3.73360E-4	3.73344E+0
8.73811E-1	8.78250E-1	2.98879E+2	1.00004E-4	3.73416E-4	3.73400E+0
8.61760E-1	8.65706E-1	2.98881E+2	1.00004E-4	3.73309E-4	3.73292E+0
8.48952E-1	8.53202E-1	2.98882E+2	1.00004E-4	3.73334E-4	3.73318E+0
8.36391E-1	8.40782E-1	2.98884E+2	1.00004E-4	3.73386E-4	3.73371E+0
8.23750E-1	8.28401E-1	2.98886E+2	1.00004E-4	3.73295E-4	3.73279E+0
8.11188E-1	8.16184E-1	2.98889E+2	1.00004E-4	3.73366E-4	3.73350E+0
7.98497E-1	8.03894E-1	2.98893E+2	1.00004E-4	3.73462E-4	3.73446E+0
7.85830E-1	7.91620E-1	2.98897E+2	1.00004E-4	3.73430E-4	3.73414E+0
7.73259E-1	7.79390E-1	2.98901E+2	1.00004E-4	3.73456E-4	3.73440E+0
7.60159E-1	7.67032E-1	2.98905E+2	1.00004E-4	3.73526E-4	3.73510E+0
7.47868E-1	7.54833E-1	2.98912E+2	1.00004E-4	3.73408E-4	3.73393E+0
7.35181E-1	7.42588E-1	2.98918E+2	1.00004E-4	3.73453E-4	3.73438E+0
7.21746E-1	7.30246E-1	2.98924E+2	1.00004E-4	3.73483E-4	3.73467E+0
7.09587E-1	7.18169E-1	2.98930E+2	1.00004E-4	3.73321E-4	3.73305E+0
6.97264E-1	7.06040E-1	2.98935E+2	1.00004E-4	3.73397E-4	3.73381E+0
6.84666E-1	6.93809E-1	2.98940E+2	1.00004E-4	3.73457E-4	3.73440E+0
6.72036E-1	6.81618E-1	2.98949E+2	1.00004E-4	3.73361E-4	3.73344E+0
6.59111E-1	6.69485E-1	2.98956E+2	1.00004E-4	3.73456E-4	3.73440E+0
6.46618E-1	6.57381E-1	2.98963E+2	1.00004E-4	3.73456E-4	3.73441E+0
6.34093E-1	6.45207E-1	2.98971E+2	1.00004E-4	3.73477E-4	3.73461E+0
6.21796E-1	6.33043E-1	2.98977E+2	1.00004E-4	3.73558E-4	3.73542E+0
6.08501E-1	6.20939E-1	2.98983E+2	1.00004E-4	3.73601E-4	3.73585E+0
5.95551E-1	6.08848E-1	2.98991E+2	1.00004E-4	3.73561E-4	3.73545E+0
5.83556E-1	5.96748E-1	2.99001E+2	1.00004E-4	3.73511E-4	3.73495E+0
5.70814E-1	5.84676E-1	2.99009E+2	1.00004E-4	3.73562E-4	3.73547E+0
5.57762E-1	5.72581E-1	2.99016E+2	1.00004E-4	3.73539E-4	3.73522E+0
5.45352E-1	5.60502E-1	2.99024E+2	1.00004E-4	3.73362E-4	3.73345E+0
5.33191E-1	5.48438E-1	2.99032E+2	1.00004E-4	3.73391E-4	3.73375E+0
5.20140E-1	5.36358E-1	2.99041E+2	1.00004E-4	3.73486E-4	3.73470E+0
5.07383E-1	5.24313E-1	2.99048E+2	1.00004E-4	3.73507E-4	3.73491E+0
4.95090E-1	5.12163E-1	2.99056E+2	1.00004E-4	3.73455E-4	3.73440E+0
4.82228E-1	5.00006E-1	2.99064E+2	1.00004E-4	3.73432E-4	3.73417E+0
4.69689E-1	4.88012E-1	2.99072E+2	1.00004E-4	3.73529E-4	3.73512E+0
4.56615E-1	4.75993E-1	2.99080E+2	1.00004E-4	3.73538E-4	3.73522E+0
4.43746E-1	4.63785E-1	2.99089E+2	1.00004E-4	3.73494E-4	3.73478E+0
4.31367E-1	4.51680E-1	2.99099E+2	1.00004E-4	3.73412E-4	3.73396E+0
4.18655E-1	4.39502E-1	2.99109E+2	1.00004E-4	3.73379E-4	3.73364E+0
4.05898E-1	4.27371E-1	2.99117E+2	1.00004E-4	3.73487E-4	3.73471E+0
3.93482E-1	4.15264E-1	2.99125E+2	1.00004E-4	3.73643E-4	3.73627E+0
3.80867E-1	4.03007E-1	2.99132E+2	1.00004E-4	3.73598E-4	3.73582E+0
3.68132E-1	3.90891E-1	2.99139E+2	1.00004E-4	3.73498E-4	3.73482E+0
3.55886E-1	3.78744E-1	2.99148E+2	1.00004E-4	3.73504E-4	3.73488E+0
3.42940E-1	3.66151E-1	2.99157E+2	1.00004E-4	3.73539E-4	3.73523E+0
3.29662E-1	3.53735E-1	2.99165E+2	1.00004E-4	3.73549E-4	3.73533E+0
3.16754E-1	3.41535E-1	2.99175E+2	1.00004E-4	3.73571E-4	3.73555E+0
3.04561E-1	3.29167E-1	2.99181E+2	1.00004E-4	3.73536E-4	3.73520E+0
2.91934E-1	3.16974E-1	2.99187E+2	1.00004E-4	3.73494E-4	3.73477E+0
2.79413E-1	3.04813E-1	2.99195E+2	1.00004E-4	3.73526E-4	3.73510E+0
2.66833E-1	2.92482E-1	2.99203E+2	1.00004E-4	3.73544E-4	3.73528E+0
2.53995E-1	2.80122E-1	2.99212E+2	1.00004E-4	3.73437E-4	3.73421E+0
2.41537E-1	2.67717E-1	2.99219E+2	1.00004E-4	3.73488E-4	3.73472E+0
2.28993E-1	2.55313E-1	2.99228E+2	1.00004E-4	3.73605E-4	3.73589E+0
2.16463E-1	2.42985E-1	2.99235E+2	1.00004E-4	3.73578E-4	3.73563E+0
2.03782E-1	2.30525E-1	2.99240E+2	1.00004E-4	3.73532E-4	3.73516E+0
1.91183E-1	2.18042E-1	2.99248E+2	1.00004E-4	3.73579E-4	3.73563E+0
1.78462E-1	2.05605E-1	2.99255E+2	1.00004E-4	3.73656E-4	3.73640E+0
1.65532E-1	1.93203E-1	2.99262E+2	1.00004E-4	3.73660E-4	3.73643E+0
1.52655E-1	1.80829E-1	2.99270E+2	1.00004E-4	3.73652E-4	3.73636E+0
1.40082E-1	1.68390E-1	2.99275E+2	1.00004E-4	3.73660E-4	3.73645E+0
1.27770E-1	1.55892E-1	2.99283E+2	1.00004E-4	3.73664E-4	3.73648E+0
1.15211E-1	1.43239E-1	2.99289E+2	1.00004E-4	3.73617E-4	3.73600E+0
1.02541E-1	1.30700E-1	2.99294E+2	1.00004E-4	3.73671E-4	3.73654E+0
8.95417E-2	1.18521E-1	2.99302E+2	1.00004E-4	3.73731E-4	3.73715E+0
7.64720E-2	1.06256E-1	2.99307E+2	1.00004E-4	3.73670E-4	3.73654E+0
6.44158E-2	9.36139E-2	2.99313E+2	1.00004E-4	3.73599E-4	3.73583E+0
5.21319E-2	8.09197E-2	2.99320E+2	1.00004E-4	3.73549E-4	3.73533E+0
3.95295E-2	6.83901E-2	2.99325E+2	1.00004E-4	3.73616E-4	3.73600E+0
2.68693E-2	5.59076E-2	2.99330E+2	1.00004E-4	3.73664E-4	3.73648E+0
1.41314E-2	4.35202E-2	2.99335E+2	1.00004E-4	3.73648E-4	3.73632E+0
3.30765E-3	3.14293E-2	2.99340E+2	1.00004E-4	3.73628E-4	3.73612E+0
7.93454E-4	2.12955E-2	2.99346E+2	1.00004E-4	3.73669E-4	3.73652E+0
9.50000E-4	1.44116E-2	2.99351E+2	1.00004E-4	3.73643E-4	3.73627E+0
9.50000E-4	1.02754E-2	2.99355E+2	1.00004E-4	3.73588E-4	3.73572E+0
9.50000E-4	8.31190E-3	2.99359E+2	1.00004E-4	3.73630E-4	3.73614E+0
5.07727E-4	7.37573E-3	2.99363E+2	1.00004E-4	3.73672E-4	3.73656E+0
-5.94530E-3	6.59475E-3	2.99367E+2	1.00004E-4	3.73674E-4	3.73659E+0
-1.52993E-2	4.96864E-3	2.99373E+2	1.00004E-4	3.73673E-4	3.73657E+0
-2.74445E-2	-2.50050E-4	2.99377E+2	1.00004E-4	3.73563E-4	3.73546E+0
-4.00292E-2	-9.64954E-3	2.99381E+2	1.00004E-4	3.73530E-4	3.73514E+0
-5.25627E-2	-2.12045E-2	2.99384E+2	1.00004E-4	3.73601E-4	3.73585E+0
-6.53686E-2	-3.36192E-2	2.99387E+2	1.00004E-4	3.73615E-4	3.73599E+0
-7.84917E-2	-4.58886E-2	2.99389E+2	1.00004E-4	3.73604E-4	3.73588E+0
-9.09911E-2	-5.81744E-2	2.99392E+2	1.00004E-4	3.73630E-4	3.73614E+0
-1.03321E-1	-7.07159E-2	2.99397E+2	1.00004E-4	3.73627E-4	3.73611E+0
-1.15991E-1	-8.33844E-2	2.99399E+2	1.00004E-4	3.73644E-4	3.73629E+0
-1.28961E-1	-9.59992E-2	2.99403E+2	1.00004E-4	3.73678E-4	3.73662E+0
-1.41667E-1	-1.08486E-1	2.99408E+2	1.00004E-4	3.73740E-4	3.73724E+0
-1.54001E-1	-1.20828E-1	2.99412E+2	1.00004E-4	3.73779E-4	3.73763E+0
-1.66971E-1	-1.33106E-1	2.99414E+2	1.00004E-4	3.73826E-4	3.73809E+0
-1.80014E-1	-1.45372E-1	2.99415E+2	1.00004E-4	3.73806E-4	3.73790E+0
-1.92015E-1	-1.57568E-1	2.99420E+2	1.00004E-4	3.73675E-4	3.73659E+0
-2.04875E-1	-1.69605E-1	2.99425E+2	1.00004E-4	3.73595E-4	3.73580E+0
-2.18117E-1	-1.81371E-1	2.99428E+2	1.00004E-4	3.73625E-4	3.73608E+0
-2.30578E-1	-1.93166E-1	2.99429E+2	1.00004E-4	3.73644E-4	3.73627E+0
-2.43315E-1	-2.05015E-1	2.99431E+2	1.00004E-4	3.73671E-4	3.73655E+0
-2.55637E-1	-2.16939E-1	2.99433E+2	1.00004E-4	3.73674E-4	3.73658E+0
-2.68207E-1	-2.29069E-1	2.99436E+2	1.00004E-4	3.73618E-4	3.73602E+0
-2.81059E-1	-2.41488E-1	2.99439E+2	1.00004E-4	3.73726E-4	3.73709E+0
-2.93294E-1	-2.54132E-1	2.99439E+2	1.00004E-4	3.73733E-4	3.73717E+0
-3.06348E-1	-2.66734E-1	2.99438E+2	1.00004E-4	3.73596E-4	3.73580E+0
-3.18965E-1	-2.79297E-1	2.99439E+2	1.00004E-4	3.73585E-4	3.73569E+0
-3.31171E-1	-2.91834E-1	2.99443E+2	1.00004E-4	3.73615E-4	3.73599E+0
-3.44094E-1	-3.04320E-1	2.99443E+2	1.00004E-4	3.73695E-4	3.73680E+0
-3.56896E-1	-3.16811E-1	2.99442E+2	1.00004E-4	3.73730E-4	3.73715E+0
-3.69466E-1	-3.29220E-1	2.99443E+2	1.00004E-4	3.73755E-4	3.73739E+0
-3.82211E-1	-3.41605E-1	2.99444E+2	1.00004E-4	3.73714E-4	3.73698E+0
-3.94800E-1	-3.54006E-1	2.99446E+2	1.00004E-4	3.73677E-4	3.73661E+0
-4.07418E-1	-3.64589E-1	2.99444E+2	1.00004E-4	3.73678E-4	3.73662E+0
-4.20022E-1	-3.76047E-1	2.99442E+2	1.00004E-4	3.73717E-4	3.73701E+0
-4.33125E-1	-3.89675E-1	2.99444E+2	1.00004E-4	3.73821E-4	3.73805E+0
-4.44974E-1	-4.02802E-1	2.99443E+2	1.00004E-4	3.73869E-4	3.73853E+0
-4.58256E-1	-4.15943E-1	2.99441E+2	1.00004E-4	3.73869E-4	3.73853E+0
-4.71015E-1	-4.28853E-1	2.99442E+2	1.00004E-4	3.73832E-4	3.73817E+0
-4.83468E-1	-4.41129E-1	2.99441E+2	1.00004E-4	3.73670E-4	3.73654E+0
-4.96341E-1	-4.53320E-1	2.99440E+2	1.00004E-4	3.73703E-4	3.73686E+0
-5.08712E-1	-4.65343E-1	2.99438E+2	1.00004E-4	3.73776E-4	3.73759E+0
-5.21219E-1	-4.77317E-1	2.99437E+2	1.00004E-4	3.73626E-4	3.73609E+0
-5.33624E-1	-4.89359E-1	2.99436E+2	1.00004E-4	3.73580E-4	3.73564E+0
-5.46632E-1	-5.01395E-1	2.99436E+2	1.00004E-4	3.73679E-4	3.73662E+0
-5.59629E-1	-5.13480E-1	2.99434E+2	1.00004E-4	3.73746E-4	3.73730E+0
-5.72324E-1	-5.25553E-1	2.99431E+2	1.00004E-4	3.73786E-4	3.73770E+0
-5.84914E-1	-5.37578E-1	2.99428E+2	1.00004E-4	3.73790E-4	3.73774E+0
-5.96905E-1	-5.49648E-1	2.99425E+2	1.00004E-4	3.73815E-4	3.73799E+0
-6.09885E-1	-5.61780E-1	2.99425E+2	1.00004E-4	3.73823E-4	3.73807E+0
-6.22578E-1	-5.73906E-1	2.99425E+2	1.00004E-4	3.73761E-4	3.73746E+0
-6.35264E-1	-5.86021E-1	2.99422E+2	1.00004E-4	3.73816E-4	3.73800E+0
-6.48303E-1	-5.98156E-1	2.99420E+2	1.00004E-4	3.73844E-4	3.73828E+0
-6.60607E-1	-6.10384E-1	2.99417E+2	1.00004E-4	3.73694E-4	3.73678E+0
-6.73115E-1	-6.22545E-1	2.99416E+2	1.00004E-4	3.73619E-4	3.73603E+0
-6.86007E-1	-6.34654E-1	2.99415E+2	1.00004E-4	3.73632E-4	3.73616E+0
-6.98542E-1	-6.46783E-1	2.99414E+2	1.00004E-4	3.73657E-4	3.73642E+0
-7.11462E-1	-6.58974E-1	2.99412E+2	1.00004E-4	3.73717E-4	3.73701E+0
-7.24496E-1	-6.71096E-1	2.99410E+2	1.00004E-4	3.73770E-4	3.73754E+0
-7.36738E-1	-6.83198E-1	2.99407E+2	1.00004E-4	3.73802E-4	3.73787E+0
-7.49154E-1	-6.95416E-1	2.99404E+2	1.00004E-4	3.73717E-4	3.73701E+0
-7.62064E-1	-7.07575E-1	2.99404E+2	1.00005E-4	3.73743E-4	3.73726E+0
-7.74264E-1	-7.19693E-1	2.99403E+2	1.00004E-4	3.73836E-4	3.73820E+0
-7.87044E-1	-7.31878E-1	2.99403E+2	1.00004E-4	3.73704E-4	3.73689E+0
-8.00090E-1	-7.44160E-1	2.99402E+2	1.00004E-4	3.73657E-4	3.73641E+0
-8.12869E-1	-7.56502E-1	2.99401E+2	1.00004E-4	3.73832E-4	3.73815E+0
-8.25622E-1	-7.68695E-1	2.99400E+2	1.00004E-4	3.73762E-4	3.73745E+0
-8.38223E-1	-7.80942E-1	2.99399E+2	1.00004E-4	3.73706E-4	3.73690E+0
-8.50853E-1	-7.93283E-1	2.99397E+2	1.00004E-4	3.73846E-4	3.73830E+0
-8.63553E-1	-8.05434E-1	2.99396E+2	1.00004E-4	3.73867E-4	3.73851E+0
-8.75657E-1	-8.17765E-1	2.99395E+2	1.00004E-4	3.73835E-4	3.73820E+0
-8.88298E-1	-8.30240E-1	2.99393E+2	1.00004E-4	3.73774E-4	3.73758E+0
-9.01300E-1	-8.42617E-1	2.99390E+2	1.00004E-4	3.73838E-4	3.73822E+0
-9.13878E-1	-8.54975E-1	2.99389E+2	1.00004E-4	3.73859E-4	3.73843E+0
-9.26767E-1	-8.67285E-1	2.99389E+2	1.00004E-4	3.73844E-4	3.73828E+0
-9.39600E-1	-8.79764E-1	2.99388E+2	1.00004E-4	3.73814E-4	3.73798E+0
-9.52037E-1	-8.92360E-1	2.99385E+2	1.00004E-4	3.73727E-4	3.73711E+0
-9.64287E-1	-9.04823E-1	2.99385E+2	1.00004E-4	3.73702E-4	3.73686E+0
-9.76855E-1	-9.17429E-1	2.99384E+2	1.00004E-4	3.73762E-4	3.73746E+0
-9.89747E-1	-9.30183E-1	2.99381E+2	1.00004E-4	3.73752E-4	3.73735E+0
-9.98341E-1	-9.42273E-1	2.99380E+2	1.00004E-4	3.73727E-4	3.73710E+0
-1.00073E+0	-9.51807E-1	2.99379E+2	1.00004E-4	3.73779E-4	3.73763E+0
-1.00025E+0	-9.58337E-1	2.99378E+2	1.00004E-4	3.73669E-4	3.73652E+0
-1.00004E+0	-9.62497E-1	2.99377E+2	1.00004E-4	3.73523E-4	3.73507E+0
-1.00033E+0	-9.64736E-1	2.99375E+2	1.00004E-4	3.73541E-4	3.73525E+0
-1.00052E+0	-9.65814E-1	2.99375E+2	1.00004E-4	3.73536E-4	3.73519E+0
-9.92422E-1	-9.66217E-1	2.99374E+2	1.00004E-4	3.73666E-4	3.73650E+0
-9.81729E-1	-9.65955E-1	2.99372E+2	1.00004E-4	3.73888E-4	3.73873E+0
-9.69021E-1	-9.64657E-1	2.99370E+2	1.00004E-4	3.73705E-4	3.73689E+0
-9.56483E-1	-9.60257E-1	2.99369E+2	1.00004E-4	3.73534E-4	3.73518E+0
-9.43459E-1	-9.50455E-1	2.99367E+2	1.00004E-4	3.73583E-4	3.73567E+0
-9.30735E-1	-9.37289E-1	2.99368E+2	1.00004E-4	3.73533E-4	3.73517E+0
-9.18606E-1	-9.23481E-1	2.99368E+2	1.00004E-4	3.73488E-4	3.73472E+0
-9.06054E-1	-9.09968E-1	2.99365E+2	1.00004E-4	3.73582E-4	3.73567E+0
-8.93189E-1	-8.96961E-1	2.99365E+2	1.00004E-4	3.73582E-4	3.73566E+0
-8.80159E-1	-8.84277E-1	2.99364E+2	1.00004E-4	3.73462E-4	3.73446E+0
-8.68113E-1	-8.71889E-1	2.99362E+2	1.00004E-4	3.73526E-4	3.73510E+0
-8.55077E-1	-8.59506E-1	2.99359E+2	1.00004E-4	3.73584E-4	3.73568E+0
-8.41788E-1	-8.47018E-1	2.99358E+2	1.00004E-4	3.73586E-4	3.73570E+0
-8.29950E-1	-8.34712E-1	2.99358E+2	1.00004E-4	3.73631E-4	3.73615E+0
-8.17009E-1	-8.22391E-1	2.99358E+2	1.00004E-4	3.73635E-4	3.73619E+0
-8.04125E-1	-8.10161E-1	2.99358E+2	1.00004E-4	3.73480E-4	3.73464E+0
-7.91455E-1	-7.98029E-1	2.99358E+2	1.00004E-4	3.73526E-4	3.73510E+0
-7.78617E-1	-7.85791E-1	2.99359E+2	1.00004E-4	3.73645E-4	3.73629E+0
-7.66705E-1	-7.73410E-1	2.99358E+2	1.00004E-4	3.73579E-4	3.73563E+0
-7.54210E-1	-7.61129E-1	2.99357E+2	1.00004E-4	3.73509E-4	3.73493E+0
-7.40981E-1	-7.49030E-1	2.99358E+2	1.00004E-4	3.73555E-4	3.73538E+0
-7.28392E-1	-7.36860E-1	2.99358E+2	1.00004E-4	3.73519E-4	3.73503E+0
-7.16047E-1	-7.24658E-1	2.99358E+2	1.00004E-4	3.73456E-4	3.73440E+0
-7.02486E-1	-7.12386E-1	2.99358E+2	1.00004E-4	3.73503E-4	3.73487E+0
-6.89535E-1	-7.00186E-1	2.99356E+2	1.00004E-4	3.73527E-4	3.73510E+0
-6.77470E-1	-6.88102E-1	2.99357E+2	1.00005E-4	3.73611E-4	3.73595E+0
-6.64795E-1	-6.75849E-1	2.99359E+2	1.00004E-4	3.73648E-4	3.73631E+0
-6.52152E-1	-6.63634E-1	2.99360E+2	1.00004E-4	3.73642E-4	3.73626E+0
-6.39545E-1	-6.51526E-1	2.99360E+2	1.00005E-4	3.73578E-4	3.73561E+0
-6.26902E-1	-6.39430E-1	2.99360E+2	1.00004E-4	3.73508E-4	3.73492E+0
-6.14721E-1	-6.27314E-1	2.99360E+2	1.00005E-4	3.73532E-4	3.73515E+0
-6.02139E-1	-6.15054E-1	2.99362E+2	1.00004E-4	3.73491E-4	3.73474E+0
-5.89159E-1	-6.02906E-1	2.99364E+2	1.00004E-4	3.73587E-4	3.73571E+0
-5.76057E-1	-5.90785E-1	2.99364E+2	1.00004E-4	3.73562E-4	3.73545E+0
-5.63365E-1	-5.78531E-1	2.99365E+2	1.00004E-4	3.73496E-4	3.73480E+0
-5.51081E-1	-5.66464E-1	2.99366E+2	1.00005E-4	3.73609E-4	3.73592E+0
-5.38570E-1	-5.54322E-1	2.99367E+2	1.00004E-4	3.73714E-4	3.73698E+0
-5.25966E-1	-5.42098E-1	2.99367E+2	1.00004E-4	3.73713E-4	3.73697E+0
-5.12910E-1	-5.29974E-1	2.99366E+2	1.00004E-4	3.73703E-4	3.73687E+0
-5.00377E-1	-5.17789E-1	2.99366E+2	1.00004E-4	3.73687E-4	3.73670E+0
-4.87460E-1	-5.05579E-1	2.99367E+2	1.00004E-4	3.73524E-4	3.73508E+0
-4.74945E-1	-4.93362E-1	2.99368E+2	1.00004E-4	3.73490E-4	3.73474E+0
-4.62447E-1	-4.81124E-1	2.99368E+2	1.00004E-4	3.73547E-4	3.73531E+0
-4.49458E-1	-4.68842E-1	2.99367E+2	1.00004E-4	3.73556E-4	3.73540E+0
-4.37082E-1	-4.56651E-1	2.99368E+2	1.00004E-4	3.73576E-4	3.73559E+0
-4.24499E-1	-4.44461E-1	2.99366E+2	1.00004E-4	3.73659E-4	3.73642E+0
-4.12048E-1	-4.32203E-1	2.99367E+2	1.00004E-4	3.73663E-4	3.73647E+0
-3.99437E-1	-4.19892E-1	2.99367E+2	1.00004E-4	3.73580E-4	3.73564E+0
-3.86538E-1	-4.07575E-1	2.99368E+2	1.00004E-4	3.73559E-4	3.73542E+0
-3.73851E-1	-3.95169E-1	2.99370E+2	1.00004E-4	3.73677E-4	3.73661E+0
-3.61298E-1	-3.82879E-1	2.99370E+2	1.00004E-4	3.73708E-4	3.73692E+0
-3.48724E-1	-3.70255E-1	2.99369E+2	1.00004E-4	3.73610E-4	3.73593E+0
-3.35447E-1	-3.57521E-1	2.99369E+2	1.00004E-4	3.73548E-4	3.73531E+0
-3.23101E-1	-3.45086E-1	2.99367E+2	1.00004E-4	3.73591E-4	3.73574E+0
-3.10436E-1	-3.32716E-1	2.99367E+2	1.00004E-4	3.73677E-4	3.73661E+0
-2.97860E-1	-3.20336E-1	2.99367E+2	1.00004E-4	3.73611E-4	3.73595E+0
-2.85319E-1	-3.07966E-1	2.99367E+2	1.00004E-4	3.73490E-4	3.73474E+0
-2.72484E-1	-2.95634E-1	2.99366E+2	1.00004E-4	3.73604E-4	3.73588E+0
-2.59777E-1	-2.83064E-1	2.99365E+2	1.00004E-4	3.73638E-4	3.73621E+0
-2.47098E-1	-2.70582E-1	2.99364E+2	1.00004E-4	3.73588E-4	3.73572E+0
-2.34336E-1	-2.58110E-1	2.99361E+2	1.00004E-4	3.73568E-4	3.73552E+0
-2.21680E-1	-2.45531E-1	2.99362E+2	1.00004E-4	3.73603E-4	3.73588E+0
-2.09024E-1	-2.33009E-1	2.99362E+2	1.00004E-4	3.73621E-4	3.73605E+0
-1.96623E-1	-2.20487E-1	2.99361E+2	1.00004E-4	3.73635E-4	3.73618E+0
-1.83692E-1	-2.07802E-1	2.99360E+2	1.00005E-4	3.73660E-4	3.73643E+0
-1.70862E-1	-1.95138E-1	2.99359E+2	1.00004E-4	3.73673E-4	3.73657E+0
-1.58195E-1	-1.82670E-1	2.99357E+2	1.00004E-4	3.73619E-4	3.73603E+0
-1.45475E-1	-1.70155E-1	2.99357E+2	1.00004E-4	3.73557E-4	3.73541E+0
-1.32865E-1	-1.57534E-1	2.99356E+2	1.00004E-4	3.73605E-4	3.73589E+0
-1.20630E-1	-1.44883E-1	2.99354E+2	1.00004E-4	3.73633E-4	3.73617E+0
-1.08045E-1	-1.32188E-1	2.99356E+2	1.00004E-4	3.73654E-4	3.73638E+0
-9.54846E-2	-1.19544E-1	2.99354E+2	1.00004E-4	3.73685E-4	3.73668E+0
-8.27618E-2	-1.07040E-1	2.99350E+2	1.00004E-4	3.73702E-4	3.73685E+0
-6.99219E-2	-9.44082E-2	2.99351E+2	1.00004E-4	3.73608E-4	3.73592E+0
-5.74962E-2	-8.17095E-2	2.99349E+2	1.00004E-4	3.73514E-4	3.73498E+0
-4.48507E-2	-6.90390E-2	2.99348E+2	1.00004E-4	3.73497E-4	3.73481E+0
-3.16387E-2	-5.63599E-2	2.99348E+2	1.00004E-4	3.73484E-4	3.73467E+0
-1.91958E-2	-4.38121E-2	2.99346E+2	1.00004E-4	3.73562E-4	3.73545E+0
-7.08281E-3	-3.14718E-2	2.99344E+2	1.00004E-4	3.73560E-4	3.73544E+0
-1.29025E-3	-2.03298E-2	2.99344E+2	1.00004E-4	3.73458E-4	3.73442E+0
-6.74488E-4	-1.19636E-2	2.99343E+2	1.00004E-4	3.73487E-4	3.73471E+0
-7.50394E-4	-6.74066E-3	2.99342E+2	1.00004E-4	3.73557E-4	3.73541E+0
-6.31375E-4	-3.85167E-3	2.99341E+2	1.00004E-4	3.73637E-4	3.73620E+0
-8.07487E-4	-2.60650E-3	2.99340E+2	1.00004E-4	3.73643E-4	3.73626E+0
2.92057E-3	-1.82651E-3	2.99338E+2	1.00004E-4	3.73562E-4	3.73546E+0
1.15823E-2	-5.38115E-4	2.99338E+2	1.00004E-4	3.73565E-4	3.73549E+0
2.41952E-2	3.34893E-3	2.99336E+2	1.00004E-4	3.73473E-4	3.73457E+0
3.67494E-2	1.18105E-2	2.99334E+2	1.00004E-4	3.73439E-4	3.73423E+0
4.93647E-2	2.31239E-2	2.99332E+2	1.00004E-4	3.73457E-4	3.73441E+0
6.18058E-2	3.53987E-2	2.99330E+2	1.00004E-4	3.73441E-4	3.73425E+0
7.45655E-2	4.77506E-2	2.99329E+2	1.00005E-4	3.73490E-4	3.73473E+0
8.78129E-2	6.03189E-2	2.99329E+2	1.00004E-4	3.73469E-4	3.73453E+0
1.00164E-1	7.29924E-2	2.99328E+2	1.00004E-4	3.73397E-4	3.73381E+0
1.12907E-1	8.56716E-2	2.99327E+2	1.00004E-4	3.73409E-4	3.73393E+0
1.25438E-1	9.83801E-2	2.99327E+2	1.00004E-4	3.73490E-4	3.73474E+0
1.38009E-1	1.10894E-1	2.99328E+2	1.00004E-4	3.73562E-4	3.73546E+0
1.50956E-1	1.23003E-1	2.99326E+2	1.00004E-4	3.73554E-4	3.73538E+0
1.63563E-1	1.35005E-1	2.99324E+2	1.00004E-4	3.73529E-4	3.73513E+0
1.75915E-1	1.47161E-1	2.99325E+2	1.00004E-4	3.73501E-4	3.73485E+0
1.88573E-1	1.59269E-1	2.99325E+2	1.00004E-4	3.73503E-4	3.73486E+0
2.01185E-1	1.71232E-1	2.99324E+2	1.00004E-4	3.73488E-4	3.73472E+0
2.13464E-1	1.82943E-1	2.99325E+2	1.00004E-4	3.73541E-4	3.73525E+0
2.26361E-1	1.94586E-1	2.99324E+2	1.00004E-4	3.73558E-4	3.73543E+0
2.39433E-1	2.06324E-1	2.99322E+2	1.00004E-4	3.73462E-4	3.73446E+0
2.52235E-1	2.18226E-1	2.99323E+2	1.00004E-4	3.73463E-4	3.73447E+0
2.65095E-1	2.30279E-1	2.99321E+2	1.00004E-4	3.73467E-4	3.73451E+0
2.77608E-1	2.42364E-1	2.99321E+2	1.00004E-4	3.73499E-4	3.73483E+0
2.89928E-1	2.54716E-1	2.99321E+2	1.00004E-4	3.73474E-4	3.73459E+0
3.02638E-1	2.67146E-1	2.99320E+2	1.00004E-4	3.73443E-4	3.73426E+0
3.15947E-1	2.79432E-1	2.99321E+2	1.00004E-4	3.73425E-4	3.73409E+0
3.27991E-1	2.91905E-1	2.99322E+2	1.00004E-4	3.73414E-4	3.73398E+0
3.40613E-1	3.04392E-1	2.99321E+2	1.00004E-4	3.73493E-4	3.73477E+0
3.53622E-1	3.16631E-1	2.99318E+2	1.00004E-4	3.73454E-4	3.73439E+0
3.66457E-1	3.28850E-1	2.99316E+2	1.00004E-4	3.73380E-4	3.73364E+0
3.78831E-1	3.41162E-1	2.99315E+2	1.00004E-4	3.73404E-4	3.73388E+0
3.91086E-1	3.53373E-1	2.99316E+2	1.00004E-4	3.73403E-4	3.73387E+0
4.03812E-1	3.65525E-1	2.99316E+2	1.00004E-4	3.73335E-4	3.73319E+0
4.16334E-1	3.77698E-1	2.99313E+2	1.00004E-4	3.73280E-4	3.73264E+0
4.29299E-1	3.89812E-1	2.99313E+2	1.00004E-4	3.73319E-4	3.73303E+0
4.41836E-1	4.01912E-1	2.99311E+2	1.00004E-4	3.73357E-4	3.73341E+0
4.54805E-1	4.14018E-1	2.99310E+2	1.00004E-4	3.73371E-4	3.73355E+0
4.67133E-1	4.26598E-1	2.99309E+2	1.00004E-4	3.73349E-4	3.73332E+0
4.78855E-1	4.39109E-1	2.99306E+2	1.00004E-4	3.73299E-4	3.73283E+0
4.92013E-1	4.51148E-1	2.99305E+2	1.00004E-4	3.73253E-4	3.73236E+0
5.05205E-1	4.63089E-1	2.99305E+2	1.00004E-4	3.73317E-4	3.73300E+0
5.17907E-1	4.75101E-1	2.99304E+2	1.00004E-4	3.73364E-4	3.73348E+0
5.30501E-1	4.87256E-1	2.99303E+2	1.00004E-4	3.73356E-4	3.73339E+0
5.43332E-1	4.97480E-1	2.99301E+2	1.00004E-4	3.73449E-4	3.73432E+0
5.55818E-1	5.08718E-1	2.99300E+2	1.00004E-4	3.73510E-4	3.73494E+0
5.68051E-1	5.22370E-1	2.99298E+2	1.00004E-4	3.73404E-4	3.73388E+0
5.80993E-1	5.35529E-1	2.99299E+2	1.00004E-4	3.73303E-4	3.73287E+0
5.94056E-1	5.48210E-1	2.99298E+2	1.00004E-4	3.73356E-4	3.73339E+0
6.06683E-1	5.60472E-1	2.99296E+2	1.00004E-4	3.73418E-4	3.73403E+0
6.19621E-1	5.72543E-1	2.99295E+2	1.00004E-4	3.73311E-4	3.73296E+0
6.31580E-1	5.84563E-1	2.99296E+2	1.00004E-4	3.73274E-4	3.73259E+0
6.43982E-1	5.96517E-1	2.99295E+2	1.00004E-4	3.73357E-4	3.73341E+0
6.56686E-1	6.08454E-1	2.99292E+2	1.00004E-4	3.73265E-4	3.73249E+0
6.69982E-1	6.20358E-1	2.99293E+2	1.00004E-4	3.73067E-4	3.73051E+0
6.82297E-1	6.32344E-1	2.99293E+2	1.00004E-4	3.73067E-4	3.73051E+0
6.94986E-1	6.44347E-1	2.99291E+2	1.00004E-4	3.73175E-4	3.73159E+0
7.07783E-1	6.56258E-1	2.99290E+2	1.00004E-4	3.73226E-4	3.73210E+0
7.20140E-1	6.68254E-1	2.99290E+2	1.00004E-4	3.73279E-4	3.73263E+0
7.33006E-1	6.80510E-1	2.99290E+2	1.00004E-4	3.73272E-4	3.73255E+0
7.45898E-1	6.92642E-1	2.99288E+2	1.00005E-4	3.73262E-4	3.73245E+0
7.58780E-1	7.04776E-1	2.99289E+2	1.00004E-4	3.73250E-4	3.73235E+0
7.71864E-1	7.17101E-1	2.99289E+2	1.00004E-4	3.73260E-4	3.73244E+0
7.83978E-1	7.29327E-1	2.99289E+2	1.00004E-4	3.73322E-4	3.73306E+0
7.96553E-1	7.41439E-1	2.99290E+2	1.00004E-4	3.73377E-4	3.73361E+0
8.08959E-1	7.53594E-1	2.99289E+2	1.00004E-4	3.73287E-4	3.73272E+0
8.21579E-1	7.65884E-1	2.99287E+2	1.00004E-4	3.73267E-4	3.73251E+0
8.34463E-1	7.78294E-1	2.99288E+2	1.00004E-4	3.73306E-4	3.73289E+0
8.46402E-1	7.90654E-1	2.99288E+2	1.00004E-4	3.73158E-4	3.73142E+0
8.59580E-1	8.03036E-1	2.99287E+2	1.00004E-4	3.73104E-4	3.73088E+0
8.72457E-1	8.15478E-1	2.99289E+2	1.00004E-4	3.73236E-4	3.73220E+0
8.85387E-1	8.27759E-1	2.99292E+2	1.00004E-4	3.73241E-4	3.73225E+0
8.97860E-1	8.40162E-1	2.99290E+2	1.00004E-4	3.73125E-4	3.73110E+0
9.10339E-1	8.52719E-1	2.99289E+2	1.00004E-4	3.73267E-4	3.73251E+0
9.23079E-1	8.65245E-1	2.99288E+2	1.00004E-4	3.73328E-4	3.73312E+0
9.35383E-1	8.77757E-1	2.99290E+2	1.00004E-4	3.73160E-4	3.73144E+0
9.48117E-1	8.90285E-1	2.99291E+2	1.00004E-4	3.73021E-4	3.73005E+0
9.61173E-1	9.02763E-1	2.99290E+2	1.00004E-4	3.73040E-4	3.73024E+0
9.74033E-1	9.15379E-1	2.99291E+2	1.00004E-4	3.73115E-4	3.73099E+0
9.86804E-1	9.28049E-1	2.99292E+2	1.00004E-4	3.73258E-4	3.73242E+0
9.97444E-1	9.40437E-1	2.99294E+2	1.00004E-4	3.73306E-4	3.73290E+0
1.00082E+0	9.51015E-1	2.99296E+2	1.00004E-4	3.73269E-4	3.73253E+0
1.00100E+0	9.58398E-1	2.99296E+2	1.00004E-4	3.73257E-4	3.73242E+0
1.00074E+0	9.63064E-1	2.99296E+2	1.00004E-4	3.73267E-4	3.73252E+0
1.00023E+0	9.65807E-1	2.99296E+2	1.00004E-4	3.73274E-4	3.73259E+0
1.00036E+0	9.67083E-1	2.99296E+2	1.00004E-4	3.73260E-4	3.73245E+0
9.95783E-1	9.67688E-1	2.99297E+2	1.00004E-4	3.73261E-4	3.73246E+0
9.86516E-1	9.67680E-1	2.99298E+2	1.00004E-4	3.73161E-4	3.73145E+0
9.74030E-1	9.66889E-1	2.99298E+2	1.00004E-4	3.72940E-4	3.72925E+0
9.61040E-1	9.64076E-1	2.99298E+2	1.00004E-4	3.72963E-4	3.72947E+0
9.48620E-1	9.56407E-1	2.99299E+2	1.00004E-4	3.73207E-4	3.73190E+0
9.35781E-1	9.44035E-1	2.99299E+2	1.00004E-4	3.73111E-4	3.73095E+0
9.22860E-1	9.30370E-1	2.99301E+2	1.00004E-4	3.73259E-4	3.73243E+0
9.09921E-1	9.16664E-1	2.99303E+2	1.00004E-4	3.73387E-4	3.73371E+0
8.97685E-1	9.03430E-1	2.99303E+2	1.00004E-4	3.73259E-4	3.73243E+0
8.84588E-1	8.90681E-1	2.99303E+2	1.00004E-4	3.73148E-4	3.73133E+0
8.71621E-1	8.78028E-1	2.99304E+2	1.00004E-4	3.73011E-4	3.72995E+0
8.59712E-1	8.65453E-1	2.99307E+2	1.00004E-4	3.73127E-4	3.73111E+0
8.47341E-1	8.53104E-1	2.99308E+2	1.00004E-4	3.73169E-4	3.73154E+0
8.34839E-1	8.40691E-1	2.99309E+2	1.00004E-4	3.73040E-4	3.73025E+0
8.21581E-1	8.28265E-1	2.99311E+2	1.00004E-4	3.72989E-4	3.72974E+0
8.08680E-1	8.15912E-1	2.99312E+2	1.00004E-4	3.72927E-4	3.72911E+0
7.96027E-1	8.03669E-1	2.99314E+2	1.00004E-4	3.73074E-4	3.73058E+0
7.83579E-1	7.91362E-1	2.99315E+2	1.00004E-4	3.73202E-4	3.73186E+0
7.71354E-1	7.79061E-1	2.99318E+2	1.00004E-4	3.73170E-4	3.73154E+0
7.58169E-1	7.66818E-1	2.99321E+2	1.00004E-4	3.73159E-4	3.73143E+0
7.45756E-1	7.54602E-1	2.99321E+2	1.00004E-4	3.73256E-4	3.73240E+0
7.32936E-1	7.42377E-1	2.99322E+2	1.00004E-4	3.73278E-4	3.73263E+0
7.19887E-1	7.30081E-1	2.99325E+2	1.00004E-4	3.73230E-4	3.73214E+0
7.07450E-1	7.17932E-1	2.99328E+2	1.00004E-4	3.73223E-4	3.73207E+0
6.94451E-1	7.05798E-1	2.99331E+2	1.00004E-4	3.73251E-4	3.73235E+0
6.82051E-1	6.93576E-1	2.99331E+2	1.00004E-4	3.73251E-4	3.73235E+0
6.69241E-1	6.81348E-1	2.99333E+2	1.00004E-4	3.73269E-4	3.73253E+0
6.56572E-1	6.69206E-1	2.99336E+2	1.00004E-4	3.73354E-4	3.73338E+0
6.44425E-1	6.57169E-1	2.99339E+2	1.00004E-4	3.73274E-4	3.73258E+0
6.31925E-1	6.45071E-1	2.99343E+2	1.00004E-4	3.73240E-4	3.73224E+0
6.19033E-1	6.32934E-1	2.99346E+2	1.00004E-4	3.73261E-4	3.73245E+0
6.05901E-1	6.20768E-1	2.99350E+2	1.00004E-4	3.73336E-4	3.73321E+0
5.93807E-1	6.08617E-1	2.99352E+2	1.00004E-4	3.73373E-4	3.73357E+0
5.81176E-1	5.96491E-1	2.99352E+2	1.00004E-4	3.73342E-4	3.73326E+0
5.68332E-1	5.84379E-1	2.99354E+2	1.00004E-4	3.73335E-4	3.73320E+0
5.55783E-1	5.72271E-1	2.99358E+2	1.00004E-4	3.73344E-4	3.73328E+0
5.42945E-1	5.60258E-1	2.99361E+2	1.00004E-4	3.73313E-4	3.73297E+0
5.30074E-1	5.48200E-1	2.99363E+2	1.00004E-4	3.73329E-4	3.73313E+0
5.17688E-1	5.36058E-1	2.99365E+2	1.00004E-4	3.73372E-4	3.73356E+0
5.05432E-1	5.24043E-1	2.99368E+2	1.00004E-4	3.73397E-4	3.73381E+0
4.92366E-1	5.12004E-1	2.99369E+2	1.00004E-4	3.73396E-4	3.73380E+0
4.79297E-1	4.99829E-1	2.99371E+2	1.00004E-4	3.73313E-4	3.73297E+0
4.67245E-1	4.87725E-1	2.99374E+2	1.00004E-4	3.73258E-4	3.73242E+0
4.54609E-1	4.75609E-1	2.99375E+2	1.00004E-4	3.73220E-4	3.73204E+0
4.41864E-1	4.63493E-1	2.99377E+2	1.00004E-4	3.73232E-4	3.73216E+0
4.28817E-1	4.51461E-1	2.99378E+2	1.00004E-4	3.73324E-4	3.73308E+0
4.16550E-1	4.39304E-1	2.99379E+2	1.00004E-4	3.73370E-4	3.73354E+0
4.04368E-1	4.27119E-1	2.99380E+2	1.00004E-4	3.73327E-4	3.73311E+0
3.91267E-1	4.14896E-1	2.99383E+2	1.00004E-4	3.73292E-4	3.73276E+0
3.78456E-1	4.02758E-1	2.99386E+2	1.00004E-4	3.73362E-4	3.73346E+0
3.64945E-1	3.90583E-1	2.99386E+2	1.00004E-4	3.73366E-4	3.73349E+0
3.52518E-1	3.78347E-1	2.99385E+2	1.00004E-4	3.73301E-4	3.73285E+0
3.40686E-1	3.65935E-1	2.99387E+2	1.00004E-4	3.73275E-4	3.73259E+0
3.27714E-1	3.53464E-1	2.99388E+2	1.00004E-4	3.73288E-4	3.73272E+0
3.15066E-1	3.41230E-1	2.99389E+2	1.00004E-4	3.73264E-4	3.73248E+0
3.02730E-1	3.28927E-1	2.99390E+2	1.00004E-4	3.73280E-4	3.73263E+0
2.89976E-1	3.16576E-1	2.99390E+2	1.00004E-4	3.73265E-4	3.73248E+0
2.77387E-1	3.04385E-1	2.99392E+2	1.00004E-4	3.73222E-4	3.73206E+0
2.64723E-1	2.92091E-1	2.99392E+2	1.00004E-4	3.73301E-4	3.73285E+0
2.51508E-1	2.79711E-1	2.99393E+2	1.00004E-4	3.73360E-4	3.73344E+0
2.39120E-1	2.67340E-1	2.99392E+2	1.00004E-4	3.73324E-4	3.73308E+0
2.26123E-1	2.55009E-1	2.99392E+2	1.00004E-4	3.73294E-4	3.73279E+0
2.13605E-1	2.42690E-1	2.99393E+2	1.00004E-4	3.73387E-4	3.73371E+0
2.01416E-1	2.30200E-1	2.99394E+2	1.00004E-4	3.73345E-4	3.73329E+0
1.88818E-1	2.17704E-1	2.99395E+2	1.00004E-4	3.73341E-4	3.73324E+0
1.76090E-1	2.05339E-1	2.99393E+2	1.00004E-4	3.73382E-4	3.73366E+0
1.63121E-1	1.92865E-1	2.99394E+2	1.00004E-4	3.73423E-4	3.73407E+0
1.50365E-1	1.80367E-1	2.99394E+2	1.00004E-4	3.73427E-4	3.73411E+0
1.37677E-1	1.67979E-1	2.99391E+2	1.00004E-4	3.73389E-4	3.73373E+0
1.25556E-1	1.55469E-1	2.99392E+2	1.00004E-4	3.73366E-4	3.73350E+0
1.13525E-1	1.42806E-1	2.99392E+2	1.00004E-4	3.73396E-4	3.73379E+0
1.00082E-1	1.30163E-1	2.99392E+2	1.00004E-4	3.73436E-4	3.73420E+0
8.70798E-2	1.17879E-1	2.99392E+2	1.00004E-4	3.73376E-4	3.73359E+0
7.45140E-2	1.05551E-1	2.99392E+2	1.00004E-4	3.73313E-4	3.73297E+0
6.22635E-2	9.29442E-2	2.99391E+2	1.00004E-4	3.73398E-4	3.73382E+0
4.97424E-2	8.03760E-2	2.99392E+2	1.00004E-4	3.73435E-4	3.73419E+0
3.68240E-2	6.77978E-2	2.99391E+2	1.00004E-4	3.73346E-4	3.73330E+0
2.39606E-2	5.53404E-2	2.99390E+2	1.00004E-4	3.73262E-4	3.73246E+0
1.16509E-2	4.31281E-2	2.99389E+2	1.00004E-4	3.73201E-4	3.73184E+0
3.03302E-3	3.12735E-2	2.99390E+2	1.00004E-4	3.73262E-4	3.73245E+0
9.50000E-4	2.15528E-2	2.99389E+2	1.00004E-4	3.73374E-4	3.73359E+0
6.71866E-4	1.51059E-2	2.99385E+2	1.00004E-4	3.73421E-4	3.73405E+0
1.06857E-3	1.15221E-2	2.99384E+2	1.00004E-4	3.73379E-4	3.73363E+0
