B_digital_(T)	B_analog_(T)	T_sample_(K)	I_s	V_nv	R_nv
4.70000E-4	-3.07500E-3	2.99376E+2	9.99987E-5	-5.63723E-5	-5.63731E-1
1.33925E-3	-3.06298E-3	2.99377E+2	9.99988E-5	-5.63413E-5	-5.63420E-1
1.42213E-2	-2.57320E-3	2.99379E+2	9.99989E-5	-5.63402E-5	-5.63408E-1
3.39159E-2	6.72594E-4	2.99380E+2	9.99989E-5	-5.63789E-5	-5.63796E-1
5.28282E-2	1.19404E-2	2.99380E+2	9.99988E-5	-5.63917E-5	-5.63924E-1
7.24302E-2	3.01505E-2	2.99382E+2	9.99988E-5	-5.63950E-5	-5.63957E-1
9.23624E-2	5.02713E-2	2.99382E+2	9.99987E-5	-5.63836E-5	-5.63844E-1
1.11829E-1	7.04702E-2	2.99383E+2	9.99988E-5	-5.64085E-5	-5.64092E-1
1.31110E-1	9.05002E-2	2.99385E+2	9.99989E-5	-5.64339E-5	-5.64345E-1
1.51099E-1	1.10484E-1	2.99386E+2	9.99988E-5	-5.64607E-5	-5.64614E-1
1.70541E-1	1.30230E-1	2.99387E+2	9.99987E-5	-5.64604E-5	-5.64611E-1
1.90108E-1	1.49910E-1	2.99386E+2	9.99987E-5	-5.64488E-5	-5.64495E-1
2.09471E-1	1.69692E-1	2.99388E+2	9.99987E-5	-5.64675E-5	-5.64682E-1
2.28215E-1	1.89354E-1	2.99387E+2	9.99988E-5	-5.64626E-5	-5.64633E-1
2.48374E-1	2.09014E-1	2.99384E+2	9.99987E-5	-5.65133E-5	-5.65140E-1
2.68348E-1	2.28487E-1	2.99381E+2	9.99987E-5	-5.65439E-5	-5.65446E-1
2.87526E-1	2.47689E-1	2.99379E+2	9.99988E-5	-5.65346E-5	-5.65353E-1
3.06563E-1	2.66828E-1	2.99375E+2	9.99988E-5	-5.65128E-5	-5.65135E-1
3.26852E-1	2.85900E-1	2.99368E+2	9.99989E-5	-5.64672E-5	-5.64678E-1
3.46605E-1	3.04725E-1	2.99361E+2	9.99988E-5	-5.65405E-5	-5.65412E-1
3.65640E-1	3.23330E-1	2.99354E+2	9.99988E-5	-5.65346E-5	-5.65353E-1
3.85244E-1	3.41799E-1	2.99345E+2	9.99988E-5	-5.63972E-5	-5.63979E-1
4.04972E-1	3.60135E-1	2.99333E+2	9.99987E-5	-5.63719E-5	-5.63726E-1
4.24499E-1	3.78344E-1	2.99322E+2	9.99987E-5	-5.64412E-5	-5.64419E-1
4.43711E-1	3.96892E-1	2.99309E+2	9.99988E-5	-5.64773E-5	-5.64780E-1
4.63020E-1	4.16085E-1	2.99293E+2	9.99988E-5	-5.65014E-5	-5.65021E-1
4.82536E-1	4.35208E-1	2.99274E+2	9.99988E-5	-5.64988E-5	-5.64995E-1
5.01820E-1	4.53867E-1	2.99254E+2	9.99987E-5	-5.64531E-5	-5.64539E-1
5.21141E-1	4.72557E-1	2.99233E+2	9.99987E-5	-5.64690E-5	-5.64697E-1
5.40649E-1	4.91436E-1	2.99211E+2	9.99988E-5	-5.64935E-5	-5.64942E-1
5.60394E-1	5.10278E-1	2.99184E+2	9.99988E-5	-5.64246E-5	-5.64253E-1
5.80557E-1	5.29103E-1	2.99156E+2	9.99988E-5	-5.63865E-5	-5.63872E-1
5.99240E-1	5.47628E-1	2.99128E+2	9.99987E-5	-5.63059E-5	-5.63066E-1
6.18311E-1	5.66121E-1	2.99094E+2	9.99988E-5	-5.62928E-5	-5.62934E-1
6.38503E-1	5.84815E-1	2.99059E+2	9.99989E-5	-5.61855E-5	-5.61861E-1
6.57970E-1	6.03541E-1	2.99023E+2	9.99988E-5	-5.61339E-5	-5.61346E-1
6.77603E-1	6.22457E-1	2.98984E+2	9.99989E-5	-5.62294E-5	-5.62300E-1
6.97328E-1	6.41087E-1	2.98941E+2	9.99988E-5	-5.61971E-5	-5.61978E-1
7.16577E-1	6.59634E-1	2.98895E+2	9.99987E-5	-5.61893E-5	-5.61900E-1
7.36175E-1	6.78426E-1	2.98847E+2	9.99987E-5	-5.60401E-5	-5.60408E-1
7.55602E-1	6.97214E-1	2.98797E+2	9.99989E-5	-5.58879E-5	-5.58886E-1
7.75165E-1	7.16090E-1	2.98744E+2	9.99988E-5	-5.58505E-5	-5.58511E-1
7.94629E-1	7.35056E-1	2.98687E+2	9.99987E-5	-5.58898E-5	-5.58905E-1
8.14175E-1	7.54028E-1	2.98627E+2	9.99988E-5	-5.58705E-5	-5.58711E-1
8.34184E-1	7.73086E-1	2.98564E+2	9.99988E-5	-5.57852E-5	-5.57859E-1
8.53964E-1	7.92086E-1	2.98498E+2	9.99989E-5	-5.57848E-5	-5.57855E-1
8.73227E-1	8.11054E-1	2.98430E+2	9.99988E-5	-5.58102E-5	-5.58108E-1
8.92600E-1	8.30386E-1	2.98359E+2	9.99987E-5	-5.57448E-5	-5.57455E-1
9.12438E-1	8.49638E-1	2.98285E+2	9.99987E-5	-5.56312E-5	-5.56319E-1
9.31477E-1	8.68916E-1	2.98208E+2	9.99988E-5	-5.55821E-5	-5.55828E-1
9.50964E-1	8.88398E-1	2.98127E+2	9.99988E-5	-5.54992E-5	-5.54998E-1
9.70630E-1	9.07792E-1	2.98042E+2	9.99989E-5	-5.51962E-5	-5.51968E-1
9.89832E-1	9.27548E-1	2.97956E+2	9.99988E-5	-5.51155E-5	-5.51162E-1
1.00949E+0	9.47447E-1	2.97866E+2	9.99989E-5	-5.53189E-5	-5.53195E-1
1.02985E+0	9.67223E-1	2.97771E+2	9.99989E-5	-5.52403E-5	-5.52409E-1
1.04877E+0	9.86855E-1	2.97675E+2	9.99988E-5	-5.51465E-5	-5.51471E-1
1.06812E+0	1.00651E+0	2.97575E+2	9.99988E-5	-5.52464E-5	-5.52470E-1
1.08749E+0	1.02593E+0	2.97473E+2	9.99989E-5	-5.51023E-5	-5.51029E-1
1.10744E+0	1.04514E+0	2.97374E+2	9.99988E-5	-5.50452E-5	-5.50458E-1
1.12723E+0	1.06431E+0	2.97278E+2	9.99987E-5	-5.51439E-5	-5.51446E-1
1.14650E+0	1.08330E+0	2.97187E+2	9.99987E-5	-5.52450E-5	-5.52457E-1
1.16623E+0	1.10217E+0	2.97101E+2	9.99987E-5	-5.52762E-5	-5.52769E-1
1.18588E+0	1.12103E+0	2.97017E+2	9.99987E-5	-5.53423E-5	-5.53431E-1
1.20506E+0	1.14019E+0	2.96936E+2	9.99987E-5	-5.53709E-5	-5.53716E-1
1.22469E+0	1.15922E+0	2.96855E+2	9.99988E-5	-5.52805E-5	-5.52812E-1
1.24436E+0	1.17820E+0	2.96775E+2	9.99988E-5	-5.51265E-5	-5.51271E-1
1.26318E+0	1.19730E+0	2.96700E+2	9.99987E-5	-5.52214E-5	-5.52221E-1
1.28275E+0	1.21630E+0	2.96634E+2	9.99987E-5	-5.53080E-5	-5.53087E-1
1.30246E+0	1.23522E+0	2.96575E+2	9.99988E-5	-5.53843E-5	-5.53849E-1
1.32174E+0	1.25416E+0	2.96522E+2	9.99988E-5	-5.55667E-5	-5.55674E-1
1.34171E+0	1.27318E+0	2.96475E+2	9.99987E-5	-5.56990E-5	-5.56997E-1
1.36069E+0	1.29222E+0	2.96433E+2	9.99987E-5	-5.55616E-5	-5.55623E-1
1.38044E+0	1.31143E+0	2.96399E+2	9.99988E-5	-5.55002E-5	-5.55009E-1
1.40080E+0	1.33064E+0	2.96371E+2	9.99988E-5	-5.57080E-5	-5.57086E-1
1.41970E+0	1.34976E+0	2.96349E+2	9.99988E-5	-5.58383E-5	-5.58390E-1
1.43898E+0	1.36909E+0	2.96334E+2	9.99988E-5	-5.58415E-5	-5.58421E-1
1.45899E+0	1.38812E+0	2.96324E+2	9.99988E-5	-5.58750E-5	-5.58757E-1
1.47806E+0	1.40724E+0	2.96320E+2	9.99988E-5	-5.58981E-5	-5.58987E-1
1.49789E+0	1.42657E+0	2.96322E+2	9.99988E-5	-5.58835E-5	-5.58841E-1
1.51682E+0	1.44563E+0	2.96327E+2	9.99988E-5	-5.60280E-5	-5.60287E-1
1.53648E+0	1.46470E+0	2.96336E+2	9.99988E-5	-5.61889E-5	-5.61895E-1
1.55631E+0	1.48373E+0	2.96352E+2	9.99988E-5	-5.63628E-5	-5.63635E-1
1.57584E+0	1.50282E+0	2.96372E+2	9.99988E-5	-5.62901E-5	-5.62908E-1
1.59509E+0	1.52207E+0	2.96396E+2	9.99986E-5	-5.61909E-5	-5.61916E-1
1.61511E+0	1.54111E+0	2.96423E+2	9.99986E-5	-5.63135E-5	-5.63143E-1
1.63422E+0	1.56010E+0	2.96454E+2	9.99987E-5	-5.62394E-5	-5.62401E-1
1.65381E+0	1.57931E+0	2.96489E+2	9.99987E-5	-5.63333E-5	-5.63340E-1
1.67399E+0	1.59838E+0	2.96526E+2	9.99987E-5	-5.64760E-5	-5.64767E-1
1.69332E+0	1.61742E+0	2.96567E+2	9.99987E-5	-5.64895E-5	-5.64902E-1
1.71238E+0	1.63661E+0	2.96610E+2	9.99986E-5	-5.65795E-5	-5.65803E-1
1.73224E+0	1.65569E+0	2.96655E+2	9.99987E-5	-5.66401E-5	-5.66408E-1
1.75146E+0	1.67485E+0	2.96705E+2	9.99988E-5	-5.66145E-5	-5.66152E-1
1.77103E+0	1.69409E+0	2.96756E+2	9.99988E-5	-5.66025E-5	-5.66032E-1
1.79020E+0	1.71327E+0	2.96807E+2	9.99988E-5	-5.67153E-5	-5.67160E-1
1.80942E+0	1.73259E+0	2.96859E+2	9.99987E-5	-5.67639E-5	-5.67646E-1
1.82995E+0	1.75170E+0	2.96914E+2	9.99987E-5	-5.67668E-5	-5.67675E-1
1.84921E+0	1.77067E+0	2.96971E+2	9.99987E-5	-5.67710E-5	-5.67717E-1
1.86852E+0	1.79002E+0	2.97031E+2	9.99988E-5	-5.69059E-5	-5.69066E-1
1.88879E+0	1.80923E+0	2.97091E+2	9.99989E-5	-5.70420E-5	-5.70426E-1
1.90800E+0	1.82852E+0	2.97150E+2	9.99989E-5	-5.71362E-5	-5.71369E-1
1.92724E+0	1.84786E+0	2.97212E+2	9.99988E-5	-5.70373E-5	-5.70380E-1
1.94710E+0	1.86696E+0	2.97277E+2	9.99988E-5	-5.71551E-5	-5.71558E-1
1.96580E+0	1.88608E+0	2.97341E+2	9.99988E-5	-5.72063E-5	-5.72070E-1
1.98554E+0	1.90530E+0	2.97404E+2	9.99988E-5	-5.70305E-5	-5.70312E-1
1.99851E+0	1.92343E+0	2.97467E+2	9.99988E-5	-5.70250E-5	-5.70257E-1
2.00200E+0	1.93718E+0	2.97533E+2	9.99987E-5	-5.70399E-5	-5.70406E-1
2.00200E+0	1.94574E+0	2.97600E+2	9.99988E-5	-5.70555E-5	-5.70562E-1
2.00137E+0	1.95071E+0	2.97664E+2	9.99988E-5	-5.70451E-5	-5.70458E-1
2.00180E+0	1.95366E+0	2.97726E+2	9.99987E-5	-5.69734E-5	-5.69742E-1
2.00158E+0	1.95515E+0	2.97791E+2	9.99987E-5	-5.71211E-5	-5.71218E-1
1.99161E+0	1.95566E+0	2.97857E+2	9.99988E-5	-5.72333E-5	-5.72340E-1
1.97590E+0	1.95514E+0	2.97918E+2	9.99988E-5	-5.72865E-5	-5.72872E-1
1.95593E+0	1.95066E+0	2.97976E+2	9.99988E-5	-5.72966E-5	-5.72973E-1
1.93724E+0	1.93905E+0	2.98036E+2	9.99987E-5	-5.71417E-5	-5.71424E-1
1.91773E+0	1.92192E+0	2.98097E+2	9.99987E-5	-5.71987E-5	-5.71994E-1
1.89702E+0	1.90328E+0	2.98159E+2	9.99987E-5	-5.71204E-5	-5.71211E-1
1.87822E+0	1.88444E+0	2.98218E+2	9.99987E-5	-5.71288E-5	-5.71295E-1
1.85922E+0	1.86511E+0	2.98278E+2	9.99987E-5	-5.70960E-5	-5.70967E-1
1.83947E+0	1.84554E+0	2.98340E+2	9.99988E-5	-5.68260E-5	-5.68267E-1
1.82024E+0	1.82614E+0	2.98403E+2	9.99988E-5	-5.69547E-5	-5.69555E-1
1.80044E+0	1.80680E+0	2.98467E+2	9.99987E-5	-5.70370E-5	-5.70377E-1
1.78077E+0	1.78764E+0	2.98529E+2	9.99987E-5	-5.71013E-5	-5.71021E-1
1.76120E+0	1.76834E+0	2.98591E+2	9.99987E-5	-5.71759E-5	-5.71767E-1
1.74167E+0	1.74913E+0	2.98653E+2	9.99988E-5	-5.71761E-5	-5.71768E-1
1.72290E+0	1.73010E+0	2.98718E+2	9.99988E-5	-5.73714E-5	-5.73721E-1
1.70290E+0	1.71103E+0	2.98782E+2	9.99987E-5	-5.73930E-5	-5.73937E-1
1.68285E+0	1.69195E+0	2.98843E+2	9.99988E-5	-5.72626E-5	-5.72633E-1
1.66416E+0	1.67293E+0	2.98904E+2	9.99988E-5	-5.72978E-5	-5.72985E-1
1.64449E+0	1.65400E+0	2.98966E+2	9.99988E-5	-5.74048E-5	-5.74055E-1
1.62484E+0	1.63491E+0	2.99028E+2	9.99988E-5	-5.73840E-5	-5.73848E-1
1.60552E+0	1.61562E+0	2.99089E+2	9.99988E-5	-5.72380E-5	-5.72387E-1
1.58554E+0	1.59643E+0	2.99150E+2	9.99988E-5	-5.71545E-5	-5.71552E-1
1.56604E+0	1.57753E+0	2.99210E+2	9.99988E-5	-5.72189E-5	-5.72195E-1
1.54694E+0	1.55866E+0	2.99268E+2	9.99988E-5	-5.74145E-5	-5.74152E-1
1.52686E+0	1.53964E+0	2.99327E+2	9.99986E-5	-5.75671E-5	-5.75679E-1
1.50751E+0	1.52046E+0	2.99383E+2	9.99987E-5	-5.75468E-5	-5.75475E-1
1.48826E+0	1.50124E+0	2.99436E+2	9.99989E-5	-5.74334E-5	-5.74341E-1
1.46797E+0	1.48217E+0	2.99487E+2	9.99989E-5	-5.73152E-5	-5.73158E-1
1.44887E+0	1.46321E+0	2.99538E+2	9.99988E-5	-5.73269E-5	-5.73276E-1
1.42941E+0	1.44418E+0	2.99589E+2	9.99988E-5	-5.72812E-5	-5.72819E-1
1.40928E+0	1.42502E+0	2.99638E+2	9.99988E-5	-5.73507E-5	-5.73514E-1
1.39043E+0	1.40582E+0	2.99683E+2	9.99989E-5	-5.75119E-5	-5.75126E-1
1.37086E+0	1.38672E+0	2.99727E+2	9.99988E-5	-5.74348E-5	-5.74355E-1
1.35152E+0	1.36757E+0	2.99767E+2	9.99988E-5	-5.73031E-5	-5.73038E-1
1.33217E+0	1.34847E+0	2.99804E+2	9.99988E-5	-5.73754E-5	-5.73761E-1
1.31225E+0	1.32939E+0	2.99842E+2	9.99988E-5	-5.75008E-5	-5.75015E-1
1.29271E+0	1.31029E+0	2.99879E+2	9.99987E-5	-5.73943E-5	-5.73950E-1
1.27337E+0	1.29123E+0	2.99912E+2	9.99986E-5	-5.72363E-5	-5.72371E-1
1.25356E+0	1.27219E+0	2.99943E+2	9.99987E-5	-5.72252E-5	-5.72260E-1
1.23442E+0	1.25312E+0	2.99972E+2	9.99988E-5	-5.72382E-5	-5.72389E-1
1.21529E+0	1.23429E+0	2.99999E+2	9.99988E-5	-5.71902E-5	-5.71909E-1
1.19471E+0	1.21518E+0	3.00025E+2	9.99987E-5	-5.70730E-5	-5.70737E-1
1.17546E+0	1.19589E+0	3.00047E+2	9.99987E-5	-5.71385E-5	-5.71392E-1
1.15670E+0	1.17691E+0	3.00067E+2	9.99988E-5	-5.72745E-5	-5.72752E-1
1.13591E+0	1.15775E+0	3.00087E+2	9.99988E-5	-5.73175E-5	-5.73182E-1
1.11665E+0	1.13858E+0	3.00107E+2	9.99988E-5	-5.71983E-5	-5.71990E-1
1.09726E+0	1.11966E+0	3.00124E+2	9.99987E-5	-5.71038E-5	-5.71045E-1
1.07770E+0	1.10058E+0	3.00138E+2	9.99988E-5	-5.70362E-5	-5.70369E-1
1.05832E+0	1.08161E+0	3.00152E+2	9.99988E-5	-5.70397E-5	-5.70403E-1
1.03862E+0	1.06251E+0	3.00163E+2	9.99986E-5	-5.71428E-5	-5.71436E-1
1.01940E+0	1.04327E+0	3.00173E+2	9.99986E-5	-5.71767E-5	-5.71774E-1
1.00005E+0	1.02427E+0	3.00182E+2	9.99987E-5	-5.70207E-5	-5.70214E-1
9.79916E-1	1.00492E+0	3.00191E+2	9.99987E-5	-5.69466E-5	-5.69473E-1
9.61010E-1	9.85137E-1	3.00198E+2	9.99988E-5	-5.69998E-5	-5.70005E-1
9.41695E-1	9.65022E-1	3.00203E+2	9.99988E-5	-5.69192E-5	-5.69199E-1
9.21485E-1	9.45055E-1	3.00207E+2	9.99988E-5	-5.69824E-5	-5.69831E-1
9.02036E-1	9.25488E-1	3.00209E+2	9.99987E-5	-5.69880E-5	-5.69887E-1
8.82335E-1	9.05919E-1	3.00212E+2	9.99988E-5	-5.68028E-5	-5.68035E-1
8.63320E-1	8.86192E-1	3.00212E+2	9.99988E-5	-5.67889E-5	-5.67895E-1
8.44133E-1	8.66559E-1	3.00213E+2	9.99988E-5	-5.69089E-5	-5.69096E-1
8.23904E-1	8.47163E-1	3.00212E+2	9.99988E-5	-5.70846E-5	-5.70853E-1
8.04426E-1	8.27938E-1	3.00212E+2	9.99988E-5	-5.69329E-5	-5.69336E-1
7.85341E-1	8.08754E-1	3.00210E+2	9.99987E-5	-5.67118E-5	-5.67125E-1
7.65823E-1	7.89604E-1	3.00206E+2	9.99986E-5	-5.68675E-5	-5.68682E-1
7.46561E-1	7.70532E-1	3.00202E+2	9.99987E-5	-5.68718E-5	-5.68725E-1
7.27233E-1	7.51425E-1	3.00197E+2	9.99988E-5	-5.68012E-5	-5.68019E-1
7.06939E-1	7.32347E-1	3.00194E+2	9.99988E-5	-5.67326E-5	-5.67333E-1
6.87579E-1	7.13404E-1	3.00189E+2	9.99988E-5	-5.67173E-5	-5.67180E-1
6.68337E-1	6.94311E-1	3.00182E+2	9.99987E-5	-5.67432E-5	-5.67439E-1
6.49241E-1	6.75333E-1	3.00175E+2	9.99987E-5	-5.67194E-5	-5.67201E-1
6.29215E-1	6.56510E-1	3.00167E+2	9.99989E-5	-5.67612E-5	-5.67618E-1
6.09398E-1	6.37698E-1	3.00159E+2	9.99988E-5	-5.67070E-5	-5.67077E-1
5.90342E-1	6.18899E-1	3.00151E+2	9.99987E-5	-5.67047E-5	-5.67054E-1
5.70756E-1	6.00034E-1	3.00145E+2	9.99989E-5	-5.66320E-5	-5.66326E-1
5.50868E-1	5.81052E-1	3.00137E+2	9.99988E-5	-5.64937E-5	-5.64944E-1
5.31337E-1	5.62211E-1	3.00126E+2	9.99988E-5	-5.65670E-5	-5.65677E-1
5.12307E-1	5.43398E-1	3.00116E+2	9.99988E-5	-5.65772E-5	-5.65778E-1
4.92515E-1	5.24574E-1	3.00107E+2	9.99989E-5	-5.65942E-5	-5.65948E-1
4.73068E-1	5.05903E-1	3.00096E+2	9.99989E-5	-5.65711E-5	-5.65717E-1
4.53710E-1	4.87059E-1	3.00084E+2	9.99987E-5	-5.65140E-5	-5.65148E-1
4.33866E-1	4.68217E-1	3.00074E+2	9.99988E-5	-5.65113E-5	-5.65120E-1
4.14672E-1	4.49434E-1	3.00064E+2	9.99988E-5	-5.65944E-5	-5.65951E-1
3.94805E-1	4.30441E-1	3.00053E+2	9.99988E-5	-5.66291E-5	-5.66298E-1
3.74329E-1	4.11449E-1	3.00042E+2	9.99989E-5	-5.65506E-5	-5.65512E-1
3.55508E-1	3.92651E-1	3.00030E+2	9.99990E-5	-5.65103E-5	-5.65108E-1
3.36437E-1	3.73241E-1	3.00018E+2	9.99989E-5	-5.64899E-5	-5.64906E-1
3.16804E-1	3.53967E-1	3.00006E+2	9.99989E-5	-5.64618E-5	-5.64624E-1
2.97375E-1	3.34997E-1	2.99993E+2	9.99990E-5	-5.64197E-5	-5.64202E-1
2.78081E-1	3.15907E-1	2.99982E+2	9.99989E-5	-5.64621E-5	-5.64627E-1
2.58999E-1	2.96920E-1	2.99969E+2	9.99988E-5	-5.64516E-5	-5.64523E-1
2.39141E-1	2.77839E-1	2.99958E+2	9.99988E-5	-5.63828E-5	-5.63835E-1
2.18965E-1	2.58470E-1	2.99946E+2	9.99988E-5	-5.64309E-5	-5.64316E-1
1.99465E-1	2.39103E-1	2.99934E+2	9.99988E-5	-5.64664E-5	-5.64671E-1
1.80118E-1	2.19661E-1	2.99922E+2	9.99988E-5	-5.64424E-5	-5.64431E-1
1.60579E-1	2.00107E-1	2.99911E+2	9.99988E-5	-5.63809E-5	-5.63816E-1
1.41123E-1	1.80808E-1	2.99898E+2	9.99989E-5	-5.63367E-5	-5.63373E-1
1.22153E-1	1.61232E-1	2.99886E+2	9.99988E-5	-5.64145E-5	-5.64151E-1
1.02366E-1	1.41566E-1	2.99876E+2	9.99987E-5	-5.63912E-5	-5.63919E-1
8.27711E-2	1.22351E-1	2.99863E+2	9.99987E-5	-5.63345E-5	-5.63352E-1
6.37739E-2	1.02905E-1	2.99852E+2	9.99987E-5	-5.63835E-5	-5.63843E-1
4.41768E-2	8.30175E-2	2.99841E+2	9.99987E-5	-5.63836E-5	-5.63844E-1
2.47423E-2	6.33535E-2	2.99831E+2	9.99987E-5	-5.63553E-5	-5.63560E-1
7.25741E-3	4.43713E-2	2.99820E+2	9.99988E-5	-5.63524E-5	-5.63530E-1
1.14680E-3	2.86066E-2	2.99807E+2	9.99989E-5	-5.63775E-5	-5.63781E-1
9.50000E-4	1.79229E-2	2.99797E+2	9.99989E-5	-5.63441E-5	-5.63447E-1
6.86188E-4	1.17377E-2	2.99786E+2	9.99989E-5	-5.63107E-5	-5.63113E-1
2.39039E-4	8.28227E-3	2.99775E+2	9.99988E-5	-5.63192E-5	-5.63198E-1
1.21901E-3	6.60669E-3	2.99766E+2	9.99988E-5	-5.62807E-5	-5.62814E-1
-5.10675E-3	5.55627E-3	2.99756E+2	9.99988E-5	-5.62881E-5	-5.62887E-1
-2.13861E-2	2.23404E-3	2.99744E+2	9.99988E-5	-5.62965E-5	-5.62972E-1
-4.10144E-2	-7.33117E-3	2.99735E+2	9.99987E-5	-5.62634E-5	-5.62641E-1
-6.08014E-2	-2.18558E-2	2.99727E+2	9.99988E-5	-5.62428E-5	-5.62434E-1
-8.02140E-2	-3.81802E-2	2.99718E+2	9.99989E-5	-5.62325E-5	-5.62331E-1
-9.92448E-2	-5.58781E-2	2.99712E+2	9.99987E-5	-5.62404E-5	-5.62411E-1
-1.19003E-1	-7.49843E-2	2.99708E+2	9.99987E-5	-5.62518E-5	-5.62526E-1
-1.38491E-1	-9.50030E-2	2.99702E+2	9.99988E-5	-5.62555E-5	-5.62562E-1
-1.58208E-1	-1.14723E-1	2.99697E+2	9.99988E-5	-5.62791E-5	-5.62798E-1
-1.77839E-1	-1.34241E-1	2.99695E+2	9.99987E-5	-5.63183E-5	-5.63190E-1
-1.97521E-1	-1.53727E-1	2.99690E+2	9.99987E-5	-5.63475E-5	-5.63483E-1
-2.16895E-1	-1.72290E-1	2.99686E+2	9.99987E-5	-5.63036E-5	-5.63044E-1
-2.36269E-1	-1.90321E-1	2.99684E+2	9.99987E-5	-5.62846E-5	-5.62853E-1
-2.55783E-1	-2.08746E-1	2.99682E+2	9.99988E-5	-5.63110E-5	-5.63117E-1
-2.75282E-1	-2.27522E-1	2.99682E+2	9.99988E-5	-5.63060E-5	-5.63067E-1
-2.95384E-1	-2.46549E-1	2.99681E+2	9.99989E-5	-5.63035E-5	-5.63041E-1
-3.14378E-1	-2.66014E-1	2.99676E+2	9.99988E-5	-5.63030E-5	-5.63036E-1
-3.33683E-1	-2.85745E-1	2.99673E+2	9.99988E-5	-5.62877E-5	-5.62884E-1
-3.53372E-1	-3.05341E-1	2.99671E+2	9.99988E-5	-5.62750E-5	-5.62757E-1
-3.72593E-1	-3.24895E-1	2.99665E+2	9.99988E-5	-5.62583E-5	-5.62590E-1
-3.92166E-1	-3.44345E-1	2.99659E+2	9.99988E-5	-5.62253E-5	-5.62259E-1
-4.11897E-1	-3.63636E-1	2.99653E+2	9.99989E-5	-5.62748E-5	-5.62754E-1
-4.31183E-1	-3.82659E-1	2.99649E+2	9.99987E-5	-5.62725E-5	-5.62732E-1
-4.50717E-1	-4.01575E-1	2.99644E+2	9.99987E-5	-5.62046E-5	-5.62054E-1
-4.70449E-1	-4.21100E-1	2.99637E+2	9.99988E-5	-5.62293E-5	-5.62300E-1
-4.89953E-1	-4.40480E-1	2.99630E+2	9.99987E-5	-5.63417E-5	-5.63424E-1
-5.08959E-1	-4.57779E-1	2.99623E+2	9.99987E-5	-5.62809E-5	-5.62816E-1
-5.28495E-1	-4.76321E-1	2.99615E+2	9.99987E-5	-5.61393E-5	-5.61400E-1
-5.48459E-1	-4.96818E-1	2.99607E+2	9.99987E-5	-5.61366E-5	-5.61373E-1
-5.67815E-1	-5.16504E-1	2.99600E+2	9.99987E-5	-5.60692E-5	-5.60699E-1
-5.87673E-1	-5.35712E-1	2.99592E+2	9.99987E-5	-5.60785E-5	-5.60792E-1
-6.07272E-1	-5.54613E-1	2.99586E+2	9.99987E-5	-5.61984E-5	-5.61991E-1
-6.26624E-1	-5.73377E-1	2.99578E+2	9.99988E-5	-5.62889E-5	-5.62896E-1
-6.45900E-1	-5.92127E-1	2.99572E+2	9.99988E-5	-5.62267E-5	-5.62274E-1
-6.65220E-1	-6.10838E-1	2.99564E+2	9.99988E-5	-5.61734E-5	-5.61740E-1
-6.84698E-1	-6.29660E-1	2.99556E+2	9.99988E-5	-5.61042E-5	-5.61048E-1
-7.04454E-1	-6.48637E-1	2.99549E+2	9.99988E-5	-5.60437E-5	-5.60444E-1
-7.24427E-1	-6.67463E-1	2.99541E+2	9.99987E-5	-5.61623E-5	-5.61630E-1
-7.43693E-1	-6.86311E-1	2.99534E+2	9.99988E-5	-5.61352E-5	-5.61359E-1
-7.62831E-1	-7.05257E-1	2.99528E+2	9.99988E-5	-5.60191E-5	-5.60198E-1
-7.82071E-1	-7.24193E-1	2.99523E+2	9.99988E-5	-5.61554E-5	-5.61561E-1
-8.02107E-1	-7.43125E-1	2.99518E+2	9.99987E-5	-5.62036E-5	-5.62043E-1
-8.22425E-1	-7.61989E-1	2.99513E+2	9.99987E-5	-5.61732E-5	-5.61739E-1
-8.41248E-1	-7.80933E-1	2.99509E+2	9.99988E-5	-5.62120E-5	-5.62127E-1
-8.60817E-1	-8.00105E-1	2.99504E+2	9.99987E-5	-5.61703E-5	-5.61710E-1
-8.80799E-1	-8.19277E-1	2.99501E+2	9.99987E-5	-5.60880E-5	-5.60888E-1
-8.99873E-1	-8.38421E-1	2.99498E+2	9.99988E-5	-5.60747E-5	-5.60753E-1
-9.19313E-1	-8.57627E-1	2.99495E+2	9.99988E-5	-5.59747E-5	-5.59754E-1
-9.39291E-1	-8.76970E-1	2.99491E+2	9.99989E-5	-5.58318E-5	-5.58325E-1
-9.58399E-1	-8.96308E-1	2.99488E+2	9.99989E-5	-5.59210E-5	-5.59216E-1
-9.77773E-1	-9.15889E-1	2.99486E+2	9.99989E-5	-5.60871E-5	-5.60878E-1
-9.97781E-1	-9.35611E-1	2.99486E+2	9.99988E-5	-5.61871E-5	-5.61878E-1
-1.01700E+0	-9.55280E-1	2.99485E+2	9.99987E-5	-5.60851E-5	-5.60858E-1
-1.03656E+0	-9.75079E-1	2.99484E+2	9.99987E-5	-5.59437E-5	-5.59444E-1
-1.05682E+0	-9.94987E-1	2.99481E+2	9.99987E-5	-5.58943E-5	-5.58950E-1
-1.07611E+0	-1.01465E+0	2.99479E+2	9.99987E-5	-5.57930E-5	-5.57937E-1
-1.09534E+0	-1.03399E+0	2.99480E+2	9.99988E-5	-5.58384E-5	-5.58391E-1
-1.11465E+0	-1.05331E+0	2.99481E+2	9.99988E-5	-5.59262E-5	-5.59269E-1
-1.13391E+0	-1.07271E+0	2.99481E+2	9.99989E-5	-5.59593E-5	-5.59600E-1
-1.15393E+0	-1.09196E+0	2.99481E+2	9.99988E-5	-5.59471E-5	-5.59477E-1
-1.17344E+0	-1.11082E+0	2.99482E+2	9.99988E-5	-5.58426E-5	-5.58433E-1
-1.19273E+0	-1.12991E+0	2.99483E+2	9.99988E-5	-5.59264E-5	-5.59271E-1
-1.21256E+0	-1.14900E+0	2.99483E+2	9.99987E-5	-5.61099E-5	-5.61106E-1
-1.23204E+0	-1.16789E+0	2.99484E+2	9.99987E-5	-5.61477E-5	-5.61485E-1
-1.25105E+0	-1.18689E+0	2.99487E+2	9.99987E-5	-5.61572E-5	-5.61579E-1
-1.27089E+0	-1.20591E+0	2.99489E+2	9.99989E-5	-5.60915E-5	-5.60921E-1
-1.29007E+0	-1.22512E+0	2.99491E+2	9.99988E-5	-5.60863E-5	-5.60870E-1
-1.30980E+0	-1.24421E+0	2.99493E+2	9.99988E-5	-5.60914E-5	-5.60920E-1
-1.32933E+0	-1.26318E+0	2.99494E+2	9.99988E-5	-5.60615E-5	-5.60622E-1
-1.34847E+0	-1.28239E+0	2.99496E+2	9.99988E-5	-5.60634E-5	-5.60640E-1
-1.36855E+0	-1.30152E+0	2.99499E+2	9.99988E-5	-5.60946E-5	-5.60953E-1
-1.38761E+0	-1.32059E+0	2.99501E+2	9.99988E-5	-5.61106E-5	-5.61113E-1
-1.40718E+0	-1.33974E+0	2.99504E+2	9.99988E-5	-5.60877E-5	-5.60884E-1
-1.42767E+0	-1.35887E+0	2.99508E+2	9.99987E-5	-5.61736E-5	-5.61743E-1
-1.44693E+0	-1.37799E+0	2.99511E+2	9.99987E-5	-5.61286E-5	-5.61293E-1
-1.46577E+0	-1.39704E+0	2.99514E+2	9.99987E-5	-5.59877E-5	-5.59884E-1
-1.48486E+0	-1.41623E+0	2.99517E+2	9.99989E-5	-5.58895E-5	-5.58901E-1
-1.50484E+0	-1.43530E+0	2.99520E+2	9.99988E-5	-5.57375E-5	-5.57382E-1
-1.52530E+0	-1.45441E+0	2.99523E+2	9.99988E-5	-5.58416E-5	-5.58423E-1
-1.54397E+0	-1.47356E+0	2.99527E+2	9.99988E-5	-5.60768E-5	-5.60775E-1
-1.56335E+0	-1.49249E+0	2.99529E+2	9.99986E-5	-5.61665E-5	-5.61673E-1
-1.58381E+0	-1.51158E+0	2.99532E+2	9.99986E-5	-5.60796E-5	-5.60804E-1
-1.60274E+0	-1.53085E+0	2.99535E+2	9.99987E-5	-5.59091E-5	-5.59098E-1
-1.62266E+0	-1.54999E+0	2.99538E+2	9.99988E-5	-5.58528E-5	-5.58535E-1
-1.64243E+0	-1.56904E+0	2.99542E+2	9.99988E-5	-5.59576E-5	-5.59583E-1
-1.66086E+0	-1.58827E+0	2.99545E+2	9.99988E-5	-5.60182E-5	-5.60189E-1
-1.68023E+0	-1.60746E+0	2.99545E+2	9.99988E-5	-5.61024E-5	-5.61031E-1
-1.69929E+0	-1.62660E+0	2.99549E+2	9.99988E-5	-5.60401E-5	-5.60408E-1
-1.71918E+0	-1.64587E+0	2.99553E+2	9.99988E-5	-5.58861E-5	-5.58868E-1
-1.73894E+0	-1.66510E+0	2.99554E+2	9.99988E-5	-5.57481E-5	-5.57487E-1
-1.75848E+0	-1.68428E+0	2.99557E+2	9.99988E-5	-5.58096E-5	-5.58103E-1
-1.77799E+0	-1.70341E+0	2.99559E+2	9.99987E-5	-5.59621E-5	-5.59629E-1
-1.79774E+0	-1.72261E+0	2.99561E+2	9.99987E-5	-5.59734E-5	-5.59742E-1
-1.81695E+0	-1.74185E+0	2.99563E+2	9.99987E-5	-5.59457E-5	-5.59464E-1
-1.83650E+0	-1.76100E+0	2.99565E+2	9.99988E-5	-5.58271E-5	-5.58278E-1
-1.85703E+0	-1.78016E+0	2.99568E+2	9.99987E-5	-5.59369E-5	-5.59376E-1
-1.87625E+0	-1.79936E+0	2.99568E+2	9.99987E-5	-5.59315E-5	-5.59322E-1
-1.89508E+0	-1.81854E+0	2.99569E+2	9.99988E-5	-5.58624E-5	-5.58630E-1
-1.91511E+0	-1.83791E+0	2.99570E+2	9.99989E-5	-5.58163E-5	-5.58170E-1
-1.93430E+0	-1.85717E+0	2.99571E+2	9.99988E-5	-5.57992E-5	-5.57999E-1
-1.95408E+0	-1.87626E+0	2.99572E+2	9.99987E-5	-5.59100E-5	-5.59107E-1
-1.97324E+0	-1.89562E+0	2.99574E+2	9.99988E-5	-5.59423E-5	-5.59430E-1
-1.99225E+0	-1.91494E+0	2.99575E+2	9.99988E-5	-5.57768E-5	-5.57775E-1
-2.00175E+0	-1.93180E+0	2.99574E+2	9.99988E-5	-5.58857E-5	-5.58864E-1
-2.00121E+0	-1.94326E+0	2.99575E+2	9.99988E-5	-5.60057E-5	-5.60064E-1
-2.00133E+0	-1.95021E+0	2.99577E+2	9.99987E-5	-5.57598E-5	-5.57605E-1
-2.00184E+0	-1.95432E+0	2.99576E+2	9.99987E-5	-5.58006E-5	-5.58013E-1
-2.00164E+0	-1.95667E+0	2.99575E+2	9.99988E-5	-5.59351E-5	-5.59357E-1
-2.00038E+0	-1.95774E+0	2.99576E+2	9.99987E-5	-5.58389E-5	-5.58396E-1
-1.98866E+0	-1.95797E+0	2.99576E+2	9.99987E-5	-5.55951E-5	-5.55958E-1
-1.96968E+0	-1.95666E+0	2.99576E+2	9.99987E-5	-5.55428E-5	-5.55435E-1
-1.95091E+0	-1.95003E+0	2.99576E+2	9.99987E-5	-5.57330E-5	-5.57338E-1
-1.93138E+0	-1.93586E+0	2.99576E+2	9.99987E-5	-5.56189E-5	-5.56196E-1
-1.91203E+0	-1.91800E+0	2.99576E+2	9.99988E-5	-5.56136E-5	-5.56142E-1
-1.89171E+0	-1.89936E+0	2.99578E+2	9.99988E-5	-5.58558E-5	-5.58565E-1
-1.87213E+0	-1.88033E+0	2.99582E+2	9.99988E-5	-5.57765E-5	-5.57772E-1
-1.85303E+0	-1.86086E+0	2.99587E+2	9.99988E-5	-5.58384E-5	-5.58390E-1
-1.83291E+0	-1.84151E+0	2.99592E+2	9.99988E-5	-5.58716E-5	-5.58723E-1
-1.81363E+0	-1.82219E+0	2.99598E+2	9.99988E-5	-5.57514E-5	-5.57520E-1
-1.79478E+0	-1.80280E+0	2.99605E+2	9.99987E-5	-5.57282E-5	-5.57289E-1
-1.77460E+0	-1.78343E+0	2.99613E+2	9.99987E-5	-5.57342E-5	-5.57350E-1
-1.75500E+0	-1.76426E+0	2.99621E+2	9.99987E-5	-5.58784E-5	-5.58791E-1
-1.73590E+0	-1.74518E+0	2.99631E+2	9.99987E-5	-5.59446E-5	-5.59453E-1
-1.71636E+0	-1.72604E+0	2.99640E+2	9.99988E-5	-5.59190E-5	-5.59196E-1
-1.69716E+0	-1.70695E+0	2.99651E+2	9.99988E-5	-5.59001E-5	-5.59008E-1
-1.67750E+0	-1.68768E+0	2.99665E+2	9.99988E-5	-5.58576E-5	-5.58582E-1
-1.65781E+0	-1.66842E+0	2.99676E+2	9.99987E-5	-5.56753E-5	-5.56760E-1
-1.63830E+0	-1.64930E+0	2.99688E+2	9.99987E-5	-5.57366E-5	-5.57373E-1
-1.61854E+0	-1.63019E+0	2.99699E+2	9.99987E-5	-5.60099E-5	-5.60106E-1
-1.59901E+0	-1.61106E+0	2.99712E+2	9.99987E-5	-5.60385E-5	-5.60392E-1
-1.57972E+0	-1.59207E+0	2.99727E+2	9.99988E-5	-5.59826E-5	-5.59833E-1
-1.55957E+0	-1.57300E+0	2.99739E+2	9.99988E-5	-5.59380E-5	-5.59387E-1
-1.54028E+0	-1.55394E+0	2.99753E+2	9.99988E-5	-5.59719E-5	-5.59726E-1
-1.52120E+0	-1.53490E+0	2.99766E+2	9.99987E-5	-5.61424E-5	-5.61432E-1
-1.50118E+0	-1.51575E+0	2.99777E+2	9.99988E-5	-5.61390E-5	-5.61396E-1
-1.48127E+0	-1.49655E+0	2.99790E+2	9.99989E-5	-5.60213E-5	-5.60220E-1
-1.46169E+0	-1.47739E+0	2.99803E+2	9.99988E-5	-5.62292E-5	-5.62299E-1
-1.44325E+0	-1.45825E+0	2.99816E+2	9.99988E-5	-5.62557E-5	-5.62564E-1
-1.42453E+0	-1.43901E+0	2.99825E+2	9.99987E-5	-5.61481E-5	-5.61488E-1
-1.40429E+0	-1.41984E+0	2.99835E+2	9.99987E-5	-5.61027E-5	-5.61034E-1
-1.38458E+0	-1.40082E+0	2.99844E+2	9.99987E-5	-5.61928E-5	-5.61935E-1
-1.36518E+0	-1.38180E+0	2.99851E+2	9.99987E-5	-5.63533E-5	-5.63540E-1
-1.34488E+0	-1.36275E+0	2.99856E+2	9.99987E-5	-5.62184E-5	-5.62191E-1
-1.32536E+0	-1.34342E+0	2.99861E+2	9.99987E-5	-5.61473E-5	-5.61480E-1
-1.30657E+0	-1.32412E+0	2.99864E+2	9.99987E-5	-5.60502E-5	-5.60510E-1
-1.28638E+0	-1.30520E+0	2.99866E+2	9.99987E-5	-5.60589E-5	-5.60596E-1
-1.26675E+0	-1.28619E+0	2.99866E+2	9.99988E-5	-5.61749E-5	-5.61756E-1
-1.24759E+0	-1.26704E+0	2.99862E+2	9.99987E-5	-5.61327E-5	-5.61334E-1
-1.22842E+0	-1.24790E+0	2.99861E+2	9.99988E-5	-5.59879E-5	-5.59886E-1
-1.20930E+0	-1.22876E+0	2.99858E+2	9.99988E-5	-5.59978E-5	-5.59985E-1
-1.18928E+0	-1.20959E+0	2.99853E+2	9.99988E-5	-5.60166E-5	-5.60173E-1
-1.16954E+0	-1.19044E+0	2.99846E+2	9.99988E-5	-5.60602E-5	-5.60609E-1
-1.15051E+0	-1.17135E+0	2.99836E+2	9.99988E-5	-5.61419E-5	-5.61426E-1
-1.13034E+0	-1.15224E+0	2.99827E+2	9.99987E-5	-5.61707E-5	-5.61714E-1
-1.11079E+0	-1.13313E+0	2.99817E+2	9.99988E-5	-5.61530E-5	-5.61537E-1
-1.09168E+0	-1.11405E+0	2.99805E+2	9.99988E-5	-5.61005E-5	-5.61012E-1
-1.07165E+0	-1.09496E+0	2.99791E+2	9.99988E-5	-5.61743E-5	-5.61750E-1
-1.05256E+0	-1.07557E+0	2.99774E+2	9.99988E-5	-5.61197E-5	-5.61204E-1
-1.03304E+0	-1.05610E+0	2.99760E+2	9.99987E-5	-5.58537E-5	-5.58544E-1
-1.01400E+0	-1.03678E+0	2.99744E+2	9.99987E-5	-5.59070E-5	-5.59078E-1
-9.94712E-1	-1.01733E+0	2.99725E+2	9.99987E-5	-5.59764E-5	-5.59772E-1
-9.74433E-1	-9.97828E-1	2.99706E+2	9.99988E-5	-5.60211E-5	-5.60218E-1
-9.54836E-1	-9.77815E-1	2.99689E+2	9.99988E-5	-5.60802E-5	-5.60808E-1
-9.35783E-1	-9.57632E-1	2.99671E+2	9.99987E-5	-5.59925E-5	-5.59932E-1
-9.15961E-1	-9.37776E-1	2.99650E+2	9.99988E-5	-5.58938E-5	-5.58945E-1
-8.96248E-1	-9.18055E-1	2.99627E+2	9.99988E-5	-5.59565E-5	-5.59572E-1
-8.76601E-1	-8.98578E-1	2.99606E+2	9.99988E-5	-5.60041E-5	-5.60047E-1
-8.56385E-1	-8.79129E-1	2.99586E+2	9.99989E-5	-5.59074E-5	-5.59080E-1
-8.37548E-1	-8.59629E-1	2.99563E+2	9.99989E-5	-5.59726E-5	-5.59733E-1
-8.18880E-1	-8.40312E-1	2.99538E+2	9.99988E-5	-5.60852E-5	-5.60859E-1
-7.98261E-1	-8.21111E-1	2.99515E+2	9.99987E-5	-5.60378E-5	-5.60385E-1
-7.78433E-1	-8.01928E-1	2.99493E+2	9.99988E-5	-5.59875E-5	-5.59882E-1
-7.59889E-1	-7.82755E-1	2.99469E+2	9.99988E-5	-5.59776E-5	-5.59783E-1
-7.40546E-1	-7.63665E-1	2.99445E+2	9.99988E-5	-5.58765E-5	-5.58772E-1
-7.21325E-1	-7.44706E-1	2.99420E+2	9.99988E-5	-5.58737E-5	-5.58744E-1
-7.01647E-1	-7.25711E-1	2.99396E+2	9.99988E-5	-5.59808E-5	-5.59815E-1
-6.81214E-1	-7.06628E-1	2.99372E+2	9.99988E-5	-5.60083E-5	-5.60090E-1
-6.61847E-1	-6.87546E-1	2.99348E+2	9.99988E-5	-5.59722E-5	-5.59729E-1
-6.42320E-1	-6.68542E-1	2.99325E+2	9.99989E-5	-5.58860E-5	-5.58866E-1
-6.23516E-1	-6.49709E-1	2.99302E+2	9.99989E-5	-5.59283E-5	-5.59289E-1
-6.04347E-1	-6.30835E-1	2.99278E+2	9.99988E-5	-5.59941E-5	-5.59948E-1
-5.84611E-1	-6.11900E-1	2.99256E+2	9.99987E-5	-5.59552E-5	-5.59559E-1
-5.64745E-1	-5.93045E-1	2.99233E+2	9.99987E-5	-5.58299E-5	-5.58306E-1
-5.45355E-1	-5.74165E-1	2.99211E+2	9.99987E-5	-5.58203E-5	-5.58211E-1
-5.26095E-1	-5.55225E-1	2.99190E+2	9.99988E-5	-5.57766E-5	-5.57772E-1
-5.06040E-1	-5.36122E-1	2.99168E+2	9.99987E-5	-5.59279E-5	-5.59286E-1
-4.86294E-1	-5.17050E-1	2.99147E+2	9.99987E-5	-5.60236E-5	-5.60243E-1
-4.67266E-1	-4.98089E-1	2.99126E+2	9.99988E-5	-5.59733E-5	-5.59740E-1
-4.47699E-1	-4.79093E-1	2.99106E+2	9.99988E-5	-5.59223E-5	-5.59229E-1
-4.27698E-1	-4.60065E-1	2.99087E+2	9.99988E-5	-5.58705E-5	-5.58712E-1
-4.08736E-1	-4.40940E-1	2.99068E+2	9.99987E-5	-5.58352E-5	-5.58359E-1
-3.89541E-1	-4.21821E-1	2.99050E+2	9.99987E-5	-5.58510E-5	-5.58517E-1
-3.69276E-1	-4.02656E-1	2.99033E+2	9.99988E-5	-5.60164E-5	-5.60171E-1
-3.49421E-1	-3.83373E-1	2.99016E+2	9.99988E-5	-5.60054E-5	-5.60061E-1
-3.30222E-1	-3.63961E-1	2.98998E+2	9.99988E-5	-5.59363E-5	-5.59369E-1
-3.10891E-1	-3.44577E-1	2.98982E+2	9.99988E-5	-5.59843E-5	-5.59850E-1
-2.91104E-1	-3.25225E-1	2.98967E+2	9.99987E-5	-5.60095E-5	-5.60103E-1
-2.71592E-1	-3.05777E-1	2.98951E+2	9.99986E-5	-5.59813E-5	-5.59821E-1
-2.52081E-1	-2.86412E-1	2.98937E+2	9.99987E-5	-5.59254E-5	-5.59261E-1
-2.32607E-1	-2.67078E-1	2.98924E+2	9.99988E-5	-5.59647E-5	-5.59654E-1
-2.13254E-1	-2.47526E-1	2.98910E+2	9.99989E-5	-5.59664E-5	-5.59670E-1
-1.93768E-1	-2.27930E-1	2.98897E+2	9.99989E-5	-5.59601E-5	-5.59607E-1
-1.74019E-1	-2.08331E-1	2.98886E+2	9.99989E-5	-5.59724E-5	-5.59730E-1
-1.54737E-1	-1.88666E-1	2.98874E+2	9.99989E-5	-5.60165E-5	-5.60171E-1
-1.35375E-1	-1.68984E-1	2.98863E+2	9.99989E-5	-5.60454E-5	-5.60461E-1
-1.15977E-1	-1.49162E-1	2.98854E+2	9.99987E-5	-5.60260E-5	-5.60268E-1
-9.66436E-2	-1.29463E-1	2.98845E+2	9.99987E-5	-5.60254E-5	-5.60261E-1
-7.70887E-2	-1.09725E-1	2.98835E+2	9.99988E-5	-5.60607E-5	-5.60614E-1
-5.77992E-2	-8.97545E-2	2.98824E+2	9.99988E-5	-5.60971E-5	-5.60978E-1
-3.84736E-2	-7.00660E-2	2.98818E+2	9.99988E-5	-5.61201E-5	-5.61208E-1
-1.86943E-2	-5.05521E-2	2.98812E+2	9.99989E-5	-5.61143E-5	-5.61149E-1
-4.87870E-3	-3.20429E-2	2.98805E+2	9.99987E-5	-5.61004E-5	-5.61011E-1
-9.50000E-4	-1.77555E-2	2.98798E+2	9.99987E-5	-5.61109E-5	-5.61117E-1
-6.07096E-4	-8.63407E-3	2.98792E+2	9.99988E-5	-5.61258E-5	-5.61265E-1
-7.83802E-4	-3.39285E-3	2.98787E+2	9.99988E-5	-5.61226E-5	-5.61232E-1
-1.28348E-3	-5.26522E-4	2.98783E+2	9.99987E-5	-5.61099E-5	-5.61107E-1
-9.50000E-4	7.91881E-4	2.98779E+2	9.99987E-5	-5.60973E-5	-5.60980E-1
9.06219E-3	1.89503E-3	2.98776E+2	9.99989E-5	-5.60799E-5	-5.60805E-1
2.48438E-2	6.31154E-3	2.98774E+2	9.99988E-5	-5.60830E-5	-5.60837E-1
4.45616E-2	1.68667E-2	2.98774E+2	9.99988E-5	-5.61027E-5	-5.61033E-1
6.40791E-2	3.20017E-2	2.98774E+2	9.99988E-5	-5.61139E-5	-5.61146E-1
8.33226E-2	4.85941E-2	2.98773E+2	9.99989E-5	-5.61245E-5	-5.61251E-1
1.03013E-1	6.65412E-2	2.98774E+2	9.99989E-5	-5.61486E-5	-5.61492E-1
1.22705E-1	8.58601E-2	2.98776E+2	9.99988E-5	-5.61843E-5	-5.61850E-1
1.42231E-1	1.05660E-1	2.98781E+2	9.99987E-5	-5.62080E-5	-5.62087E-1
1.61799E-1	1.25428E-1	2.98788E+2	9.99988E-5	-5.62184E-5	-5.62191E-1
1.81635E-1	1.44848E-1	2.98795E+2	9.99988E-5	-5.62385E-5	-5.62392E-1
2.00979E-1	1.63681E-1	2.98803E+2	9.99989E-5	-5.63208E-5	-5.63214E-1
2.19996E-1	1.81948E-1	2.98809E+2	9.99989E-5	-5.63756E-5	-5.63762E-1
2.39985E-1	1.99853E-1	2.98817E+2	9.99988E-5	-5.63565E-5	-5.63572E-1
2.59546E-1	2.18019E-1	2.98829E+2	9.99987E-5	-5.63264E-5	-5.63271E-1
2.78881E-1	2.36667E-1	2.98838E+2	9.99987E-5	-5.63373E-5	-5.63380E-1
2.98671E-1	2.55850E-1	2.98845E+2	9.99988E-5	-5.63645E-5	-5.63651E-1
3.18351E-1	2.75301E-1	2.98853E+2	9.99989E-5	-5.63633E-5	-5.63639E-1
3.37895E-1	2.94658E-1	2.98862E+2	9.99989E-5	-5.63717E-5	-5.63723E-1
3.57431E-1	3.13900E-1	2.98870E+2	9.99989E-5	-5.63443E-5	-5.63450E-1
3.76597E-1	3.32999E-1	2.98878E+2	9.99989E-5	-5.63615E-5	-5.63621E-1
3.95918E-1	3.52093E-1	2.98886E+2	9.99989E-5	-5.64430E-5	-5.64436E-1
4.15962E-1	3.71244E-1	2.98893E+2	9.99988E-5	-5.64301E-5	-5.64307E-1
4.35127E-1	3.90096E-1	2.98898E+2	9.99987E-5	-5.63447E-5	-5.63455E-1
4.54078E-1	4.08824E-1	2.98902E+2	9.99987E-5	-5.63720E-5	-5.63727E-1
4.73337E-1	4.27994E-1	2.98906E+2	9.99988E-5	-5.63854E-5	-5.63861E-1
4.93084E-1	4.47107E-1	2.98911E+2	9.99989E-5	-5.63393E-5	-5.63399E-1
5.13175E-1	4.64496E-1	2.98915E+2	9.99988E-5	-5.63570E-5	-5.63577E-1
5.32748E-1	4.82971E-1	2.98917E+2	9.99989E-5	-5.63357E-5	-5.63363E-1
5.52253E-1	5.03111E-1	2.98921E+2	9.99989E-5	-5.63353E-5	-5.63360E-1
5.71421E-1	5.22603E-1	2.98924E+2	9.99988E-5	-5.64021E-5	-5.64028E-1
5.91434E-1	5.41572E-1	2.98928E+2	9.99988E-5	-5.64202E-5	-5.64209E-1
6.10958E-1	5.60295E-1	2.98929E+2	9.99987E-5	-5.64354E-5	-5.64361E-1
6.29676E-1	5.79081E-1	2.98931E+2	9.99987E-5	-5.64310E-5	-5.64317E-1
6.49423E-1	5.97839E-1	2.98937E+2	9.99987E-5	-5.64838E-5	-5.64845E-1
6.69282E-1	6.16510E-1	2.98939E+2	9.99987E-5	-5.64876E-5	-5.64883E-1
6.88489E-1	6.35128E-1	2.98941E+2	9.99988E-5	-5.64565E-5	-5.64572E-1
7.07793E-1	6.53786E-1	2.98946E+2	9.99988E-5	-5.64090E-5	-5.64097E-1
7.27589E-1	6.72566E-1	2.98950E+2	9.99987E-5	-5.63787E-5	-5.63794E-1
7.47058E-1	6.91395E-1	2.98952E+2	9.99987E-5	-5.64259E-5	-5.64266E-1
7.66652E-1	7.10274E-1	2.98956E+2	9.99987E-5	-5.63588E-5	-5.63595E-1
7.86581E-1	7.29219E-1	2.98961E+2	9.99987E-5	-5.65196E-5	-5.65204E-1
8.05779E-1	7.48207E-1	2.98965E+2	9.99987E-5	-5.65787E-5	-5.65795E-1
8.25437E-1	7.67213E-1	2.98971E+2	9.99987E-5	-5.64470E-5	-5.64478E-1
8.45174E-1	7.86292E-1	2.98977E+2	9.99986E-5	-5.64607E-5	-5.64615E-1
8.64202E-1	8.05452E-1	2.98982E+2	9.99987E-5	-5.65254E-5	-5.65262E-1
8.84247E-1	8.24735E-1	2.98989E+2	9.99988E-5	-5.65026E-5	-5.65032E-1
9.03761E-1	8.43965E-1	2.98996E+2	9.99988E-5	-5.64590E-5	-5.64597E-1
9.23150E-1	8.63413E-1	2.99003E+2	9.99987E-5	-5.65367E-5	-5.65375E-1
9.42656E-1	8.83008E-1	2.99010E+2	9.99988E-5	-5.65573E-5	-5.65580E-1
9.61813E-1	9.02522E-1	2.99016E+2	9.99988E-5	-5.66323E-5	-5.66329E-1
9.81830E-1	9.22098E-1	2.99024E+2	9.99987E-5	-5.66578E-5	-5.66586E-1
1.00134E+0	9.41785E-1	2.99033E+2	9.99987E-5	-5.64916E-5	-5.64923E-1
1.02008E+0	9.61562E-1	2.99040E+2	9.99988E-5	-5.64285E-5	-5.64291E-1
1.03959E+0	9.81354E-1	2.99051E+2	9.99987E-5	-5.65121E-5	-5.65128E-1
1.06018E+0	1.00117E+0	2.99060E+2	9.99987E-5	-5.65598E-5	-5.65605E-1
1.07954E+0	1.02083E+0	2.99067E+2	9.99988E-5	-5.65360E-5	-5.65367E-1
1.09943E+0	1.03995E+0	2.99078E+2	9.99988E-5	-5.65916E-5	-5.65923E-1
1.11806E+0	1.05883E+0	2.99088E+2	9.99987E-5	-5.67300E-5	-5.67307E-1
1.13752E+0	1.07774E+0	2.99096E+2	9.99987E-5	-5.67151E-5	-5.67158E-1
1.15705E+0	1.09680E+0	2.99105E+2	9.99986E-5	-5.66423E-5	-5.66430E-1
1.17608E+0	1.11589E+0	2.99115E+2	9.99987E-5	-5.67676E-5	-5.67683E-1
1.19613E+0	1.13498E+0	2.99126E+2	9.99988E-5	-5.67214E-5	-5.67221E-1
1.21597E+0	1.15395E+0	2.99136E+2	9.99988E-5	-5.66364E-5	-5.66371E-1
1.23548E+0	1.17300E+0	2.99146E+2	9.99987E-5	-5.67362E-5	-5.67370E-1
1.25494E+0	1.19202E+0	2.99154E+2	9.99988E-5	-5.66446E-5	-5.66453E-1
1.27466E+0	1.21095E+0	2.99163E+2	9.99987E-5	-5.67201E-5	-5.67208E-1
1.29391E+0	1.23000E+0	2.99176E+2	9.99986E-5	-5.67264E-5	-5.67272E-1
1.31302E+0	1.24902E+0	2.99188E+2	9.99987E-5	-5.66939E-5	-5.66946E-1
1.33280E+0	1.26807E+0	2.99199E+2	9.99988E-5	-5.68030E-5	-5.68036E-1
1.35200E+0	1.28718E+0	2.99209E+2	9.99988E-5	-5.66875E-5	-5.66882E-1
1.37142E+0	1.30620E+0	2.99219E+2	9.99987E-5	-5.65724E-5	-5.65732E-1
1.39086E+0	1.32533E+0	2.99230E+2	9.99988E-5	-5.65129E-5	-5.65136E-1
1.41077E+0	1.34452E+0	2.99241E+2	9.99988E-5	-5.66153E-5	-5.66160E-1
1.43094E+0	1.36364E+0	2.99250E+2	9.99988E-5	-5.66436E-5	-5.66443E-1
1.44971E+0	1.38276E+0	2.99260E+2	9.99988E-5	-5.65991E-5	-5.65998E-1
1.46906E+0	1.40179E+0	2.99271E+2	9.99987E-5	-5.66933E-5	-5.66940E-1
1.48941E+0	1.42081E+0	2.99281E+2	9.99988E-5	-5.68097E-5	-5.68104E-1
1.50860E+0	1.43991E+0	2.99291E+2	9.99987E-5	-5.67983E-5	-5.67990E-1
1.52807E+0	1.45890E+0	2.99301E+2	9.99986E-5	-5.66241E-5	-5.66249E-1
1.54718E+0	1.47815E+0	2.99312E+2	9.99986E-5	-5.67103E-5	-5.67111E-1
1.56706E+0	1.49738E+0	2.99321E+2	9.99987E-5	-5.68719E-5	-5.68726E-1
1.58686E+0	1.51643E+0	2.99329E+2	9.99987E-5	-5.67684E-5	-5.67692E-1
1.60575E+0	1.53563E+0	2.99340E+2	9.99987E-5	-5.66649E-5	-5.66656E-1
1.62561E+0	1.55463E+0	2.99352E+2	9.99987E-5	-5.68190E-5	-5.68197E-1
1.64544E+0	1.57360E+0	2.99360E+2	9.99987E-5	-5.68997E-5	-5.69004E-1
1.66431E+0	1.59275E+0	2.99366E+2	9.99987E-5	-5.66719E-5	-5.66726E-1
1.68438E+0	1.61189E+0	2.99376E+2	9.99988E-5	-5.66708E-5	-5.66715E-1
1.70468E+0	1.63120E+0	2.99384E+2	9.99987E-5	-5.68477E-5	-5.68484E-1
1.72357E+0	1.65045E+0	2.99392E+2	9.99987E-5	-5.68015E-5	-5.68023E-1
1.74269E+0	1.66959E+0	2.99401E+2	9.99988E-5	-5.66245E-5	-5.66252E-1
1.76277E+0	1.68880E+0	2.99408E+2	9.99988E-5	-5.64192E-5	-5.64198E-1
1.78170E+0	1.70788E+0	2.99417E+2	9.99988E-5	-5.63902E-5	-5.63909E-1
1.80116E+0	1.72694E+0	2.99424E+2	9.99987E-5	-5.66105E-5	-5.66112E-1
1.82025E+0	1.74611E+0	2.99429E+2	9.99987E-5	-5.69114E-5	-5.69122E-1
1.83949E+0	1.76543E+0	2.99437E+2	9.99988E-5	-5.68864E-5	-5.68871E-1
1.85979E+0	1.78471E+0	2.99443E+2	9.99987E-5	-5.67289E-5	-5.67297E-1
1.87905E+0	1.80398E+0	2.99448E+2	9.99986E-5	-5.66361E-5	-5.66369E-1
1.89845E+0	1.82302E+0	2.99453E+2	9.99987E-5	-5.66082E-5	-5.66089E-1
1.91886E+0	1.84212E+0	2.99461E+2	9.99988E-5	-5.67028E-5	-5.67035E-1
1.93811E+0	1.86147E+0	2.99468E+2	9.99987E-5	-5.68815E-5	-5.68822E-1
1.95727E+0	1.88069E+0	2.99473E+2	9.99987E-5	-5.70833E-5	-5.70840E-1
1.97741E+0	1.89981E+0	2.99478E+2	9.99988E-5	-5.69394E-5	-5.69400E-1
1.99558E+0	1.91899E+0	2.99482E+2	9.99988E-5	-5.68141E-5	-5.68148E-1
2.00138E+0	1.93516E+0	2.99486E+2	9.99987E-5	-5.67774E-5	-5.67781E-1
2.00152E+0	1.94558E+0	2.99491E+2	9.99988E-5	-5.68130E-5	-5.68137E-1
2.00183E+0	1.95185E+0	2.99496E+2	9.99988E-5	-5.67801E-5	-5.67808E-1
2.00171E+0	1.95557E+0	2.99502E+2	9.99987E-5	-5.67365E-5	-5.67372E-1
2.00152E+0	1.95761E+0	2.99506E+2	9.99988E-5	-5.67953E-5	-5.67960E-1
1.99912E+0	1.95850E+0	2.99509E+2	9.99988E-5	-5.67570E-5	-5.67576E-1
1.98329E+0	1.95838E+0	2.99512E+2	9.99988E-5	-5.69439E-5	-5.69446E-1
1.96403E+0	1.95589E+0	2.99517E+2	9.99987E-5	-5.67402E-5	-5.67409E-1
1.94466E+0	1.94691E+0	2.99520E+2	9.99988E-5	-5.65871E-5	-5.65878E-1
1.92439E+0	1.93086E+0	2.99524E+2	9.99988E-5	-5.66283E-5	-5.66290E-1
1.90497E+0	1.91274E+0	2.99529E+2	9.99988E-5	-5.65642E-5	-5.65648E-1
1.88593E+0	1.89400E+0	2.99535E+2	9.99988E-5	-5.66245E-5	-5.66252E-1
1.86563E+0	1.87492E+0	2.99540E+2	9.99987E-5	-5.67051E-5	-5.67059E-1
1.84619E+0	1.85561E+0	2.99548E+2	9.99988E-5	-5.66066E-5	-5.66072E-1
1.82704E+0	1.83606E+0	2.99557E+2	9.99988E-5	-5.65153E-5	-5.65160E-1
1.80701E+0	1.81654E+0	2.99565E+2	9.99987E-5	-5.66954E-5	-5.66962E-1
1.78786E+0	1.79723E+0	2.99576E+2	9.99987E-5	-5.67641E-5	-5.67649E-1
1.76868E+0	1.77808E+0	2.99587E+2	9.99987E-5	-5.67734E-5	-5.67741E-1
1.74955E+0	1.75882E+0	2.99599E+2	9.99988E-5	-5.66319E-5	-5.66326E-1
1.73010E+0	1.73959E+0	2.99611E+2	9.99987E-5	-5.65479E-5	-5.65486E-1
1.70993E+0	1.72057E+0	2.99624E+2	9.99988E-5	-5.67306E-5	-5.67313E-1
1.69020E+0	1.70164E+0	2.99638E+2	9.99988E-5	-5.68246E-5	-5.68253E-1
1.67144E+0	1.68249E+0	2.99651E+2	9.99987E-5	-5.67768E-5	-5.67775E-1
1.65162E+0	1.66344E+0	2.99666E+2	9.99987E-5	-5.66880E-5	-5.66888E-1
1.63166E+0	1.64443E+0	2.99681E+2	9.99988E-5	-5.66994E-5	-5.67001E-1
1.61204E+0	1.62525E+0	2.99697E+2	9.99988E-5	-5.66668E-5	-5.66675E-1
1.59172E+0	1.60622E+0	2.99713E+2	9.99988E-5	-5.67034E-5	-5.67041E-1
1.57295E+0	1.58704E+0	2.99729E+2	9.99988E-5	-5.68068E-5	-5.68074E-1
1.55392E+0	1.56783E+0	2.99745E+2	9.99988E-5	-5.67181E-5	-5.67188E-1
1.53448E+0	1.54870E+0	2.99758E+2	9.99988E-5	-5.68096E-5	-5.68103E-1
1.51516E+0	1.52964E+0	2.99773E+2	9.99987E-5	-5.66970E-5	-5.66977E-1
1.49475E+0	1.51046E+0	2.99790E+2	9.99988E-5	-5.66040E-5	-5.66047E-1
1.47550E+0	1.49136E+0	2.99804E+2	9.99987E-5	-5.68069E-5	-5.68076E-1
1.45633E+0	1.47230E+0	2.99819E+2	9.99987E-5	-5.67365E-5	-5.67372E-1
1.43631E+0	1.45320E+0	2.99832E+2	9.99987E-5	-5.66607E-5	-5.66615E-1
1.41688E+0	1.43411E+0	2.99844E+2	9.99987E-5	-5.68946E-5	-5.68953E-1
1.39731E+0	1.41497E+0	2.99854E+2	9.99988E-5	-5.67977E-5	-5.67984E-1
1.37726E+0	1.39589E+0	2.99863E+2	9.99988E-5	-5.68165E-5	-5.68172E-1
1.35815E+0	1.37689E+0	2.99874E+2	9.99987E-5	-5.68747E-5	-5.68755E-1
1.33871E+0	1.35776E+0	2.99882E+2	9.99986E-5	-5.67380E-5	-5.67388E-1
1.31958E+0	1.33854E+0	2.99889E+2	9.99986E-5	-5.68140E-5	-5.68148E-1
1.29988E+0	1.31945E+0	2.99895E+2	9.99987E-5	-5.68084E-5	-5.68091E-1
1.27999E+0	1.30050E+0	2.99898E+2	9.99988E-5	-5.67595E-5	-5.67602E-1
1.26075E+0	1.28154E+0	2.99900E+2	9.99987E-5	-5.66855E-5	-5.66862E-1
1.24169E+0	1.26227E+0	2.99902E+2	9.99988E-5	-5.65801E-5	-5.65808E-1
1.22178E+0	1.24304E+0	2.99900E+2	9.99987E-5	-5.67052E-5	-5.67060E-1
1.20279E+0	1.22399E+0	2.99897E+2	9.99986E-5	-5.66452E-5	-5.66460E-1
1.18288E+0	1.20494E+0	2.99894E+2	9.99987E-5	-5.66532E-5	-5.66539E-1
1.16313E+0	1.18583E+0	2.99888E+2	9.99987E-5	-5.67028E-5	-5.67036E-1
1.14406E+0	1.16673E+0	2.99882E+2	9.99987E-5	-5.66150E-5	-5.66158E-1
1.12446E+0	1.14749E+0	2.99877E+2	9.99988E-5	-5.67016E-5	-5.67023E-1
1.10501E+0	1.12840E+0	2.99869E+2	9.99987E-5	-5.65935E-5	-5.65942E-1
1.08575E+0	1.10937E+0	2.99857E+2	9.99987E-5	-5.65722E-5	-5.65730E-1
1.06563E+0	1.09024E+0	2.99846E+2	9.99988E-5	-5.65905E-5	-5.65912E-1
1.04597E+0	1.07118E+0	2.99834E+2	9.99988E-5	-5.64801E-5	-5.64808E-1
1.02667E+0	1.05200E+0	2.99822E+2	9.99988E-5	-5.64309E-5	-5.64316E-1
1.00684E+0	1.03289E+0	2.99808E+2	9.99987E-5	-5.63346E-5	-5.63353E-1
9.87940E-1	1.01364E+0	2.99793E+2	9.99986E-5	-5.63690E-5	-5.63698E-1
9.68343E-1	9.93922E-1	2.99776E+2	9.99987E-5	-5.64820E-5	-5.64827E-1
9.48115E-1	9.74096E-1	2.99758E+2	9.99986E-5	-5.63963E-5	-5.63971E-1
9.28854E-1	9.54080E-1	2.99742E+2	9.99986E-5	-5.63131E-5	-5.63139E-1
9.10082E-1	9.34228E-1	2.99727E+2	9.99987E-5	-5.64436E-5	-5.64444E-1
8.89999E-1	9.14675E-1	2.99708E+2	9.99987E-5	-5.63639E-5	-5.63647E-1
8.70068E-1	8.94849E-1	2.99688E+2	9.99988E-5	-5.62883E-5	-5.62890E-1
8.50647E-1	8.75318E-1	2.99670E+2	9.99988E-5	-5.63496E-5	-5.63503E-1
8.31805E-1	8.56004E-1	2.99650E+2	9.99987E-5	-5.63772E-5	-5.63780E-1
8.12635E-1	8.36561E-1	2.99628E+2	9.99987E-5	-5.64171E-5	-5.64178E-1
7.92644E-1	8.17297E-1	2.99608E+2	9.99988E-5	-5.63103E-5	-5.63109E-1
7.73142E-1	7.97928E-1	2.99587E+2	9.99988E-5	-5.63217E-5	-5.63224E-1
7.53790E-1	7.78570E-1	2.99565E+2	9.99988E-5	-5.64540E-5	-5.64547E-1
7.33960E-1	7.59603E-1	2.99543E+2	9.99987E-5	-5.63941E-5	-5.63949E-1
7.14583E-1	7.40522E-1	2.99523E+2	9.99988E-5	-5.63397E-5	-5.63404E-1
6.94684E-1	7.21449E-1	2.99502E+2	9.99988E-5	-5.63398E-5	-5.63405E-1
6.74497E-1	7.02486E-1	2.99480E+2	9.99988E-5	-5.62451E-5	-5.62457E-1
6.55554E-1	6.83587E-1	2.99459E+2	9.99987E-5	-5.62571E-5	-5.62578E-1
6.36701E-1	6.64796E-1	2.99437E+2	9.99987E-5	-5.63127E-5	-5.63135E-1
6.17176E-1	6.45666E-1	2.99415E+2	9.99986E-5	-5.62619E-5	-5.62626E-1
5.97685E-1	6.26577E-1	2.99393E+2	9.99987E-5	-5.62104E-5	-5.62111E-1
5.77924E-1	6.07749E-1	2.99373E+2	9.99987E-5	-5.62382E-5	-5.62389E-1
5.58137E-1	5.88894E-1	2.99353E+2	9.99988E-5	-5.62352E-5	-5.62358E-1
5.38008E-1	5.70112E-1	2.99332E+2	9.99988E-5	-5.62221E-5	-5.62228E-1
5.18704E-1	5.51309E-1	2.99311E+2	9.99987E-5	-5.61499E-5	-5.61506E-1
4.99639E-1	5.32417E-1	2.99291E+2	9.99988E-5	-5.60810E-5	-5.60817E-1
4.80377E-1	5.13750E-1	2.99272E+2	9.99987E-5	-5.61653E-5	-5.61660E-1
4.60424E-1	4.94904E-1	2.99253E+2	9.99988E-5	-5.61809E-5	-5.61816E-1
4.40816E-1	4.75846E-1	2.99233E+2	9.99986E-5	-5.61489E-5	-5.61497E-1
4.21755E-1	4.57035E-1	2.99216E+2	9.99987E-5	-5.61795E-5	-5.61802E-1
4.02416E-1	4.38178E-1	2.99198E+2	9.99988E-5	-5.62168E-5	-5.62174E-1
3.82628E-1	4.19193E-1	2.99178E+2	9.99988E-5	-5.62502E-5	-5.62509E-1
3.62928E-1	4.00240E-1	2.99162E+2	9.99987E-5	-5.62051E-5	-5.62058E-1
3.43431E-1	3.81751E-1	2.99146E+2	9.99988E-5	-5.61326E-5	-5.61332E-1
3.24419E-1	3.62488E-1	2.99128E+2	9.99988E-5	-5.61499E-5	-5.61506E-1
3.04783E-1	3.42695E-1	2.99113E+2	9.99987E-5	-5.61638E-5	-5.61645E-1
2.85131E-1	3.23552E-1	2.99097E+2	9.99987E-5	-5.61713E-5	-5.61721E-1
2.65503E-1	3.04440E-1	2.99083E+2	9.99988E-5	-5.61763E-5	-5.61770E-1
2.45759E-1	2.85318E-1	2.99068E+2	9.99988E-5	-5.61844E-5	-5.61851E-1
2.26551E-1	2.66083E-1	2.99055E+2	9.99987E-5	-5.61594E-5	-5.61602E-1
2.06965E-1	2.46777E-1	2.99043E+2	9.99987E-5	-5.61025E-5	-5.61032E-1
1.87777E-1	2.27402E-1	2.99031E+2	9.99988E-5	-5.61044E-5	-5.61051E-1
1.68414E-1	2.08015E-1	2.99019E+2	9.99987E-5	-5.61360E-5	-5.61368E-1
1.48963E-1	1.88601E-1	2.99006E+2	9.99987E-5	-5.61401E-5	-5.61409E-1
1.29053E-1	1.69139E-1	2.98995E+2	9.99988E-5	-5.61598E-5	-5.61604E-1
1.09204E-1	1.49464E-1	2.98985E+2	9.99987E-5	-5.61994E-5	-5.62002E-1
9.02578E-2	1.29878E-1	2.98976E+2	9.99987E-5	-5.61694E-5	-5.61701E-1
7.10086E-2	1.10270E-1	2.98967E+2	9.99989E-5	-5.61479E-5	-5.61485E-1
5.12309E-2	9.05452E-2	2.98957E+2	9.99989E-5	-5.61481E-5	-5.61487E-1
3.12566E-2	7.11268E-2	2.98951E+2	9.99987E-5	-5.61150E-5	-5.61157E-1
1.18126E-2	5.16299E-2	2.98945E+2	9.99988E-5	-5.61069E-5	-5.61076E-1
2.29824E-3	3.41727E-2	2.98935E+2	9.99987E-5	-5.61351E-5	-5.61358E-1
9.50000E-4	2.18380E-2	2.98927E+2	9.99986E-5	-5.61343E-5	-5.61351E-1
9.50000E-4	1.41380E-2	2.98924E+2	9.99987E-5	-5.61266E-5	-5.61274E-1
