B_digital_(T)	B_analog_(T)	T_sample_(K)	I_s	V_nv	R_nv
9.50000E-4	-1.53341E-3	2.99294E+2	1.00004E-4	3.72757E-4	3.72741E+0
1.45241E-3	-1.53102E-3	2.99295E+2	1.00004E-4	3.72745E-4	3.72729E+0
7.86586E-3	-1.31318E-3	2.99294E+2	1.00004E-4	3.72700E-4	3.72685E+0
2.07805E-2	-3.73196E-4	2.99292E+2	1.00004E-4	3.72705E-4	3.72689E+0
3.32392E-2	3.00103E-3	2.99291E+2	1.00004E-4	3.72712E-4	3.72696E+0
4.56697E-2	1.19487E-2	2.99292E+2	1.00004E-4	3.72708E-4	3.72692E+0
5.87771E-2	2.53750E-2	2.99290E+2	1.00004E-4	3.72729E-4	3.72713E+0
7.16730E-2	3.94414E-2	2.99288E+2	1.00004E-4	3.72704E-4	3.72688E+0
8.44748E-2	5.31386E-2	2.99290E+2	1.00004E-4	3.72665E-4	3.72649E+0
9.72607E-2	6.64799E-2	2.99291E+2	1.00004E-4	3.72618E-4	3.72602E+0
1.09690E-1	7.94867E-2	2.99290E+2	1.00004E-4	3.72616E-4	3.72601E+0
1.22369E-1	9.22580E-2	2.99289E+2	1.00004E-4	3.72612E-4	3.72597E+0
1.34829E-1	1.04898E-1	2.99290E+2	1.00004E-4	3.72600E-4	3.72584E+0
1.47321E-1	1.17452E-1	2.99291E+2	1.00004E-4	3.72580E-4	3.72564E+0
1.60002E-1	1.29694E-1	2.99291E+2	1.00004E-4	3.72596E-4	3.72581E+0
1.72969E-1	1.41967E-1	2.99292E+2	1.00004E-4	3.72531E-4	3.72516E+0
1.85468E-1	1.54536E-1	2.99291E+2	1.00004E-4	3.72544E-4	3.72528E+0
1.97997E-1	1.67080E-1	2.99289E+2	1.00004E-4	3.72688E-4	3.72673E+0
2.10955E-1	1.79474E-1	2.99288E+2	1.00004E-4	3.72592E-4	3.72576E+0
2.23540E-1	1.91951E-1	2.99288E+2	1.00004E-4	3.72477E-4	3.72461E+0
2.36050E-1	2.04404E-1	2.99287E+2	1.00004E-4	3.72539E-4	3.72523E+0
2.48560E-1	2.16803E-1	2.99286E+2	1.00004E-4	3.72555E-4	3.72539E+0
2.61313E-1	2.29248E-1	2.99286E+2	1.00004E-4	3.72561E-4	3.72545E+0
2.74245E-1	2.41522E-1	2.99285E+2	1.00004E-4	3.72518E-4	3.72501E+0
2.86383E-1	2.53855E-1	2.99284E+2	1.00004E-4	3.72487E-4	3.72471E+0
2.99359E-1	2.66165E-1	2.99281E+2	1.00004E-4	3.72558E-4	3.72541E+0
3.12177E-1	2.78551E-1	2.99279E+2	1.00004E-4	3.72592E-4	3.72577E+0
3.24613E-1	2.90844E-1	2.99277E+2	1.00004E-4	3.72610E-4	3.72593E+0
3.37293E-1	3.03020E-1	2.99274E+2	1.00004E-4	3.72550E-4	3.72534E+0
3.49995E-1	3.15181E-1	2.99272E+2	1.00004E-4	3.72533E-4	3.72517E+0
3.62896E-1	3.27203E-1	2.99269E+2	1.00004E-4	3.72592E-4	3.72576E+0
3.75813E-1	3.39202E-1	2.99266E+2	1.00004E-4	3.72580E-4	3.72564E+0
3.88331E-1	3.51127E-1	2.99264E+2	1.00004E-4	3.72509E-4	3.72493E+0
4.00503E-1	3.63055E-1	2.99261E+2	1.00004E-4	3.72398E-4	3.72382E+0
4.13518E-1	3.74923E-1	2.99256E+2	1.00004E-4	3.72376E-4	3.72360E+0
4.26283E-1	3.86740E-1	2.99253E+2	1.00004E-4	3.72516E-4	3.72500E+0
4.38537E-1	3.98645E-1	2.99252E+2	1.00004E-4	3.72584E-4	3.72568E+0
4.51422E-1	4.10668E-1	2.99248E+2	1.00004E-4	3.72492E-4	3.72476E+0
4.64244E-1	4.23204E-1	2.99245E+2	1.00004E-4	3.72431E-4	3.72415E+0
4.76677E-1	4.35696E-1	2.99242E+2	1.00004E-4	3.72492E-4	3.72476E+0
4.89147E-1	4.47844E-1	2.99239E+2	1.00004E-4	3.72541E-4	3.72526E+0
5.01702E-1	4.59882E-1	2.99235E+2	1.00004E-4	3.72600E-4	3.72583E+0
5.14492E-1	4.71960E-1	2.99231E+2	1.00004E-4	3.72610E-4	3.72594E+0
5.27289E-1	4.84098E-1	2.99228E+2	1.00004E-4	3.72586E-4	3.72570E+0
5.40070E-1	4.96096E-1	2.99224E+2	1.00004E-4	3.72592E-4	3.72576E+0
5.53005E-1	5.08108E-1	2.99220E+2	1.00004E-4	3.72626E-4	3.72610E+0
5.65328E-1	5.20251E-1	2.99217E+2	1.00004E-4	3.72659E-4	3.72643E+0
5.77991E-1	5.32295E-1	2.99214E+2	1.00004E-4	3.72645E-4	3.72628E+0
5.90522E-1	5.44370E-1	2.99208E+2	1.00004E-4	3.72533E-4	3.72517E+0
6.03211E-1	5.56531E-1	2.99203E+2	1.00004E-4	3.72474E-4	3.72458E+0
6.15967E-1	5.68433E-1	2.99199E+2	1.00004E-4	3.72476E-4	3.72461E+0
6.28199E-1	5.80471E-1	2.99194E+2	1.00004E-4	3.72436E-4	3.72420E+0
6.40918E-1	5.92524E-1	2.99192E+2	1.00004E-4	3.72461E-4	3.72445E+0
6.53354E-1	6.04564E-1	2.99188E+2	1.00004E-4	3.72519E-4	3.72503E+0
6.66010E-1	6.16643E-1	2.99183E+2	1.00004E-4	3.72464E-4	3.72448E+0
6.78979E-1	6.28722E-1	2.99181E+2	1.00004E-4	3.72389E-4	3.72373E+0
6.91671E-1	6.40836E-1	2.99176E+2	1.00004E-4	3.72353E-4	3.72337E+0
7.04215E-1	6.52943E-1	2.99169E+2	1.00004E-4	3.72300E-4	3.72285E+0
7.17245E-1	6.64995E-1	2.99165E+2	1.00004E-4	3.72336E-4	3.72321E+0
7.30381E-1	6.77095E-1	2.99161E+2	1.00004E-4	3.72420E-4	3.72404E+0
7.42822E-1	6.89225E-1	2.99157E+2	1.00004E-4	3.72471E-4	3.72455E+0
7.54871E-1	7.01359E-1	2.99151E+2	1.00004E-4	3.72455E-4	3.72439E+0
7.67632E-1	7.13497E-1	2.99145E+2	1.00004E-4	3.72339E-4	3.72324E+0
7.80051E-1	7.25564E-1	2.99140E+2	1.00004E-4	3.72313E-4	3.72297E+0
7.92953E-1	7.37889E-1	2.99136E+2	1.00004E-4	3.72474E-4	3.72458E+0
8.05918E-1	7.50106E-1	2.99131E+2	1.00004E-4	3.72379E-4	3.72364E+0
8.18130E-1	7.62361E-1	2.99126E+2	1.00004E-4	3.72260E-4	3.72245E+0
8.31159E-1	7.74618E-1	2.99120E+2	1.00004E-4	3.72237E-4	3.72222E+0
8.43727E-1	7.86782E-1	2.99115E+2	1.00004E-4	3.72195E-4	3.72180E+0
8.56684E-1	7.99234E-1	2.99112E+2	1.00004E-4	3.72263E-4	3.72247E+0
8.69494E-1	8.11689E-1	2.99105E+2	1.00004E-4	3.72348E-4	3.72332E+0
8.81963E-1	8.24041E-1	2.99098E+2	1.00004E-4	3.72381E-4	3.72366E+0
8.94247E-1	8.36342E-1	2.99094E+2	1.00004E-4	3.72275E-4	3.72259E+0
9.07249E-1	8.48665E-1	2.99089E+2	1.00004E-4	3.72198E-4	3.72182E+0
9.20368E-1	8.61097E-1	2.99085E+2	1.00004E-4	3.72264E-4	3.72249E+0
9.32845E-1	8.73707E-1	2.99081E+2	1.00004E-4	3.72369E-4	3.72354E+0
9.45473E-1	8.86374E-1	2.99074E+2	1.00004E-4	3.72441E-4	3.72426E+0
9.58003E-1	8.98975E-1	2.99067E+2	1.00004E-4	3.72361E-4	3.72345E+0
9.71028E-1	9.11555E-1	2.99062E+2	1.00004E-4	3.72343E-4	3.72327E+0
9.83814E-1	9.24199E-1	2.99058E+2	1.00004E-4	3.72361E-4	3.72345E+0
9.95400E-1	9.36823E-1	2.99054E+2	1.00004E-4	3.72348E-4	3.72332E+0
1.00832E+0	9.49529E-1	2.99051E+2	1.00004E-4	3.72351E-4	3.72335E+0
1.02138E+0	9.62319E-1	2.99045E+2	1.00004E-4	3.72386E-4	3.72371E+0
1.03389E+0	9.75079E-1	2.99039E+2	1.00004E-4	3.72457E-4	3.72442E+0
1.04627E+0	9.87910E-1	2.99036E+2	1.00004E-4	3.72390E-4	3.72374E+0
1.05850E+0	1.00055E+0	2.99033E+2	1.00004E-4	3.72248E-4	3.72232E+0
1.07185E+0	1.01306E+0	2.99030E+2	1.00004E-4	3.72206E-4	3.72190E+0
1.08413E+0	1.02547E+0	2.99027E+2	1.00004E-4	3.72271E-4	3.72255E+0
1.09744E+0	1.03766E+0	2.99025E+2	1.00004E-4	3.72292E-4	3.72276E+0
1.10970E+0	1.04983E+0	2.99023E+2	1.00004E-4	3.72117E-4	3.72101E+0
1.12149E+0	1.06200E+0	2.99019E+2	1.00004E-4	3.72155E-4	3.72139E+0
1.13494E+0	1.07431E+0	2.99017E+2	1.00004E-4	3.72441E-4	3.72425E+0
1.14730E+0	1.08669E+0	2.99016E+2	1.00004E-4	3.72413E-4	3.72397E+0
1.16008E+0	1.09902E+0	2.99015E+2	1.00004E-4	3.72436E-4	3.72420E+0
1.17233E+0	1.11133E+0	2.99015E+2	1.00004E-4	3.72468E-4	3.72452E+0
1.18525E+0	1.12363E+0	2.99015E+2	1.00004E-4	3.72365E-4	3.72349E+0
1.19850E+0	1.13592E+0	2.99014E+2	1.00004E-4	3.72428E-4	3.72412E+0
1.21055E+0	1.14808E+0	2.99013E+2	1.00004E-4	3.72448E-4	3.72431E+0
1.22315E+0	1.16041E+0	2.99012E+2	1.00004E-4	3.72451E-4	3.72435E+0
1.23584E+0	1.17280E+0	2.99013E+2	1.00004E-4	3.72409E-4	3.72393E+0
1.24896E+0	1.18499E+0	2.99015E+2	1.00004E-4	3.72235E-4	3.72219E+0
1.26217E+0	1.19716E+0	2.99016E+2	1.00004E-4	3.72102E-4	3.72086E+0
1.27398E+0	1.20949E+0	2.99018E+2	1.00004E-4	3.72267E-4	3.72251E+0
1.28647E+0	1.22179E+0	2.99019E+2	1.00004E-4	3.72391E-4	3.72376E+0
1.29944E+0	1.23408E+0	2.99022E+2	1.00004E-4	3.72337E-4	3.72322E+0
1.31241E+0	1.24644E+0	2.99026E+2	1.00004E-4	3.72432E-4	3.72415E+0
1.32506E+0	1.25878E+0	2.99027E+2	1.00004E-4	3.72298E-4	3.72282E+0
1.33809E+0	1.27113E+0	2.99029E+2	1.00004E-4	3.72230E-4	3.72214E+0
1.35040E+0	1.28342E+0	2.99034E+2	1.00004E-4	3.72348E-4	3.72332E+0
1.36243E+0	1.29560E+0	2.99039E+2	1.00004E-4	3.72535E-4	3.72520E+0
1.37575E+0	1.30794E+0	2.99043E+2	1.00004E-4	3.72551E-4	3.72535E+0
1.38837E+0	1.32042E+0	2.99047E+2	1.00004E-4	3.72410E-4	3.72393E+0
1.40102E+0	1.33280E+0	2.99052E+2	1.00004E-4	3.72343E-4	3.72326E+0
1.41395E+0	1.34510E+0	2.99058E+2	1.00004E-4	3.72450E-4	3.72435E+0
1.42580E+0	1.35736E+0	2.99061E+2	1.00004E-4	3.72313E-4	3.72297E+0
1.43867E+0	1.36973E+0	2.99066E+2	1.00004E-4	3.72262E-4	3.72246E+0
1.45141E+0	1.38206E+0	2.99072E+2	1.00004E-4	3.72375E-4	3.72360E+0
1.46417E+0	1.39440E+0	2.99078E+2	1.00004E-4	3.72336E-4	3.72321E+0
1.47692E+0	1.40673E+0	2.99087E+2	1.00004E-4	3.72419E-4	3.72404E+0
1.48977E+0	1.41899E+0	2.99092E+2	1.00004E-4	3.72529E-4	3.72514E+0
1.50274E+0	1.43143E+0	2.99097E+2	1.00004E-4	3.72595E-4	3.72580E+0
1.51459E+0	1.44381E+0	2.99104E+2	1.00004E-4	3.72576E-4	3.72560E+0
1.52730E+0	1.45603E+0	2.99112E+2	1.00004E-4	3.72380E-4	3.72364E+0
1.54051E+0	1.46838E+0	2.99118E+2	1.00004E-4	3.72304E-4	3.72288E+0
1.55341E+0	1.48076E+0	2.99125E+2	1.00004E-4	3.72422E-4	3.72406E+0
1.56589E+0	1.49314E+0	2.99133E+2	1.00004E-4	3.72362E-4	3.72347E+0
1.57772E+0	1.50554E+0	2.99140E+2	1.00004E-4	3.72278E-4	3.72263E+0
1.59096E+0	1.51778E+0	2.99148E+2	1.00004E-4	3.72405E-4	3.72389E+0
1.60374E+0	1.53003E+0	2.99155E+2	1.00004E-4	3.72527E-4	3.72511E+0
1.61677E+0	1.54238E+0	2.99163E+2	1.00004E-4	3.72500E-4	3.72484E+0
1.62882E+0	1.55477E+0	2.99172E+2	1.00004E-4	3.72224E-4	3.72208E+0
1.64074E+0	1.56709E+0	2.99179E+2	1.00004E-4	3.72174E-4	3.72158E+0
1.65400E+0	1.57957E+0	2.99187E+2	1.00004E-4	3.72450E-4	3.72434E+0
1.66664E+0	1.59206E+0	2.99194E+2	1.00004E-4	3.72494E-4	3.72479E+0
1.67965E+0	1.60439E+0	2.99202E+2	1.00004E-4	3.72506E-4	3.72490E+0
1.69186E+0	1.61667E+0	2.99211E+2	1.00004E-4	3.72342E-4	3.72327E+0
1.70494E+0	1.62911E+0	2.99219E+2	1.00004E-4	3.72287E-4	3.72271E+0
1.71751E+0	1.64145E+0	2.99228E+2	1.00004E-4	3.72528E-4	3.72512E+0
1.72951E+0	1.65374E+0	2.99236E+2	1.00004E-4	3.72515E-4	3.72499E+0
1.74234E+0	1.66621E+0	2.99246E+2	1.00004E-4	3.72323E-4	3.72307E+0
1.75529E+0	1.67870E+0	2.99255E+2	1.00004E-4	3.72317E-4	3.72301E+0
1.76808E+0	1.69106E+0	2.99264E+2	1.00004E-4	3.72543E-4	3.72527E+0
1.78084E+0	1.70333E+0	2.99271E+2	1.00004E-4	3.72538E-4	3.72522E+0
1.79263E+0	1.71584E+0	2.99279E+2	1.00004E-4	3.72307E-4	3.72291E+0
1.80581E+0	1.72832E+0	2.99288E+2	1.00004E-4	3.72271E-4	3.72255E+0
1.81902E+0	1.74062E+0	2.99295E+2	1.00005E-4	3.72478E-4	3.72461E+0
1.83192E+0	1.75303E+0	2.99302E+2	1.00004E-4	3.72537E-4	3.72520E+0
1.84415E+0	1.76546E+0	2.99311E+2	1.00004E-4	3.72536E-4	3.72520E+0
1.85729E+0	1.77791E+0	2.99318E+2	1.00004E-4	3.72509E-4	3.72493E+0
1.87033E+0	1.79030E+0	2.99326E+2	1.00004E-4	3.72474E-4	3.72457E+0
1.88174E+0	1.80259E+0	2.99334E+2	1.00004E-4	3.72504E-4	3.72488E+0
1.89442E+0	1.81498E+0	2.99343E+2	1.00004E-4	3.72530E-4	3.72514E+0
1.90738E+0	1.82745E+0	2.99351E+2	1.00004E-4	3.72304E-4	3.72288E+0
1.92056E+0	1.84000E+0	2.99360E+2	1.00004E-4	3.72334E-4	3.72319E+0
1.93312E+0	1.85238E+0	2.99368E+2	1.00004E-4	3.72414E-4	3.72398E+0
1.94460E+0	1.86471E+0	2.99374E+2	1.00004E-4	3.72408E-4	3.72392E+0
1.95780E+0	1.87716E+0	2.99380E+2	1.00004E-4	3.72337E-4	3.72321E+0
1.97074E+0	1.88955E+0	2.99388E+2	1.00004E-4	3.72521E-4	3.72505E+0
1.98423E+0	1.90206E+0	2.99397E+2	1.00004E-4	3.72439E-4	3.72423E+0
1.99652E+0	1.91450E+0	2.99405E+2	1.00004E-4	3.72208E-4	3.72192E+0
2.00075E+0	1.92562E+0	2.99411E+2	1.00004E-4	3.72508E-4	3.72491E+0
2.00167E+0	1.93368E+0	2.99419E+2	1.00004E-4	3.72613E-4	3.72597E+0
2.00141E+0	1.93903E+0	2.99427E+2	1.00004E-4	3.72680E-4	3.72665E+0
2.00158E+0	1.94225E+0	2.99433E+2	1.00004E-4	3.72534E-4	3.72518E+0
2.00174E+0	1.94378E+0	2.99437E+2	1.00004E-4	3.72375E-4	3.72359E+0
1.99948E+0	1.94447E+0	2.99443E+2	1.00004E-4	3.72459E-4	3.72443E+0
1.99054E+0	1.94464E+0	2.99449E+2	1.00004E-4	3.72505E-4	3.72489E+0
1.97775E+0	1.94415E+0	2.99456E+2	1.00004E-4	3.72330E-4	3.72315E+0
1.96514E+0	1.94237E+0	2.99463E+2	1.00004E-4	3.72327E-4	3.72312E+0
1.95204E+0	1.93641E+0	2.99468E+2	1.00004E-4	3.72465E-4	3.72449E+0
1.93895E+0	1.92557E+0	2.99473E+2	1.00004E-4	3.72394E-4	3.72378E+0
1.92637E+0	1.91239E+0	2.99479E+2	1.00004E-4	3.72258E-4	3.72242E+0
1.91383E+0	1.89918E+0	2.99484E+2	1.00004E-4	3.72281E-4	3.72266E+0
1.90169E+0	1.88631E+0	2.99488E+2	1.00004E-4	3.72453E-4	3.72438E+0
1.88891E+0	1.87368E+0	2.99494E+2	1.00004E-4	3.72381E-4	3.72365E+0
1.87590E+0	1.86133E+0	2.99502E+2	1.00004E-4	3.72394E-4	3.72378E+0
1.86299E+0	1.84889E+0	2.99506E+2	1.00004E-4	3.72484E-4	3.72468E+0
1.85030E+0	1.83652E+0	2.99509E+2	1.00004E-4	3.72608E-4	3.72592E+0
1.83785E+0	1.82430E+0	2.99516E+2	1.00004E-4	3.72856E-4	3.72840E+0
1.82528E+0	1.81191E+0	2.99520E+2	1.00004E-4	3.72578E-4	3.72562E+0
1.81307E+0	1.79953E+0	2.99524E+2	1.00004E-4	3.72381E-4	3.72365E+0
1.80016E+0	1.78722E+0	2.99529E+2	1.00004E-4	3.72270E-4	3.72256E+0
1.78695E+0	1.77495E+0	2.99534E+2	1.00004E-4	3.72337E-4	3.72322E+0
1.77474E+0	1.76268E+0	2.99540E+2	1.00004E-4	3.72673E-4	3.72657E+0
1.76235E+0	1.75028E+0	2.99544E+2	1.00004E-4	3.72947E-4	3.72931E+0
1.75002E+0	1.73792E+0	2.99548E+2	1.00004E-4	3.72894E-4	3.72878E+0
1.73686E+0	1.72549E+0	2.99553E+2	1.00004E-4	3.72737E-4	3.72721E+0
1.72414E+0	1.71311E+0	2.99556E+2	1.00004E-4	3.72629E-4	3.72613E+0
1.71085E+0	1.70076E+0	2.99561E+2	1.00004E-4	3.72363E-4	3.72347E+0
1.69840E+0	1.68841E+0	2.99567E+2	1.00004E-4	3.72436E-4	3.72420E+0
1.68642E+0	1.67610E+0	2.99570E+2	1.00004E-4	3.72702E-4	3.72687E+0
1.67347E+0	1.66378E+0	2.99573E+2	1.00004E-4	3.72522E-4	3.72506E+0
1.66093E+0	1.65135E+0	2.99578E+2	1.00004E-4	3.72496E-4	3.72480E+0
1.64767E+0	1.63885E+0	2.99582E+2	1.00004E-4	3.72620E-4	3.72604E+0
1.63496E+0	1.62652E+0	2.99585E+2	1.00004E-4	3.72678E-4	3.72662E+0
1.62263E+0	1.61426E+0	2.99588E+2	1.00004E-4	3.72863E-4	3.72847E+0
1.61005E+0	1.60196E+0	2.99592E+2	1.00004E-4	3.72634E-4	3.72618E+0
1.59774E+0	1.58961E+0	2.99593E+2	1.00004E-4	3.72466E-4	3.72450E+0
1.58463E+0	1.57725E+0	2.99596E+2	1.00004E-4	3.72574E-4	3.72559E+0
1.57181E+0	1.56485E+0	2.99601E+2	1.00004E-4	3.72740E-4	3.72724E+0
1.55974E+0	1.55239E+0	2.99603E+2	1.00004E-4	3.72769E-4	3.72753E+0
1.54685E+0	1.54006E+0	2.99606E+2	1.00004E-4	3.72606E-4	3.72590E+0
1.53406E+0	1.52777E+0	2.99609E+2	1.00004E-4	3.72545E-4	3.72529E+0
1.52131E+0	1.51537E+0	2.99611E+2	1.00004E-4	3.72449E-4	3.72433E+0
1.50877E+0	1.50307E+0	2.99614E+2	1.00004E-4	3.72472E-4	3.72456E+0
1.49613E+0	1.49066E+0	2.99615E+2	1.00004E-4	3.72536E-4	3.72520E+0
1.48349E+0	1.47820E+0	2.99618E+2	1.00004E-4	3.72507E-4	3.72491E+0
1.47118E+0	1.46597E+0	2.99619E+2	1.00004E-4	3.72513E-4	3.72496E+0
1.45860E+0	1.45369E+0	2.99620E+2	1.00004E-4	3.72546E-4	3.72530E+0
1.44609E+0	1.44129E+0	2.99621E+2	1.00004E-4	3.72614E-4	3.72598E+0
1.43246E+0	1.42894E+0	2.99622E+2	1.00004E-4	3.72528E-4	3.72512E+0
1.41948E+0	1.41662E+0	2.99625E+2	1.00004E-4	3.72626E-4	3.72611E+0
1.40773E+0	1.40429E+0	2.99627E+2	1.00004E-4	3.72534E-4	3.72519E+0
1.39480E+0	1.39190E+0	2.99627E+2	1.00004E-4	3.72482E-4	3.72467E+0
1.38258E+0	1.37954E+0	2.99628E+2	1.00004E-4	3.72594E-4	3.72578E+0
1.36968E+0	1.36723E+0	2.99628E+2	1.00004E-4	3.72504E-4	3.72488E+0
1.35706E+0	1.35486E+0	2.99629E+2	1.00004E-4	3.72624E-4	3.72608E+0
1.34383E+0	1.34257E+0	2.99629E+2	1.00004E-4	3.72569E-4	3.72553E+0
1.33122E+0	1.33029E+0	2.99631E+2	1.00004E-4	3.72649E-4	3.72633E+0
1.31925E+0	1.31785E+0	2.99630E+2	1.00004E-4	3.72735E-4	3.72719E+0
1.30648E+0	1.30544E+0	2.99628E+2	1.00004E-4	3.72603E-4	3.72587E+0
1.29376E+0	1.29312E+0	2.99627E+2	1.00004E-4	3.72655E-4	3.72638E+0
1.28090E+0	1.28092E+0	2.99626E+2	1.00004E-4	3.72570E-4	3.72554E+0
1.26818E+0	1.26861E+0	2.99627E+2	1.00004E-4	3.72392E-4	3.72376E+0
1.25605E+0	1.25629E+0	2.99626E+2	1.00004E-4	3.72343E-4	3.72327E+0
1.24278E+0	1.24400E+0	2.99624E+2	1.00004E-4	3.72477E-4	3.72461E+0
1.22973E+0	1.23168E+0	2.99625E+2	1.00004E-4	3.72597E-4	3.72581E+0
1.21707E+0	1.21942E+0	2.99625E+2	1.00004E-4	3.72650E-4	3.72633E+0
1.20467E+0	1.20707E+0	2.99623E+2	1.00004E-4	3.72586E-4	3.72570E+0
1.19184E+0	1.19475E+0	2.99623E+2	1.00004E-4	3.72408E-4	3.72392E+0
1.17914E+0	1.18246E+0	2.99620E+2	1.00004E-4	3.72550E-4	3.72534E+0
1.16734E+0	1.17001E+0	2.99618E+2	1.00004E-4	3.72756E-4	3.72740E+0
1.15454E+0	1.15754E+0	2.99617E+2	1.00004E-4	3.72781E-4	3.72766E+0
1.14166E+0	1.14511E+0	2.99616E+2	1.00004E-4	3.72749E-4	3.72733E+0
1.12870E+0	1.13269E+0	2.99614E+2	1.00004E-4	3.72719E-4	3.72704E+0
1.11618E+0	1.12049E+0	2.99613E+2	1.00004E-4	3.72524E-4	3.72509E+0
1.10381E+0	1.10830E+0	2.99610E+2	1.00004E-4	3.72486E-4	3.72470E+0
1.09147E+0	1.09586E+0	2.99610E+2	1.00004E-4	3.72642E-4	3.72625E+0
1.07867E+0	1.08356E+0	2.99607E+2	1.00004E-4	3.72578E-4	3.72562E+0
1.06572E+0	1.07129E+0	2.99603E+2	1.00004E-4	3.72433E-4	3.72418E+0
1.05288E+0	1.05888E+0	2.99601E+2	1.00004E-4	3.72514E-4	3.72498E+0
1.03955E+0	1.04661E+0	2.99600E+2	1.00004E-4	3.72657E-4	3.72642E+0
1.02750E+0	1.03441E+0	2.99597E+2	1.00004E-4	3.72548E-4	3.72533E+0
1.01552E+0	1.02197E+0	2.99594E+2	1.00004E-4	3.72506E-4	3.72491E+0
1.00241E+0	1.00923E+0	2.99592E+2	1.00004E-4	3.72541E-4	3.72525E+0
9.89977E-1	9.96478E-1	2.99590E+2	1.00004E-4	3.72587E-4	3.72571E+0
9.76859E-1	9.83735E-1	2.99588E+2	1.00004E-4	3.72599E-4	3.72583E+0
9.64425E-1	9.70961E-1	2.99585E+2	1.00004E-4	3.72505E-4	3.72489E+0
9.52233E-1	9.58092E-1	2.99582E+2	1.00004E-4	3.72456E-4	3.72440E+0
9.39386E-1	9.45151E-1	2.99580E+2	1.00004E-4	3.72448E-4	3.72432E+0
9.26786E-1	9.32361E-1	2.99577E+2	1.00004E-4	3.72619E-4	3.72603E+0
9.13846E-1	9.19645E-1	2.99575E+2	1.00004E-4	3.72611E-4	3.72595E+0
9.01438E-1	9.06910E-1	2.99572E+2	1.00004E-4	3.72539E-4	3.72523E+0
8.89193E-1	8.94370E-1	2.99570E+2	1.00004E-4	3.72511E-4	3.72495E+0
8.76205E-1	8.81767E-1	2.99568E+2	1.00004E-4	3.72500E-4	3.72484E+0
8.63583E-1	8.69142E-1	2.99566E+2	1.00004E-4	3.72637E-4	3.72622E+0
8.50597E-1	8.56670E-1	2.99563E+2	1.00004E-4	3.72514E-4	3.72498E+0
8.38049E-1	8.44152E-1	2.99558E+2	1.00004E-4	3.72519E-4	3.72503E+0
8.25159E-1	8.31715E-1	2.99555E+2	1.00004E-4	3.72709E-4	3.72693E+0
8.12367E-1	8.19384E-1	2.99553E+2	1.00004E-4	3.72708E-4	3.72692E+0
7.99832E-1	8.06847E-1	2.99551E+2	1.00004E-4	3.72651E-4	3.72635E+0
7.87118E-1	7.94464E-1	2.99548E+2	1.00004E-4	3.72565E-4	3.72548E+0
7.74702E-1	7.82098E-1	2.99544E+2	1.00004E-4	3.72577E-4	3.72561E+0
7.61816E-1	7.69728E-1	2.99542E+2	1.00004E-4	3.72730E-4	3.72714E+0
7.49367E-1	7.57417E-1	2.99539E+2	1.00004E-4	3.72823E-4	3.72807E+0
7.37176E-1	7.45055E-1	2.99536E+2	1.00004E-4	3.72829E-4	3.72813E+0
7.24017E-1	7.32916E-1	2.99533E+2	1.00004E-4	3.72788E-4	3.72773E+0
7.11429E-1	7.20689E-1	2.99531E+2	1.00004E-4	3.72756E-4	3.72740E+0
6.98360E-1	7.08372E-1	2.99528E+2	1.00004E-4	3.72643E-4	3.72628E+0
6.85444E-1	6.96183E-1	2.99524E+2	1.00004E-4	3.72554E-4	3.72539E+0
6.73306E-1	6.83956E-1	2.99521E+2	1.00004E-4	3.72565E-4	3.72549E+0
6.60693E-1	6.71811E-1	2.99520E+2	1.00004E-4	3.72556E-4	3.72540E+0
6.48225E-1	6.59755E-1	2.99518E+2	1.00004E-4	3.72578E-4	3.72563E+0
6.35620E-1	6.47519E-1	2.99513E+2	1.00004E-4	3.72709E-4	3.72692E+0
6.22492E-1	6.35297E-1	2.99511E+2	1.00004E-4	3.72669E-4	3.72653E+0
6.09242E-1	6.23248E-1	2.99508E+2	1.00004E-4	3.72615E-4	3.72600E+0
5.96888E-1	6.11178E-1	2.99504E+2	1.00004E-4	3.72693E-4	3.72677E+0
5.84909E-1	5.98974E-1	2.99501E+2	1.00004E-4	3.72699E-4	3.72683E+0
5.72029E-1	5.86749E-1	2.99501E+2	1.00004E-4	3.72621E-4	3.72605E+0
5.59367E-1	5.74684E-1	2.99499E+2	1.00004E-4	3.72632E-4	3.72616E+0
5.46655E-1	5.62680E-1	2.99495E+2	1.00004E-4	3.72689E-4	3.72673E+0
5.33746E-1	5.50608E-1	2.99491E+2	1.00004E-4	3.72696E-4	3.72681E+0
5.21461E-1	5.38510E-1	2.99488E+2	1.00004E-4	3.72754E-4	3.72738E+0
5.09081E-1	5.26286E-1	2.99485E+2	1.00004E-4	3.72727E-4	3.72711E+0
4.96277E-1	5.14026E-1	2.99481E+2	1.00004E-4	3.72614E-4	3.72598E+0
4.82503E-1	5.01977E-1	2.99479E+2	1.00004E-4	3.72558E-4	3.72542E+0
4.70275E-1	4.89870E-1	2.99477E+2	1.00004E-4	3.72625E-4	3.72609E+0
4.58605E-1	4.77745E-1	2.99475E+2	1.00004E-4	3.72682E-4	3.72666E+0
4.45748E-1	4.65612E-1	2.99473E+2	1.00004E-4	3.72663E-4	3.72648E+0
4.32608E-1	4.53524E-1	2.99471E+2	1.00004E-4	3.72695E-4	3.72679E+0
4.19665E-1	4.41450E-1	2.99467E+2	1.00004E-4	3.72620E-4	3.72604E+0
4.07488E-1	4.29179E-1	2.99463E+2	1.00004E-4	3.72683E-4	3.72668E+0
3.94684E-1	4.16937E-1	2.99462E+2	1.00004E-4	3.72668E-4	3.72653E+0
3.81850E-1	4.04815E-1	2.99458E+2	1.00004E-4	3.72665E-4	3.72649E+0
3.69681E-1	3.92783E-1	2.99454E+2	1.00004E-4	3.72754E-4	3.72738E+0
3.56643E-1	3.80541E-1	2.99454E+2	1.00004E-4	3.72782E-4	3.72766E+0
3.43462E-1	3.67896E-1	2.99452E+2	1.00004E-4	3.72793E-4	3.72777E+0
3.31467E-1	3.55370E-1	2.99449E+2	1.00004E-4	3.72736E-4	3.72720E+0
3.19162E-1	3.43281E-1	2.99447E+2	1.00004E-4	3.72723E-4	3.72707E+0
3.06152E-1	3.31166E-1	2.99446E+2	1.00004E-4	3.72642E-4	3.72626E+0
2.93290E-1	3.18935E-1	2.99443E+2	1.00004E-4	3.72599E-4	3.72583E+0
2.80549E-1	3.06569E-1	2.99441E+2	1.00004E-4	3.72681E-4	3.72665E+0
2.68054E-1	2.94246E-1	2.99438E+2	1.00004E-4	3.72666E-4	3.72650E+0
2.55287E-1	2.82019E-1	2.99438E+2	1.00004E-4	3.72656E-4	3.72640E+0
2.42795E-1	2.69710E-1	2.99437E+2	1.00004E-4	3.72655E-4	3.72639E+0
2.30077E-1	2.57268E-1	2.99434E+2	1.00004E-4	3.72654E-4	3.72639E+0
2.17737E-1	2.44843E-1	2.99432E+2	1.00004E-4	3.72652E-4	3.72636E+0
2.05207E-1	2.32462E-1	2.99429E+2	1.00004E-4	3.72632E-4	3.72615E+0
1.92484E-1	2.20020E-1	2.99425E+2	1.00004E-4	3.72704E-4	3.72687E+0
1.79679E-1	2.07608E-1	2.99424E+2	1.00004E-4	3.72765E-4	3.72749E+0
1.66884E-1	1.95019E-1	2.99422E+2	1.00004E-4	3.72709E-4	3.72693E+0
1.54061E-1	1.82560E-1	2.99419E+2	1.00004E-4	3.72693E-4	3.72677E+0
1.41647E-1	1.70105E-1	2.99417E+2	1.00004E-4	3.72704E-4	3.72688E+0
1.29309E-1	1.57553E-1	2.99417E+2	1.00004E-4	3.72609E-4	3.72593E+0
1.16410E-1	1.45005E-1	2.99415E+2	1.00004E-4	3.72547E-4	3.72532E+0
1.03328E-1	1.32427E-1	2.99413E+2	1.00004E-4	3.72509E-4	3.72493E+0
9.03365E-2	1.19906E-1	2.99411E+2	1.00004E-4	3.72521E-4	3.72505E+0
7.82384E-2	1.07720E-1	2.99408E+2	1.00004E-4	3.72569E-4	3.72552E+0
6.55185E-2	9.54860E-2	2.99406E+2	1.00004E-4	3.72600E-4	3.72584E+0
5.28399E-2	8.28265E-2	2.99403E+2	1.00004E-4	3.72557E-4	3.72540E+0
4.06387E-2	7.02158E-2	2.99401E+2	1.00004E-4	3.72519E-4	3.72503E+0
2.78784E-2	5.76001E-2	2.99401E+2	1.00004E-4	3.72569E-4	3.72553E+0
1.50473E-2	4.49399E-2	2.99401E+2	1.00004E-4	3.72643E-4	3.72627E+0
5.08057E-3	3.28637E-2	2.99400E+2	1.00004E-4	3.72664E-4	3.72648E+0
1.15199E-3	2.27061E-2	2.99398E+2	1.00004E-4	3.72654E-4	3.72638E+0
9.50000E-4	1.54653E-2	2.99396E+2	1.00004E-4	3.72636E-4	3.72621E+0
6.87275E-4	1.09323E-2	2.99392E+2	1.00004E-4	3.72673E-4	3.72657E+0
7.27757E-4	8.56367E-3	2.99393E+2	1.00004E-4	3.72646E-4	3.72631E+0
9.50000E-4	7.53576E-3	2.99392E+2	1.00004E-4	3.72693E-4	3.72677E+0
-4.61464E-3	6.74013E-3	2.99390E+2	1.00004E-4	3.72665E-4	3.72649E+0
-1.37152E-2	5.13123E-3	2.99389E+2	1.00004E-4	3.72630E-4	3.72615E+0
-2.67130E-2	3.76522E-4	2.99386E+2	1.00004E-4	3.72660E-4	3.72644E+0
-3.97269E-2	-8.90554E-3	2.99386E+2	1.00004E-4	3.72598E-4	3.72581E+0
-5.22281E-2	-2.04797E-2	2.99385E+2	1.00004E-4	3.72606E-4	3.72590E+0
-6.46462E-2	-3.26328E-2	2.99381E+2	1.00004E-4	3.72615E-4	3.72599E+0
-7.75414E-2	-4.46618E-2	2.99381E+2	1.00004E-4	3.72617E-4	3.72601E+0
-9.05799E-2	-5.67944E-2	2.99380E+2	1.00004E-4	3.72695E-4	3.72680E+0
-1.02668E-1	-6.94774E-2	2.99379E+2	1.00004E-4	3.72641E-4	3.72625E+0
-1.15376E-1	-8.23089E-2	2.99379E+2	1.00004E-4	3.72632E-4	3.72616E+0
-1.27853E-1	-9.50440E-2	2.99377E+2	1.00004E-4	3.72653E-4	3.72637E+0
-1.40388E-1	-1.07526E-1	2.99375E+2	1.00004E-4	3.72668E-4	3.72653E+0
-1.53325E-1	-1.19834E-1	2.99375E+2	1.00004E-4	3.72732E-4	3.72716E+0
-1.65965E-1	-1.32212E-1	2.99375E+2	1.00004E-4	3.72716E-4	3.72700E+0
-1.78723E-1	-1.44471E-1	2.99375E+2	1.00004E-4	3.72729E-4	3.72713E+0
-1.91508E-1	-1.56527E-1	2.99375E+2	1.00004E-4	3.72720E-4	3.72704E+0
-2.04287E-1	-1.68622E-1	2.99373E+2	1.00004E-4	3.72722E-4	3.72706E+0
-2.16787E-1	-1.80421E-1	2.99371E+2	1.00004E-4	3.72689E-4	3.72673E+0
-2.28875E-1	-1.92194E-1	2.99372E+2	1.00004E-4	3.72585E-4	3.72569E+0
-2.42174E-1	-2.04060E-1	2.99372E+2	1.00004E-4	3.72591E-4	3.72574E+0
-2.54772E-1	-2.15947E-1	2.99370E+2	1.00004E-4	3.72606E-4	3.72590E+0
-2.67044E-1	-2.28158E-1	2.99369E+2	1.00004E-4	3.72591E-4	3.72575E+0
-2.79637E-1	-2.40665E-1	2.99370E+2	1.00004E-4	3.72640E-4	3.72625E+0
-2.92468E-1	-2.53167E-1	2.99372E+2	1.00004E-4	3.72630E-4	3.72614E+0
-3.05086E-1	-2.65616E-1	2.99371E+2	1.00004E-4	3.72636E-4	3.72620E+0
-3.17848E-1	-2.78214E-1	2.99369E+2	1.00004E-4	3.72611E-4	3.72595E+0
-3.31006E-1	-2.90776E-1	2.99369E+2	1.00004E-4	3.72612E-4	3.72595E+0
-3.43539E-1	-3.03308E-1	2.99368E+2	1.00004E-4	3.72691E-4	3.72675E+0
-3.55874E-1	-3.15928E-1	2.99367E+2	1.00004E-4	3.72732E-4	3.72717E+0
-3.68590E-1	-3.28338E-1	2.99366E+2	1.00004E-4	3.72679E-4	3.72664E+0
-3.80712E-1	-3.40698E-1	2.99365E+2	1.00004E-4	3.72642E-4	3.72626E+0
-3.93575E-1	-3.50373E-1	2.99364E+2	1.00004E-4	3.72670E-4	3.72654E+0
-4.06663E-1	-3.61655E-1	2.99361E+2	1.00004E-4	3.72644E-4	3.72628E+0
-4.19359E-1	-3.75964E-1	2.99361E+2	1.00004E-4	3.72581E-4	3.72565E+0
-4.32313E-1	-3.89445E-1	2.99361E+2	1.00004E-4	3.72547E-4	3.72531E+0
-4.44849E-1	-4.02345E-1	2.99358E+2	1.00004E-4	3.72688E-4	3.72672E+0
-4.57389E-1	-4.15327E-1	2.99357E+2	1.00004E-4	3.72780E-4	3.72764E+0
-4.70113E-1	-4.28181E-1	2.99358E+2	1.00004E-4	3.72672E-4	3.72656E+0
-4.82704E-1	-4.40280E-1	2.99357E+2	1.00004E-4	3.72642E-4	3.72626E+0
-4.95260E-1	-4.52302E-1	2.99355E+2	1.00004E-4	3.72618E-4	3.72602E+0
-5.07138E-1	-4.64438E-1	2.99354E+2	1.00004E-4	3.72647E-4	3.72631E+0
-5.19832E-1	-4.76502E-1	2.99351E+2	1.00004E-4	3.72720E-4	3.72704E+0
-5.32954E-1	-4.88408E-1	2.99350E+2	1.00004E-4	3.72625E-4	3.72609E+0
-5.45393E-1	-5.00537E-1	2.99347E+2	1.00004E-4	3.72514E-4	3.72499E+0
-5.58291E-1	-5.12769E-1	2.99345E+2	1.00004E-4	3.72500E-4	3.72485E+0
-5.70982E-1	-5.24845E-1	2.99344E+2	1.00004E-4	3.72557E-4	3.72541E+0
-5.83585E-1	-5.36900E-1	2.99345E+2	1.00004E-4	3.72620E-4	3.72604E+0
-5.96529E-1	-5.48984E-1	2.99344E+2	1.00004E-4	3.72605E-4	3.72589E+0
-6.09495E-1	-5.61070E-1	2.99341E+2	1.00004E-4	3.72641E-4	3.72625E+0
-6.22177E-1	-5.73261E-1	2.99337E+2	1.00004E-4	3.72650E-4	3.72634E+0
-6.34599E-1	-5.85349E-1	2.99337E+2	1.00004E-4	3.72655E-4	3.72638E+0
-6.47424E-1	-5.97395E-1	2.99337E+2	1.00004E-4	3.72705E-4	3.72689E+0
-6.59857E-1	-6.09550E-1	2.99335E+2	1.00004E-4	3.72631E-4	3.72614E+0
-6.72115E-1	-6.21721E-1	2.99334E+2	1.00004E-4	3.72540E-4	3.72524E+0
-6.84835E-1	-6.33990E-1	2.99333E+2	1.00004E-4	3.72468E-4	3.72452E+0
-6.97762E-1	-6.46163E-1	2.99331E+2	1.00004E-4	3.72430E-4	3.72414E+0
-7.10418E-1	-6.58194E-1	2.99329E+2	1.00004E-4	3.72545E-4	3.72530E+0
-7.22604E-1	-6.70379E-1	2.99329E+2	1.00004E-4	3.72734E-4	3.72719E+0
-7.35395E-1	-6.82571E-1	2.99329E+2	1.00004E-4	3.72809E-4	3.72793E+0
-7.48287E-1	-6.94678E-1	2.99330E+2	1.00004E-4	3.72752E-4	3.72737E+0
-7.61220E-1	-7.06836E-1	2.99329E+2	1.00004E-4	3.72654E-4	3.72638E+0
-7.74013E-1	-7.19044E-1	2.99325E+2	1.00004E-4	3.72592E-4	3.72576E+0
-7.86102E-1	-7.31248E-1	2.99324E+2	1.00004E-4	3.72550E-4	3.72535E+0
-7.98726E-1	-7.43488E-1	2.99325E+2	1.00004E-4	3.72533E-4	3.72517E+0
-8.11688E-1	-7.55809E-1	2.99324E+2	1.00004E-4	3.72641E-4	3.72626E+0
-8.24906E-1	-7.68019E-1	2.99323E+2	1.00004E-4	3.72752E-4	3.72736E+0
-8.37377E-1	-7.80243E-1	2.99324E+2	1.00004E-4	3.72717E-4	3.72701E+0
-8.49761E-1	-7.92607E-1	2.99323E+2	1.00004E-4	3.72652E-4	3.72636E+0
-8.62222E-1	-8.04822E-1	2.99321E+2	1.00004E-4	3.72649E-4	3.72633E+0
-8.74682E-1	-8.17058E-1	2.99319E+2	1.00004E-4	3.72688E-4	3.72672E+0
-8.87415E-1	-8.29409E-1	2.99319E+2	1.00004E-4	3.72701E-4	3.72684E+0
-9.00351E-1	-8.41781E-1	2.99320E+2	1.00004E-4	3.72727E-4	3.72711E+0
-9.13334E-1	-8.54266E-1	2.99322E+2	1.00004E-4	3.72689E-4	3.72673E+0
-9.26025E-1	-8.66692E-1	2.99322E+2	1.00004E-4	3.72710E-4	3.72694E+0
-9.38259E-1	-8.79089E-1	2.99321E+2	1.00004E-4	3.72819E-4	3.72803E+0
-9.50727E-1	-8.91591E-1	2.99319E+2	1.00004E-4	3.72817E-4	3.72801E+0
-9.63325E-1	-9.04219E-1	2.99320E+2	1.00004E-4	3.72698E-4	3.72682E+0
-9.76012E-1	-9.16801E-1	2.99320E+2	1.00004E-4	3.72700E-4	3.72684E+0
-9.89192E-1	-9.29369E-1	2.99319E+2	1.00004E-4	3.72793E-4	3.72778E+0
-1.00163E+0	-9.42153E-1	2.99318E+2	1.00004E-4	3.72919E-4	3.72904E+0
-1.01423E+0	-9.54869E-1	2.99319E+2	1.00004E-4	3.72990E-4	3.72974E+0
-1.02674E+0	-9.67621E-1	2.99320E+2	1.00004E-4	3.73008E-4	3.72992E+0
-1.03980E+0	-9.80561E-1	2.99319E+2	1.00004E-4	3.72885E-4	3.72869E+0
-1.05214E+0	-9.93289E-1	2.99320E+2	1.00004E-4	3.72737E-4	3.72721E+0
-1.06501E+0	-1.00584E+0	2.99319E+2	1.00004E-4	3.72793E-4	3.72778E+0
-1.07748E+0	-1.01834E+0	2.99318E+2	1.00004E-4	3.72854E-4	3.72838E+0
-1.08966E+0	-1.03087E+0	2.99319E+2	1.00004E-4	3.72652E-4	3.72636E+0
-1.10265E+0	-1.04346E+0	2.99318E+2	1.00004E-4	3.72473E-4	3.72457E+0
-1.11502E+0	-1.05596E+0	2.99318E+2	1.00004E-4	3.72688E-4	3.72672E+0
-1.12787E+0	-1.06836E+0	2.99317E+2	1.00004E-4	3.72911E-4	3.72895E+0
-1.14077E+0	-1.08087E+0	2.99319E+2	1.00004E-4	3.72787E-4	3.72771E+0
-1.15358E+0	-1.09328E+0	2.99320E+2	1.00004E-4	3.72717E-4	3.72702E+0
-1.16633E+0	-1.10554E+0	2.99319E+2	1.00004E-4	3.72827E-4	3.72811E+0
-1.17868E+0	-1.11773E+0	2.99319E+2	1.00004E-4	3.72794E-4	3.72778E+0
-1.19170E+0	-1.12994E+0	2.99319E+2	1.00004E-4	3.72853E-4	3.72837E+0
-1.20392E+0	-1.14220E+0	2.99320E+2	1.00004E-4	3.72961E-4	3.72945E+0
-1.21639E+0	-1.15456E+0	2.99322E+2	1.00004E-4	3.72818E-4	3.72802E+0
-1.22955E+0	-1.16691E+0	2.99321E+2	1.00004E-4	3.72648E-4	3.72631E+0
-1.24207E+0	-1.17919E+0	2.99321E+2	1.00004E-4	3.72679E-4	3.72663E+0
-1.25491E+0	-1.19141E+0	2.99321E+2	1.00004E-4	3.72824E-4	3.72808E+0
-1.26762E+0	-1.20377E+0	2.99321E+2	1.00004E-4	3.72845E-4	3.72829E+0
-1.28022E+0	-1.21612E+0	2.99319E+2	1.00004E-4	3.72771E-4	3.72755E+0
-1.29295E+0	-1.22838E+0	2.99321E+2	1.00004E-4	3.72790E-4	3.72774E+0
-1.30577E+0	-1.24067E+0	2.99321E+2	1.00004E-4	3.72940E-4	3.72924E+0
-1.31866E+0	-1.25294E+0	2.99320E+2	1.00004E-4	3.72849E-4	3.72833E+0
-1.33059E+0	-1.26526E+0	2.99321E+2	1.00004E-4	3.72633E-4	3.72618E+0
-1.34373E+0	-1.27754E+0	2.99323E+2	1.00004E-4	3.72678E-4	3.72662E+0
-1.35651E+0	-1.28981E+0	2.99324E+2	1.00004E-4	3.72682E-4	3.72665E+0
-1.36912E+0	-1.30216E+0	2.99323E+2	1.00004E-4	3.72693E-4	3.72677E+0
-1.38116E+0	-1.31475E+0	2.99324E+2	1.00004E-4	3.72805E-4	3.72789E+0
-1.39350E+0	-1.32717E+0	2.99325E+2	1.00004E-4	3.72875E-4	3.72858E+0
-1.40698E+0	-1.33949E+0	2.99325E+2	1.00004E-4	3.72683E-4	3.72667E+0
-1.41917E+0	-1.35190E+0	2.99325E+2	1.00004E-4	3.72823E-4	3.72807E+0
-1.43228E+0	-1.36414E+0	2.99324E+2	1.00004E-4	3.73064E-4	3.73048E+0
-1.44503E+0	-1.37641E+0	2.99324E+2	1.00004E-4	3.72838E-4	3.72822E+0
-1.45687E+0	-1.38880E+0	2.99325E+2	1.00004E-4	3.72686E-4	3.72670E+0
-1.47000E+0	-1.40110E+0	2.99325E+2	1.00004E-4	3.72790E-4	3.72774E+0
-1.48253E+0	-1.41347E+0	2.99325E+2	1.00004E-4	3.72870E-4	3.72854E+0
-1.49573E+0	-1.42590E+0	2.99326E+2	1.00004E-4	3.72944E-4	3.72928E+0
-1.50829E+0	-1.43828E+0	2.99325E+2	1.00004E-4	3.73053E-4	3.73037E+0
-1.52115E+0	-1.45057E+0	2.99324E+2	1.00004E-4	3.73045E-4	3.73029E+0
-1.53403E+0	-1.46284E+0	2.99324E+2	1.00004E-4	3.72957E-4	3.72942E+0
-1.54605E+0	-1.47512E+0	2.99327E+2	1.00004E-4	3.72812E-4	3.72796E+0
-1.55894E+0	-1.48745E+0	2.99328E+2	1.00004E-4	3.72787E-4	3.72771E+0
-1.57112E+0	-1.49991E+0	2.99326E+2	1.00004E-4	3.72941E-4	3.72925E+0
-1.58437E+0	-1.51226E+0	2.99326E+2	1.00004E-4	3.73050E-4	3.73035E+0
-1.59692E+0	-1.52464E+0	2.99325E+2	1.00004E-4	3.72931E-4	3.72916E+0
-1.60960E+0	-1.53701E+0	2.99327E+2	1.00004E-4	3.72866E-4	3.72851E+0
-1.62236E+0	-1.54927E+0	2.99328E+2	1.00004E-4	3.73002E-4	3.72986E+0
-1.63414E+0	-1.56169E+0	2.99327E+2	1.00004E-4	3.73148E-4	3.73132E+0
-1.64749E+0	-1.57408E+0	2.99327E+2	1.00004E-4	3.73184E-4	3.73168E+0
-1.66049E+0	-1.58638E+0	2.99327E+2	1.00004E-4	3.73208E-4	3.73192E+0
-1.67314E+0	-1.59877E+0	2.99325E+2	1.00004E-4	3.73048E-4	3.73031E+0
-1.68595E+0	-1.61117E+0	2.99325E+2	1.00004E-4	3.72909E-4	3.72893E+0
-1.69776E+0	-1.62358E+0	2.99326E+2	1.00004E-4	3.72943E-4	3.72927E+0
-1.71096E+0	-1.63595E+0	2.99327E+2	1.00004E-4	3.73089E-4	3.73073E+0
-1.72377E+0	-1.64834E+0	2.99326E+2	1.00004E-4	3.72910E-4	3.72894E+0
-1.73588E+0	-1.66083E+0	2.99326E+2	1.00004E-4	3.72620E-4	3.72604E+0
-1.74900E+0	-1.67328E+0	2.99327E+2	1.00004E-4	3.72773E-4	3.72757E+0
-1.76133E+0	-1.68564E+0	2.99327E+2	1.00004E-4	3.73070E-4	3.73054E+0
-1.77384E+0	-1.69797E+0	2.99328E+2	1.00004E-4	3.72984E-4	3.72968E+0
-1.78588E+0	-1.71039E+0	2.99327E+2	1.00004E-4	3.72778E-4	3.72762E+0
-1.79935E+0	-1.72279E+0	2.99327E+2	1.00004E-4	3.72909E-4	3.72893E+0
-1.81220E+0	-1.73522E+0	2.99327E+2	1.00004E-4	3.73003E-4	3.72987E+0
-1.82429E+0	-1.74768E+0	2.99327E+2	1.00004E-4	3.72923E-4	3.72907E+0
-1.83758E+0	-1.76004E+0	2.99328E+2	1.00004E-4	3.72856E-4	3.72841E+0
-1.84980E+0	-1.77243E+0	2.99328E+2	1.00004E-4	3.72996E-4	3.72980E+0
-1.86282E+0	-1.78486E+0	2.99328E+2	1.00004E-4	3.73061E-4	3.73044E+0
-1.87534E+0	-1.79733E+0	2.99327E+2	1.00004E-4	3.72942E-4	3.72926E+0
-1.88835E+0	-1.80976E+0	2.99326E+2	1.00004E-4	3.73008E-4	3.72991E+0
-1.90066E+0	-1.82222E+0	2.99326E+2	1.00004E-4	3.73238E-4	3.73222E+0
-1.91251E+0	-1.83469E+0	2.99326E+2	1.00004E-4	3.73066E-4	3.73050E+0
-1.92590E+0	-1.84706E+0	2.99326E+2	1.00004E-4	3.72750E-4	3.72734E+0
-1.93785E+0	-1.85950E+0	2.99327E+2	1.00004E-4	3.72593E-4	3.72577E+0
-1.95097E+0	-1.87203E+0	2.99326E+2	1.00004E-4	3.72600E-4	3.72584E+0
-1.96440E+0	-1.88452E+0	2.99326E+2	1.00004E-4	3.72849E-4	3.72833E+0
-1.97638E+0	-1.89691E+0	2.99327E+2	1.00004E-4	3.72874E-4	3.72858E+0
-1.98904E+0	-1.90931E+0	2.99326E+2	1.00004E-4	3.72825E-4	3.72810E+0
-1.99846E+0	-1.92135E+0	2.99327E+2	1.00004E-4	3.73077E-4	3.73061E+0
-2.00152E+0	-1.93121E+0	2.99327E+2	1.00004E-4	3.73080E-4	3.73064E+0
-2.00124E+0	-1.93777E+0	2.99326E+2	1.00004E-4	3.72927E-4	3.72912E+0
-2.00105E+0	-1.94194E+0	2.99326E+2	1.00004E-4	3.72949E-4	3.72934E+0
-2.00143E+0	-1.94427E+0	2.99327E+2	1.00004E-4	3.73256E-4	3.73240E+0
-2.00152E+0	-1.94530E+0	2.99326E+2	1.00004E-4	3.73179E-4	3.73163E+0
-1.99668E+0	-1.94578E+0	2.99325E+2	1.00004E-4	3.72831E-4	3.72816E+0
-1.98536E+0	-1.94578E+0	2.99327E+2	1.00004E-4	3.72949E-4	3.72934E+0
-1.97214E+0	-1.94504E+0	2.99327E+2	1.00004E-4	3.72994E-4	3.72979E+0
-1.96068E+0	-1.94229E+0	2.99326E+2	1.00004E-4	3.72949E-4	3.72933E+0
-1.94781E+0	-1.93472E+0	2.99326E+2	1.00004E-4	3.73155E-4	3.73139E+0
-1.93517E+0	-1.92248E+0	2.99324E+2	1.00004E-4	3.72932E-4	3.72916E+0
-1.92258E+0	-1.90905E+0	2.99323E+2	1.00004E-4	3.72724E-4	3.72709E+0
-1.91031E+0	-1.89595E+0	2.99323E+2	1.00004E-4	3.72601E-4	3.72585E+0
-1.89839E+0	-1.88324E+0	2.99325E+2	1.00004E-4	3.72678E-4	3.72662E+0
-1.88506E+0	-1.87073E+0	2.99325E+2	1.00004E-4	3.72962E-4	3.72946E+0
-1.87207E+0	-1.85828E+0	2.99325E+2	1.00004E-4	3.72912E-4	3.72896E+0
-1.85915E+0	-1.84581E+0	2.99326E+2	1.00004E-4	3.72862E-4	3.72847E+0
-1.84677E+0	-1.83343E+0	2.99327E+2	1.00004E-4	3.72939E-4	3.72923E+0
-1.83348E+0	-1.82115E+0	2.99327E+2	1.00004E-4	3.73004E-4	3.72988E+0
-1.82005E+0	-1.80878E+0	2.99327E+2	1.00004E-4	3.72831E-4	3.72815E+0
-1.80844E+0	-1.79635E+0	2.99327E+2	1.00004E-4	3.72675E-4	3.72659E+0
-1.79614E+0	-1.78404E+0	2.99328E+2	1.00004E-4	3.72917E-4	3.72902E+0
-1.78343E+0	-1.77169E+0	2.99329E+2	1.00004E-4	3.72894E-4	3.72878E+0
-1.77018E+0	-1.75933E+0	2.99330E+2	1.00004E-4	3.72716E-4	3.72700E+0
-1.75754E+0	-1.74692E+0	2.99330E+2	1.00004E-4	3.72598E-4	3.72582E+0
-1.74542E+0	-1.73454E+0	2.99332E+2	1.00004E-4	3.72663E-4	3.72647E+0
-1.73289E+0	-1.72216E+0	2.99334E+2	1.00004E-4	3.72784E-4	3.72768E+0
-1.72054E+0	-1.70975E+0	2.99333E+2	1.00004E-4	3.72907E-4	3.72891E+0
-1.70731E+0	-1.69744E+0	2.99334E+2	1.00004E-4	3.72738E-4	3.72722E+0
-1.69434E+0	-1.68510E+0	2.99335E+2	1.00004E-4	3.72536E-4	3.72520E+0
-1.68112E+0	-1.67260E+0	2.99336E+2	1.00004E-4	3.72668E-4	3.72652E+0
-1.66852E+0	-1.66027E+0	2.99337E+2	1.00004E-4	3.72680E-4	3.72663E+0
-1.65643E+0	-1.64798E+0	2.99338E+2	1.00004E-4	3.72613E-4	3.72597E+0
-1.64369E+0	-1.63556E+0	2.99338E+2	1.00004E-4	3.72783E-4	3.72767E+0
-1.63099E+0	-1.62310E+0	2.99341E+2	1.00004E-4	3.72935E-4	3.72919E+0
-1.61801E+0	-1.61078E+0	2.99342E+2	1.00004E-4	3.72757E-4	3.72742E+0
-1.60622E+0	-1.59845E+0	2.99343E+2	1.00004E-4	3.72756E-4	3.72740E+0
-1.59408E+0	-1.58603E+0	2.99344E+2	1.00004E-4	3.72919E-4	3.72903E+0
-1.58066E+0	-1.57370E+0	2.99345E+2	1.00004E-4	3.72865E-4	3.72849E+0
-1.56786E+0	-1.56130E+0	2.99346E+2	1.00004E-4	3.72923E-4	3.72907E+0
-1.55538E+0	-1.54888E+0	2.99346E+2	1.00004E-4	3.72954E-4	3.72939E+0
-1.54317E+0	-1.53656E+0	2.99347E+2	1.00004E-4	3.72965E-4	3.72949E+0
-1.53050E+0	-1.52414E+0	2.99347E+2	1.00004E-4	3.73097E-4	3.73081E+0
-1.51719E+0	-1.51170E+0	2.99348E+2	1.00004E-4	3.73084E-4	3.73068E+0
-1.50451E+0	-1.49932E+0	2.99349E+2	1.00004E-4	3.72959E-4	3.72942E+0
-1.49192E+0	-1.48698E+0	2.99350E+2	1.00004E-4	3.72883E-4	3.72867E+0
-1.47939E+0	-1.47465E+0	2.99351E+2	1.00004E-4	3.72806E-4	3.72790E+0
-1.46618E+0	-1.46222E+0	2.99352E+2	1.00004E-4	3.72583E-4	3.72567E+0
-1.45360E+0	-1.44980E+0	2.99352E+2	1.00004E-4	3.72598E-4	3.72582E+0
-1.44134E+0	-1.43749E+0	2.99353E+2	1.00004E-4	3.72793E-4	3.72777E+0
-1.42850E+0	-1.42519E+0	2.99354E+2	1.00004E-4	3.72950E-4	3.72934E+0
-1.41597E+0	-1.41285E+0	2.99352E+2	1.00004E-4	3.72860E-4	3.72845E+0
-1.40293E+0	-1.40039E+0	2.99352E+2	1.00004E-4	3.72672E-4	3.72657E+0
-1.39088E+0	-1.38804E+0	2.99353E+2	1.00004E-4	3.72740E-4	3.72724E+0
-1.37861E+0	-1.37576E+0	2.99354E+2	1.00004E-4	3.73090E-4	3.73074E+0
-1.36613E+0	-1.36334E+0	2.99353E+2	1.00004E-4	3.72813E-4	3.72797E+0
-1.35345E+0	-1.35097E+0	2.99353E+2	1.00004E-4	3.72492E-4	3.72477E+0
-1.33979E+0	-1.33858E+0	2.99353E+2	1.00004E-4	3.72634E-4	3.72618E+0
-1.32785E+0	-1.32629E+0	2.99354E+2	1.00004E-4	3.72655E-4	3.72639E+0
-1.31473E+0	-1.31404E+0	2.99354E+2	1.00004E-4	3.72615E-4	3.72599E+0
-1.30147E+0	-1.30155E+0	2.99353E+2	1.00004E-4	3.72666E-4	3.72650E+0
-1.28935E+0	-1.28922E+0	2.99354E+2	1.00004E-4	3.72816E-4	3.72800E+0
-1.27665E+0	-1.27695E+0	2.99354E+2	1.00004E-4	3.72766E-4	3.72750E+0
-1.26437E+0	-1.26447E+0	2.99353E+2	1.00004E-4	3.72598E-4	3.72582E+0
-1.25150E+0	-1.25211E+0	2.99352E+2	1.00004E-4	3.72662E-4	3.72646E+0
-1.23902E+0	-1.23981E+0	2.99354E+2	1.00004E-4	3.72812E-4	3.72796E+0
-1.22707E+0	-1.22743E+0	2.99354E+2	1.00004E-4	3.72800E-4	3.72785E+0
-1.21390E+0	-1.21505E+0	2.99353E+2	1.00004E-4	3.72801E-4	3.72786E+0
-1.20067E+0	-1.20268E+0	2.99351E+2	1.00004E-4	3.72754E-4	3.72738E+0
-1.18786E+0	-1.19043E+0	2.99352E+2	1.00004E-4	3.72741E-4	3.72726E+0
-1.17524E+0	-1.17811E+0	2.99352E+2	1.00004E-4	3.72855E-4	3.72839E+0
-1.16224E+0	-1.16565E+0	2.99351E+2	1.00004E-4	3.72783E-4	3.72767E+0
-1.14999E+0	-1.15310E+0	2.99350E+2	1.00004E-4	3.72686E-4	3.72670E+0
-1.13793E+0	-1.14065E+0	2.99349E+2	1.00004E-4	3.72564E-4	3.72548E+0
-1.12489E+0	-1.12840E+0	2.99350E+2	1.00004E-4	3.72648E-4	3.72632E+0
-1.11207E+0	-1.11611E+0	2.99350E+2	1.00004E-4	3.72688E-4	3.72672E+0
-1.09845E+0	-1.10384E+0	2.99348E+2	1.00004E-4	3.72567E-4	3.72551E+0
-1.08664E+0	-1.09148E+0	2.99347E+2	1.00004E-4	3.72701E-4	3.72685E+0
-1.07511E+0	-1.07899E+0	2.99347E+2	1.00004E-4	3.72847E-4	3.72831E+0
-1.06190E+0	-1.06648E+0	2.99346E+2	1.00004E-4	3.72845E-4	3.72829E+0
-1.04922E+0	-1.05396E+0	2.99347E+2	1.00004E-4	3.72597E-4	3.72582E+0
-1.03596E+0	-1.04138E+0	2.99349E+2	1.00004E-4	3.72415E-4	3.72399E+0
-1.02354E+0	-1.02879E+0	2.99348E+2	1.00004E-4	3.72557E-4	3.72541E+0
-1.01092E+0	-1.01624E+0	2.99347E+2	1.00004E-4	3.72818E-4	3.72802E+0
-9.97851E-1	-1.00371E+0	2.99346E+2	1.00004E-4	3.72827E-4	3.72811E+0
-9.85580E-1	-9.91057E-1	2.99347E+2	1.00004E-4	3.72661E-4	3.72645E+0
-9.72825E-1	-9.78223E-1	2.99347E+2	1.00004E-4	3.72710E-4	3.72694E+0
-9.60147E-1	-9.65308E-1	2.99346E+2	1.00004E-4	3.72656E-4	3.72639E+0
-9.47470E-1	-9.52351E-1	2.99345E+2	1.00004E-4	3.72631E-4	3.72614E+0
-9.35047E-1	-9.39475E-1	2.99344E+2	1.00004E-4	3.72699E-4	3.72683E+0
-9.22826E-1	-9.26790E-1	2.99345E+2	1.00004E-4	3.72669E-4	3.72653E+0
-9.10019E-1	-9.14090E-1	2.99345E+2	1.00004E-4	3.72667E-4	3.72651E+0
-8.97173E-1	-9.01405E-1	2.99345E+2	1.00004E-4	3.72703E-4	3.72687E+0
-8.84001E-1	-8.88872E-1	2.99346E+2	1.00004E-4	3.72589E-4	3.72573E+0
-8.71366E-1	-8.76223E-1	2.99344E+2	1.00004E-4	3.72528E-4	3.72512E+0
-8.59762E-1	-8.63637E-1	2.99343E+2	1.00004E-4	3.72591E-4	3.72576E+0
-8.46982E-1	-8.51180E-1	2.99344E+2	1.00004E-4	3.72493E-4	3.72477E+0
-8.34082E-1	-8.38793E-1	2.99346E+2	1.00004E-4	3.72450E-4	3.72434E+0
-8.20598E-1	-8.26407E-1	2.99344E+2	1.00004E-4	3.72574E-4	3.72558E+0
-8.07661E-1	-8.13987E-1	2.99344E+2	1.00004E-4	3.72563E-4	3.72547E+0
-7.95379E-1	-8.01580E-1	2.99345E+2	1.00004E-4	3.72523E-4	3.72507E+0
-7.82658E-1	-7.89253E-1	2.99343E+2	1.00004E-4	3.72522E-4	3.72506E+0
-7.70393E-1	-7.76969E-1	2.99342E+2	1.00004E-4	3.72540E-4	3.72524E+0
-7.58066E-1	-7.64714E-1	2.99343E+2	1.00004E-4	3.72561E-4	3.72546E+0
-7.45196E-1	-7.52461E-1	2.99342E+2	1.00004E-4	3.72479E-4	3.72464E+0
-7.32349E-1	-7.40175E-1	2.99343E+2	1.00004E-4	3.72427E-4	3.72411E+0
-7.19890E-1	-7.27862E-1	2.99344E+2	1.00004E-4	3.72420E-4	3.72404E+0
-7.06980E-1	-7.15574E-1	2.99344E+2	1.00004E-4	3.72423E-4	3.72407E+0
-6.94241E-1	-7.03342E-1	2.99343E+2	1.00004E-4	3.72552E-4	3.72536E+0
-6.81732E-1	-6.91126E-1	2.99341E+2	1.00004E-4	3.72594E-4	3.72579E+0
-6.69030E-1	-6.78964E-1	2.99341E+2	1.00004E-4	3.72541E-4	3.72525E+0
-6.56319E-1	-6.66720E-1	2.99342E+2	1.00004E-4	3.72612E-4	3.72596E+0
-6.43734E-1	-6.54548E-1	2.99342E+2	1.00004E-4	3.72577E-4	3.72561E+0
-6.30873E-1	-6.42346E-1	2.99342E+2	1.00004E-4	3.72517E-4	3.72502E+0
-6.18173E-1	-6.30176E-1	2.99342E+2	1.00004E-4	3.72641E-4	3.72626E+0
-6.05697E-1	-6.18049E-1	2.99342E+2	1.00004E-4	3.72584E-4	3.72568E+0
-5.93263E-1	-6.05892E-1	2.99343E+2	1.00004E-4	3.72427E-4	3.72411E+0
-5.80136E-1	-5.93690E-1	2.99342E+2	1.00004E-4	3.72493E-4	3.72477E+0
-5.67561E-1	-5.81474E-1	2.99340E+2	1.00004E-4	3.72604E-4	3.72587E+0
-5.55622E-1	-5.69218E-1	2.99340E+2	1.00004E-4	3.72672E-4	3.72656E+0
-5.42273E-1	-5.56985E-1	2.99341E+2	1.00004E-4	3.72661E-4	3.72645E+0
-5.29070E-1	-5.44921E-1	2.99341E+2	1.00004E-4	3.72491E-4	3.72475E+0
-5.16787E-1	-5.32752E-1	2.99340E+2	1.00004E-4	3.72512E-4	3.72496E+0
-5.04583E-1	-5.20432E-1	2.99341E+2	1.00004E-4	3.72670E-4	3.72654E+0
-4.91876E-1	-5.08105E-1	2.99341E+2	1.00004E-4	3.72615E-4	3.72599E+0
-4.78957E-1	-4.95894E-1	2.99340E+2	1.00004E-4	3.72545E-4	3.72529E+0
-4.66394E-1	-4.83760E-1	2.99341E+2	1.00004E-4	3.72624E-4	3.72607E+0
-4.53721E-1	-4.71481E-1	2.99341E+2	1.00004E-4	3.72742E-4	3.72726E+0
-4.41349E-1	-4.59185E-1	2.99342E+2	1.00004E-4	3.72729E-4	3.72713E+0
-4.28420E-1	-4.46929E-1	2.99343E+2	1.00004E-4	3.72576E-4	3.72560E+0
-4.15773E-1	-4.34722E-1	2.99343E+2	1.00004E-4	3.72573E-4	3.72557E+0
-4.03624E-1	-4.22390E-1	2.99343E+2	1.00004E-4	3.72677E-4	3.72660E+0
-3.90974E-1	-4.10063E-1	2.99341E+2	1.00004E-4	3.72610E-4	3.72594E+0
-3.78086E-1	-3.97766E-1	2.99343E+2	1.00004E-4	3.72535E-4	3.72518E+0
-3.65275E-1	-3.85465E-1	2.99345E+2	1.00004E-4	3.72581E-4	3.72565E+0
-3.52402E-1	-3.72838E-1	2.99344E+2	1.00004E-4	3.72620E-4	3.72604E+0
-3.40140E-1	-3.59997E-1	2.99344E+2	1.00004E-4	3.72678E-4	3.72662E+0
-3.27780E-1	-3.47589E-1	2.99344E+2	1.00004E-4	3.72691E-4	3.72675E+0
-3.14702E-1	-3.35186E-1	2.99343E+2	1.00004E-4	3.72655E-4	3.72640E+0
-3.01875E-1	-3.22728E-1	2.99343E+2	1.00004E-4	3.72639E-4	3.72623E+0
-2.89101E-1	-3.10322E-1	2.99344E+2	1.00004E-4	3.72606E-4	3.72590E+0
-2.76775E-1	-2.97954E-1	2.99345E+2	1.00004E-4	3.72593E-4	3.72577E+0
-2.64394E-1	-2.85480E-1	2.99344E+2	1.00004E-4	3.72551E-4	3.72534E+0
-2.51533E-1	-2.72940E-1	2.99344E+2	1.00005E-4	3.72522E-4	3.72505E+0
-2.38509E-1	-2.60520E-1	2.99345E+2	1.00004E-4	3.72592E-4	3.72575E+0
-2.25907E-1	-2.47987E-1	2.99345E+2	1.00004E-4	3.72608E-4	3.72592E+0
-2.13340E-1	-2.35467E-1	2.99346E+2	1.00004E-4	3.72620E-4	3.72604E+0
-2.00523E-1	-2.23014E-1	2.99346E+2	1.00004E-4	3.72624E-4	3.72608E+0
-1.87921E-1	-2.10393E-1	2.99345E+2	1.00004E-4	3.72628E-4	3.72612E+0
-1.75493E-1	-1.97766E-1	2.99347E+2	1.00004E-4	3.72561E-4	3.72546E+0
-1.62699E-1	-1.85110E-1	2.99347E+2	1.00004E-4	3.72527E-4	3.72511E+0
-1.49782E-1	-1.72431E-1	2.99348E+2	1.00004E-4	3.72656E-4	3.72641E+0
-1.37730E-1	-1.59774E-1	2.99347E+2	1.00004E-4	3.72646E-4	3.72631E+0
-1.25189E-1	-1.47247E-1	2.99348E+2	1.00004E-4	3.72579E-4	3.72563E+0
-1.12123E-1	-1.34625E-1	2.99349E+2	1.00004E-4	3.72631E-4	3.72615E+0
-9.94752E-2	-1.21943E-1	2.99351E+2	1.00004E-4	3.72620E-4	3.72604E+0
-8.67315E-2	-1.09337E-1	2.99350E+2	1.00004E-4	3.72586E-4	3.72570E+0
-7.44763E-2	-9.68007E-2	2.99351E+2	1.00004E-4	3.72598E-4	3.72582E+0
-6.22524E-2	-8.41759E-2	2.99353E+2	1.00004E-4	3.72583E-4	3.72567E+0
-4.95114E-2	-7.13749E-2	2.99351E+2	1.00004E-4	3.72534E-4	3.72518E+0
-3.68450E-2	-5.87170E-2	2.99352E+2	1.00004E-4	3.72500E-4	3.72484E+0
-2.34436E-2	-4.62132E-2	2.99353E+2	1.00004E-4	3.72471E-4	3.72455E+0
-1.04419E-2	-3.39686E-2	2.99355E+2	1.00004E-4	3.72444E-4	3.72427E+0
-2.20021E-3	-2.22394E-2	2.99353E+2	1.00004E-4	3.72486E-4	3.72470E+0
-7.26633E-4	-1.25937E-2	2.99352E+2	1.00004E-4	3.72482E-4	3.72466E+0
-4.08370E-4	-6.26825E-3	2.99355E+2	1.00004E-4	3.72456E-4	3.72440E+0
-3.40519E-4	-2.55108E-3	2.99355E+2	1.00004E-4	3.72563E-4	3.72546E+0
-8.24613E-4	-7.47484E-4	2.99355E+2	1.00004E-4	3.72639E-4	3.72623E+0
-9.50000E-4	1.13855E-4	2.99356E+2	1.00004E-4	3.72607E-4	3.72591E+0
8.82682E-3	1.14920E-3	2.99357E+2	1.00004E-4	3.72583E-4	3.72567E+0
1.99419E-2	3.91898E-3	2.99355E+2	1.00004E-4	3.72601E-4	3.72585E+0
3.26078E-2	1.10988E-2	2.99355E+2	1.00004E-4	3.72562E-4	3.72545E+0
4.54675E-2	2.18067E-2	2.99356E+2	1.00004E-4	3.72481E-4	3.72464E+0
5.80859E-2	3.37289E-2	2.99357E+2	1.00004E-4	3.72470E-4	3.72454E+0
7.10871E-2	4.55422E-2	2.99357E+2	1.00004E-4	3.72482E-4	3.72467E+0
8.38076E-2	5.75611E-2	2.99358E+2	1.00004E-4	3.72471E-4	3.72455E+0
9.57046E-2	7.02661E-2	2.99360E+2	1.00004E-4	3.72453E-4	3.72437E+0
1.08215E-1	8.29630E-2	2.99361E+2	1.00004E-4	3.72515E-4	3.72499E+0
1.21187E-1	9.56091E-2	2.99362E+2	1.00004E-4	3.72601E-4	3.72585E+0
1.33916E-1	1.08192E-1	2.99363E+2	1.00004E-4	3.72570E-4	3.72554E+0
1.46924E-1	1.20668E-1	2.99362E+2	1.00004E-4	3.72562E-4	3.72546E+0
1.59785E-1	1.32713E-1	2.99362E+2	1.00004E-4	3.72578E-4	3.72563E+0
1.72039E-1	1.44541E-1	2.99364E+2	1.00004E-4	3.72531E-4	3.72516E+0
1.84508E-1	1.56719E-1	2.99366E+2	1.00004E-4	3.72513E-4	3.72498E+0
1.97191E-1	1.68753E-1	2.99367E+2	1.00004E-4	3.72615E-4	3.72599E+0
2.09754E-1	1.80451E-1	2.99368E+2	1.00004E-4	3.72600E-4	3.72584E+0
2.22237E-1	1.92093E-1	2.99368E+2	1.00004E-4	3.72528E-4	3.72511E+0
2.35051E-1	2.03875E-1	2.99370E+2	1.00004E-4	3.72506E-4	3.72490E+0
2.47834E-1	2.15732E-1	2.99371E+2	1.00004E-4	3.72509E-4	3.72493E+0
2.60263E-1	2.27630E-1	2.99371E+2	1.00004E-4	3.72587E-4	3.72571E+0
2.73626E-1	2.39691E-1	2.99373E+2	1.00004E-4	3.72583E-4	3.72567E+0
2.86749E-1	2.52083E-1	2.99375E+2	1.00004E-4	3.72574E-4	3.72557E+0
2.98603E-1	2.64601E-1	2.99376E+2	1.00004E-4	3.72693E-4	3.72677E+0
3.11656E-1	2.76937E-1	2.99377E+2	1.00004E-4	3.72663E-4	3.72647E+0
3.23667E-1	2.89265E-1	2.99376E+2	1.00004E-4	3.72575E-4	3.72559E+0
3.36582E-1	3.01661E-1	2.99375E+2	1.00004E-4	3.72569E-4	3.72553E+0
3.49245E-1	3.14079E-1	2.99376E+2	1.00004E-4	3.72541E-4	3.72525E+0
3.61802E-1	3.26493E-1	2.99376E+2	1.00004E-4	3.72482E-4	3.72466E+0
3.74748E-1	3.38758E-1	2.99376E+2	1.00004E-4	3.72500E-4	3.72484E+0
3.86823E-1	3.48490E-1	2.99376E+2	1.00004E-4	3.72539E-4	3.72523E+0
3.99766E-1	3.59667E-1	2.99378E+2	1.00004E-4	3.72499E-4	3.72484E+0
4.12803E-1	3.73675E-1	2.99377E+2	1.00004E-4	3.72504E-4	3.72488E+0
4.25164E-1	3.86822E-1	2.99377E+2	1.00004E-4	3.72579E-4	3.72563E+0
4.37632E-1	3.99574E-1	2.99376E+2	1.00004E-4	3.72558E-4	3.72542E+0
4.50431E-1	4.12078E-1	2.99375E+2	1.00004E-4	3.72456E-4	3.72440E+0
4.63378E-1	4.24672E-1	2.99374E+2	1.00004E-4	3.72429E-4	3.72413E+0
4.76152E-1	4.36996E-1	2.99375E+2	1.00004E-4	3.72374E-4	3.72358E+0
4.88379E-1	4.48912E-1	2.99374E+2	1.00004E-4	3.72357E-4	3.72341E+0
5.01127E-1	4.60968E-1	2.99374E+2	1.00004E-4	3.72398E-4	3.72381E+0
5.13818E-1	4.72938E-1	2.99376E+2	1.00004E-4	3.72440E-4	3.72423E+0
5.26556E-1	4.84859E-1	2.99375E+2	1.00004E-4	3.72491E-4	3.72475E+0
5.39206E-1	4.96760E-1	2.99374E+2	1.00004E-4	3.72466E-4	3.72450E+0
5.52343E-1	5.08762E-1	2.99373E+2	1.00004E-4	3.72399E-4	3.72382E+0
5.64845E-1	5.20844E-1	2.99370E+2	1.00004E-4	3.72393E-4	3.72377E+0
5.76956E-1	5.32818E-1	2.99369E+2	1.00004E-4	3.72445E-4	3.72429E+0
5.89845E-1	5.44802E-1	2.99370E+2	1.00004E-4	3.72379E-4	3.72363E+0
6.02979E-1	5.56878E-1	2.99370E+2	1.00004E-4	3.72367E-4	3.72350E+0
6.15720E-1	5.68977E-1	2.99367E+2	1.00004E-4	3.72430E-4	3.72415E+0
6.27701E-1	5.80967E-1	2.99367E+2	1.00004E-4	3.72442E-4	3.72426E+0
6.40135E-1	5.92949E-1	2.99368E+2	1.00004E-4	3.72442E-4	3.72426E+0
6.53267E-1	6.05111E-1	2.99365E+2	1.00004E-4	3.72529E-4	3.72513E+0
6.65730E-1	6.17250E-1	2.99364E+2	1.00004E-4	3.72500E-4	3.72484E+0
6.78557E-1	6.29343E-1	2.99365E+2	1.00004E-4	3.72430E-4	3.72414E+0
6.90464E-1	6.41393E-1	2.99364E+2	1.00004E-4	3.72399E-4	3.72383E+0
7.03284E-1	6.53435E-1	2.99365E+2	1.00004E-4	3.72379E-4	3.72363E+0
7.15845E-1	6.65546E-1	2.99364E+2	1.00004E-4	3.72448E-4	3.72433E+0
7.28737E-1	6.77784E-1	2.99363E+2	1.00004E-4	3.72489E-4	3.72474E+0
7.41769E-1	6.90061E-1	2.99363E+2	1.00004E-4	3.72495E-4	3.72479E+0
7.53837E-1	7.02130E-1	2.99362E+2	1.00004E-4	3.72605E-4	3.72589E+0
7.66760E-1	7.14280E-1	2.99361E+2	1.00004E-4	3.72634E-4	3.72618E+0
7.79418E-1	7.26558E-1	2.99362E+2	1.00004E-4	3.72505E-4	3.72489E+0
7.92273E-1	7.38744E-1	2.99363E+2	1.00004E-4	3.72465E-4	3.72450E+0
8.04978E-1	7.51010E-1	2.99362E+2	1.00004E-4	3.72533E-4	3.72518E+0
8.17727E-1	7.63330E-1	2.99362E+2	1.00004E-4	3.72538E-4	3.72522E+0
8.30606E-1	7.75583E-1	2.99362E+2	1.00004E-4	3.72462E-4	3.72446E+0
8.42576E-1	7.87912E-1	2.99363E+2	1.00004E-4	3.72474E-4	3.72458E+0
8.55075E-1	8.00228E-1	2.99362E+2	1.00004E-4	3.72515E-4	3.72499E+0
8.68096E-1	8.12485E-1	2.99363E+2	1.00004E-4	3.72468E-4	3.72451E+0
8.80715E-1	8.24808E-1	2.99364E+2	1.00004E-4	3.72502E-4	3.72486E+0
8.93794E-1	8.37302E-1	2.99364E+2	1.00004E-4	3.72574E-4	3.72558E+0
9.05935E-1	8.49788E-1	2.99363E+2	1.00004E-4	3.72580E-4	3.72565E+0
9.18715E-1	8.62082E-1	2.99361E+2	1.00004E-4	3.72472E-4	3.72457E+0
9.31849E-1	8.74609E-1	2.99361E+2	1.00004E-4	3.72487E-4	3.72471E+0
9.44747E-1	8.87258E-1	2.99362E+2	1.00004E-4	3.72484E-4	3.72468E+0
9.56509E-1	8.99782E-1	2.99364E+2	1.00004E-4	3.72426E-4	3.72411E+0
9.69554E-1	9.12322E-1	2.99365E+2	1.00004E-4	3.72541E-4	3.72525E+0
9.82530E-1	9.24979E-1	2.99364E+2	1.00004E-4	3.72559E-4	3.72542E+0
9.94520E-1	9.37608E-1	2.99363E+2	1.00004E-4	3.72470E-4	3.72454E+0
1.00732E+0	9.50282E-1	2.99364E+2	1.00004E-4	3.72344E-4	3.72328E+0
1.02019E+0	9.63203E-1	2.99365E+2	1.00004E-4	3.72426E-4	3.72410E+0
1.03280E+0	9.76017E-1	2.99365E+2	1.00004E-4	3.72401E-4	3.72384E+0
1.04567E+0	9.88691E-1	2.99364E+2	1.00004E-4	3.72311E-4	3.72295E+0
1.05776E+0	1.00149E+0	2.99364E+2	1.00004E-4	3.72343E-4	3.72327E+0
1.07019E+0	1.01424E+0	2.99364E+2	1.00004E-4	3.72294E-4	3.72278E+0
1.08326E+0	1.02676E+0	2.99365E+2	1.00004E-4	3.72378E-4	3.72363E+0
1.09610E+0	1.03899E+0	2.99366E+2	1.00004E-4	3.72492E-4	3.72477E+0
1.10915E+0	1.05113E+0	2.99366E+2	1.00004E-4	3.72390E-4	3.72374E+0
1.12243E+0	1.06341E+0	2.99366E+2	1.00004E-4	3.72291E-4	3.72275E+0
1.13461E+0	1.07576E+0	2.99366E+2	1.00004E-4	3.72397E-4	3.72381E+0
1.14676E+0	1.08802E+0	2.99368E+2	1.00004E-4	3.72493E-4	3.72477E+0
1.15981E+0	1.10020E+0	2.99369E+2	1.00004E-4	3.72394E-4	3.72379E+0
1.17251E+0	1.11248E+0	2.99367E+2	1.00004E-4	3.72251E-4	3.72235E+0
1.18508E+0	1.12473E+0	2.99367E+2	1.00004E-4	3.72259E-4	3.72244E+0
1.19779E+0	1.13704E+0	2.99368E+2	1.00004E-4	3.72349E-4	3.72333E+0
1.20968E+0	1.14933E+0	2.99368E+2	1.00004E-4	3.72319E-4	3.72303E+0
1.22283E+0	1.16158E+0	2.99369E+2	1.00004E-4	3.72402E-4	3.72387E+0
1.23551E+0	1.17377E+0	2.99370E+2	1.00004E-4	3.72448E-4	3.72432E+0
1.24853E+0	1.18593E+0	2.99371E+2	1.00004E-4	3.72380E-4	3.72364E+0
1.26138E+0	1.19825E+0	2.99371E+2	1.00004E-4	3.72441E-4	3.72426E+0
1.27299E+0	1.21055E+0	2.99370E+2	1.00004E-4	3.72507E-4	3.72491E+0
1.28605E+0	1.22291E+0	2.99371E+2	1.00004E-4	3.72403E-4	3.72387E+0
1.29844E+0	1.23525E+0	2.99372E+2	1.00004E-4	3.72245E-4	3.72229E+0
1.31129E+0	1.24747E+0	2.99371E+2	1.00004E-4	3.72110E-4	3.72094E+0
1.32418E+0	1.25965E+0	2.99372E+2	1.00004E-4	3.72176E-4	3.72160E+0
1.33698E+0	1.27189E+0	2.99373E+2	1.00004E-4	3.72412E-4	3.72396E+0
1.34997E+0	1.28420E+0	2.99374E+2	1.00004E-4	3.72504E-4	3.72488E+0
1.36223E+0	1.29655E+0	2.99374E+2	1.00004E-4	3.72596E-4	3.72580E+0
1.37456E+0	1.30898E+0	2.99374E+2	1.00004E-4	3.72561E-4	3.72545E+0
1.38755E+0	1.32144E+0	2.99375E+2	1.00004E-4	3.72524E-4	3.72508E+0
1.40053E+0	1.33384E+0	2.99374E+2	1.00004E-4	3.72597E-4	3.72581E+0
1.41298E+0	1.34611E+0	2.99375E+2	1.00004E-4	3.72641E-4	3.72625E+0
1.42504E+0	1.35847E+0	2.99375E+2	1.00004E-4	3.72638E-4	3.72622E+0
1.43803E+0	1.37079E+0	2.99375E+2	1.00004E-4	3.72500E-4	3.72484E+0
1.45086E+0	1.38298E+0	2.99376E+2	1.00004E-4	3.72312E-4	3.72296E+0
1.46399E+0	1.39533E+0	2.99376E+2	1.00004E-4	3.72232E-4	3.72216E+0
1.47656E+0	1.40776E+0	2.99377E+2	1.00004E-4	3.72400E-4	3.72384E+0
1.48819E+0	1.42009E+0	2.99377E+2	1.00004E-4	3.72539E-4	3.72523E+0
1.50132E+0	1.43228E+0	2.99376E+2	1.00004E-4	3.72468E-4	3.72452E+0
1.51400E+0	1.44460E+0	2.99376E+2	1.00004E-4	3.72489E-4	3.72473E+0
1.52656E+0	1.45706E+0	2.99378E+2	1.00004E-4	3.72432E-4	3.72416E+0
1.53956E+0	1.46932E+0	2.99377E+2	1.00004E-4	3.72230E-4	3.72214E+0
1.55288E+0	1.48166E+0	2.99377E+2	1.00004E-4	3.72137E-4	3.72122E+0
1.56528E+0	1.49404E+0	2.99377E+2	1.00004E-4	3.72246E-4	3.72230E+0
1.57738E+0	1.50637E+0	2.99378E+2	1.00004E-4	3.72396E-4	3.72381E+0
1.59003E+0	1.51872E+0	2.99377E+2	1.00004E-4	3.72457E-4	3.72441E+0
1.60282E+0	1.53106E+0	2.99378E+2	1.00004E-4	3.72533E-4	3.72517E+0
1.61620E+0	1.54340E+0	2.99378E+2	1.00004E-4	3.72504E-4	3.72488E+0
1.62817E+0	1.55570E+0	2.99379E+2	1.00004E-4	3.72334E-4	3.72318E+0
1.64094E+0	1.56796E+0	2.99379E+2	1.00004E-4	3.72368E-4	3.72353E+0
1.65371E+0	1.58032E+0	2.99379E+2	1.00004E-4	3.72381E-4	3.72365E+0
1.66576E+0	1.59279E+0	2.99379E+2	1.00004E-4	3.72393E-4	3.72377E+0
1.67907E+0	1.60522E+0	2.99377E+2	1.00004E-4	3.72453E-4	3.72437E+0
1.69179E+0	1.61747E+0	2.99379E+2	1.00004E-4	3.72439E-4	3.72424E+0
1.70452E+0	1.62980E+0	2.99379E+2	1.00004E-4	3.72411E-4	3.72395E+0
1.71695E+0	1.64220E+0	2.99378E+2	1.00004E-4	3.72440E-4	3.72424E+0
1.72884E+0	1.65464E+0	2.99379E+2	1.00004E-4	3.72555E-4	3.72539E+0
1.74222E+0	1.66702E+0	2.99379E+2	1.00004E-4	3.72422E-4	3.72406E+0
1.75497E+0	1.67944E+0	2.99378E+2	1.00004E-4	3.72350E-4	3.72334E+0
1.76763E+0	1.69190E+0	2.99379E+2	1.00004E-4	3.72287E-4	3.72272E+0
1.78054E+0	1.70421E+0	2.99378E+2	1.00004E-4	3.72204E-4	3.72189E+0
1.79240E+0	1.71652E+0	2.99378E+2	1.00004E-4	3.72358E-4	3.72342E+0
1.80532E+0	1.72896E+0	2.99379E+2	1.00004E-4	3.72384E-4	3.72369E+0
1.81793E+0	1.74136E+0	2.99377E+2	1.00004E-4	3.72232E-4	3.72216E+0
1.83096E+0	1.75365E+0	2.99378E+2	1.00004E-4	3.72133E-4	3.72117E+0
1.84296E+0	1.76602E+0	2.99378E+2	1.00004E-4	3.72227E-4	3.72211E+0
1.85525E+0	1.77857E+0	2.99377E+2	1.00004E-4	3.72453E-4	3.72437E+0
1.86841E+0	1.79109E+0	2.99378E+2	1.00004E-4	3.72503E-4	3.72486E+0
1.88072E+0	1.80351E+0	2.99377E+2	1.00004E-4	3.72503E-4	3.72487E+0
1.89412E+0	1.81580E+0	2.99377E+2	1.00004E-4	3.72615E-4	3.72599E+0
1.90688E+0	1.82822E+0	2.99377E+2	1.00004E-4	3.72609E-4	3.72593E+0
1.91972E+0	1.84067E+0	2.99375E+2	1.00004E-4	3.72400E-4	3.72384E+0
1.93220E+0	1.85306E+0	2.99375E+2	1.00004E-4	3.72118E-4	3.72102E+0
1.94416E+0	1.86552E+0	2.99374E+2	1.00004E-4	3.72217E-4	3.72201E+0
1.95713E+0	1.87792E+0	2.99374E+2	1.00004E-4	3.72453E-4	3.72437E+0
1.97010E+0	1.89039E+0	2.99375E+2	1.00004E-4	3.72355E-4	3.72338E+0
1.98264E+0	1.90281E+0	2.99374E+2	1.00004E-4	3.72250E-4	3.72234E+0
1.99542E+0	1.91523E+0	2.99372E+2	1.00004E-4	3.72244E-4	3.72228E+0
2.00131E+0	1.92641E+0	2.99373E+2	1.00004E-4	3.72363E-4	3.72348E+0
2.00179E+0	1.93468E+0	2.99373E+2	1.00004E-4	3.72259E-4	3.72243E+0
2.00200E+0	1.93996E+0	2.99372E+2	1.00004E-4	3.72163E-4	3.72147E+0
2.00200E+0	1.94314E+0	2.99371E+2	1.00004E-4	3.72166E-4	3.72150E+0
2.00200E+0	1.94473E+0	2.99369E+2	1.00004E-4	3.72099E-4	3.72082E+0
2.00014E+0	1.94549E+0	2.99367E+2	1.00004E-4	3.72379E-4	3.72363E+0
1.99290E+0	1.94574E+0	2.99366E+2	1.00004E-4	3.72394E-4	3.72378E+0
1.97995E+0	1.94541E+0	2.99366E+2	1.00004E-4	3.72253E-4	3.72237E+0
1.96701E+0	1.94394E+0	2.99367E+2	1.00004E-4	3.72050E-4	3.72034E+0
1.95390E+0	1.93893E+0	2.99365E+2	1.00004E-4	3.71936E-4	3.71920E+0
1.94127E+0	1.92884E+0	2.99364E+2	1.00004E-4	3.72069E-4	3.72053E+0
1.92962E+0	1.91580E+0	2.99363E+2	1.00004E-4	3.72313E-4	3.72297E+0
1.91689E+0	1.90249E+0	2.99364E+2	1.00004E-4	3.72625E-4	3.72609E+0
1.90439E+0	1.88956E+0	2.99363E+2	1.00004E-4	3.72733E-4	3.72717E+0
1.89104E+0	1.87693E+0	2.99361E+2	1.00004E-4	3.72729E-4	3.72713E+0
1.87833E+0	1.86455E+0	2.99360E+2	1.00004E-4	3.72582E-4	3.72566E+0
1.86516E+0	1.85213E+0	2.99360E+2	1.00004E-4	3.72384E-4	3.72368E+0
1.85240E+0	1.83968E+0	2.99360E+2	1.00004E-4	3.72338E-4	3.72322E+0
1.84052E+0	1.82735E+0	2.99359E+2	1.00004E-4	3.72538E-4	3.72522E+0
1.82746E+0	1.81511E+0	2.99357E+2	1.00004E-4	3.72569E-4	3.72554E+0
1.81465E+0	1.80285E+0	2.99357E+2	1.00004E-4	3.72529E-4	3.72513E+0
1.80204E+0	1.79039E+0	2.99357E+2	1.00004E-4	3.72480E-4	3.72465E+0
1.78991E+0	1.77808E+0	2.99357E+2	1.00004E-4	3.72397E-4	3.72382E+0
1.77741E+0	1.76586E+0	2.99359E+2	1.00004E-4	3.72404E-4	3.72388E+0
1.76426E+0	1.75342E+0	2.99357E+2	1.00004E-4	3.72547E-4	3.72532E+0
1.75183E+0	1.74107E+0	2.99357E+2	1.00004E-4	3.72646E-4	3.72630E+0
1.73865E+0	1.72862E+0	2.99357E+2	1.00004E-4	3.72518E-4	3.72502E+0
1.72625E+0	1.71616E+0	2.99358E+2	1.00004E-4	3.72276E-4	3.72260E+0
1.71485E+0	1.70391E+0	2.99357E+2	1.00004E-4	3.72326E-4	3.72309E+0
1.70134E+0	1.69151E+0	2.99357E+2	1.00004E-4	3.72514E-4	3.72498E+0
1.68801E+0	1.67906E+0	2.99355E+2	1.00004E-4	3.72577E-4	3.72561E+0
1.67496E+0	1.66680E+0	2.99355E+2	1.00004E-4	3.72735E-4	3.72719E+0
1.66279E+0	1.65458E+0	2.99355E+2	1.00004E-4	3.72490E-4	3.72474E+0
1.65013E+0	1.64208E+0	2.99356E+2	1.00004E-4	3.72236E-4	3.72220E+0
1.63767E+0	1.62959E+0	2.99355E+2	1.00004E-4	3.72500E-4	3.72484E+0
1.62542E+0	1.61733E+0	2.99353E+2	1.00004E-4	3.72633E-4	3.72617E+0
1.61246E+0	1.60504E+0	2.99356E+2	1.00004E-4	3.72588E-4	3.72573E+0
1.59981E+0	1.59262E+0	2.99355E+2	1.00004E-4	3.72629E-4	3.72612E+0
1.58718E+0	1.58026E+0	2.99355E+2	1.00004E-4	3.72587E-4	3.72571E+0
1.57458E+0	1.56786E+0	2.99356E+2	1.00004E-4	3.72475E-4	3.72459E+0
1.56272E+0	1.55542E+0	2.99354E+2	1.00004E-4	3.72470E-4	3.72454E+0
1.54983E+0	1.54305E+0	2.99355E+2	1.00004E-4	3.72579E-4	3.72563E+0
1.53651E+0	1.53072E+0	2.99356E+2	1.00004E-4	3.72474E-4	3.72458E+0
1.52356E+0	1.51835E+0	2.99355E+2	1.00004E-4	3.72476E-4	3.72460E+0
1.51092E+0	1.50597E+0	2.99355E+2	1.00004E-4	3.72555E-4	3.72539E+0
1.49781E+0	1.49365E+0	2.99356E+2	1.00004E-4	3.72463E-4	3.72447E+0
1.48539E+0	1.48134E+0	2.99355E+2	1.00004E-4	3.72388E-4	3.72372E+0
1.47358E+0	1.46908E+0	2.99355E+2	1.00004E-4	3.72401E-4	3.72385E+0
1.46098E+0	1.45666E+0	2.99353E+2	1.00004E-4	3.72364E-4	3.72348E+0
1.44807E+0	1.44420E+0	2.99353E+2	1.00004E-4	3.72459E-4	3.72444E+0
1.43486E+0	1.43187E+0	2.99353E+2	1.00004E-4	3.72347E-4	3.72331E+0
1.42276E+0	1.41963E+0	2.99352E+2	1.00004E-4	3.72391E-4	3.72375E+0
1.41069E+0	1.40724E+0	2.99351E+2	1.00004E-4	3.72477E-4	3.72460E+0
1.39744E+0	1.39488E+0	2.99351E+2	1.00004E-4	3.72558E-4	3.72542E+0
1.38492E+0	1.38254E+0	2.99350E+2	1.00004E-4	3.72590E-4	3.72574E+0
1.37187E+0	1.37020E+0	2.99346E+2	1.00004E-4	3.72501E-4	3.72485E+0
1.35875E+0	1.35786E+0	2.99345E+2	1.00004E-4	3.72501E-4	3.72484E+0
1.34594E+0	1.34556E+0	2.99345E+2	1.00004E-4	3.72583E-4	3.72567E+0
1.33292E+0	1.33319E+0	2.99344E+2	1.00004E-4	3.72723E-4	3.72707E+0
1.32139E+0	1.32087E+0	2.99341E+2	1.00004E-4	3.72462E-4	3.72445E+0
1.30923E+0	1.30860E+0	2.99338E+2	1.00004E-4	3.72261E-4	3.72245E+0
1.29553E+0	1.29627E+0	2.99335E+2	1.00004E-4	3.72440E-4	3.72424E+0
1.28255E+0	1.28395E+0	2.99336E+2	1.00004E-4	3.72551E-4	3.72534E+0
1.27040E+0	1.27160E+0	2.99336E+2	1.00004E-4	3.72462E-4	3.72446E+0
1.25837E+0	1.25929E+0	2.99332E+2	1.00004E-4	3.72250E-4	3.72234E+0
1.24554E+0	1.24684E+0	2.99330E+2	1.00004E-4	3.72412E-4	3.72396E+0
1.23296E+0	1.23453E+0	2.99329E+2	1.00004E-4	3.72688E-4	3.72672E+0
1.21975E+0	1.22225E+0	2.99328E+2	1.00004E-4	3.72676E-4	3.72661E+0
1.20717E+0	1.20995E+0	2.99326E+2	1.00004E-4	3.72542E-4	3.72526E+0
1.19518E+0	1.19765E+0	2.99322E+2	1.00004E-4	3.72375E-4	3.72359E+0
1.18233E+0	1.18528E+0	2.99319E+2	1.00004E-4	3.72324E-4	3.72308E+0
1.16953E+0	1.17302E+0	2.99319E+2	1.00004E-4	3.72377E-4	3.72361E+0
1.15592E+0	1.16049E+0	2.99317E+2	1.00004E-4	3.72266E-4	3.72250E+0
1.14380E+0	1.14791E+0	2.99315E+2	1.00004E-4	3.72281E-4	3.72265E+0
1.13106E+0	1.13566E+0	2.99313E+2	1.00004E-4	3.72488E-4	3.72472E+0
1.11804E+0	1.12338E+0	2.99309E+2	1.00004E-4	3.72523E-4	3.72507E+0
1.10599E+0	1.11101E+0	2.99308E+2	1.00004E-4	3.72388E-4	3.72371E+0
1.09352E+0	1.09875E+0	2.99308E+2	1.00004E-4	3.72435E-4	3.72418E+0
1.08090E+0	1.08652E+0	2.99305E+2	1.00004E-4	3.72468E-4	3.72453E+0
1.06788E+0	1.07410E+0	2.99303E+2	1.00004E-4	3.72482E-4	3.72467E+0
1.05531E+0	1.06178E+0	2.99302E+2	1.00004E-4	3.72586E-4	3.72571E+0
1.04335E+0	1.04950E+0	2.99300E+2	1.00004E-4	3.72543E-4	3.72527E+0
1.03032E+0	1.03723E+0	2.99298E+2	1.00004E-4	3.72519E-4	3.72503E+0
1.01749E+0	1.02488E+0	2.99297E+2	1.00004E-4	3.72499E-4	3.72482E+0
1.00444E+0	1.01230E+0	2.99296E+2	1.00004E-4	3.72528E-4	3.72511E+0
9.91805E-1	9.99576E-1	2.99295E+2	1.00004E-4	3.72425E-4	3.72409E+0
9.79605E-1	9.86780E-1	2.99293E+2	1.00004E-4	3.72385E-4	3.72370E+0
9.66829E-1	9.73928E-1	2.99290E+2	1.00004E-4	3.72645E-4	3.72629E+0
9.54282E-1	9.60938E-1	2.99290E+2	1.00004E-4	3.72687E-4	3.72671E+0
9.41333E-1	9.48140E-1	2.99288E+2	1.00004E-4	3.72631E-4	3.72615E+0
9.28880E-1	9.35457E-1	2.99284E+2	1.00004E-4	3.72501E-4	3.72485E+0
9.16106E-1	9.22615E-1	2.99284E+2	1.00004E-4	3.72408E-4	3.72392E+0
9.03261E-1	9.09882E-1	2.99283E+2	1.00004E-4	3.72464E-4	3.72448E+0
8.91053E-1	8.97313E-1	2.99280E+2	1.00004E-4	3.72504E-4	3.72488E+0
8.78109E-1	8.84720E-1	2.99279E+2	1.00004E-4	3.72522E-4	3.72507E+0
8.65177E-1	8.72164E-1	2.99277E+2	1.00004E-4	3.72573E-4	3.72557E+0
8.52333E-1	8.59644E-1	2.99275E+2	1.00004E-4	3.72497E-4	3.72482E+0
8.39650E-1	8.47013E-1	2.99275E+2	1.00004E-4	3.72500E-4	3.72484E+0
8.27640E-1	8.34490E-1	2.99274E+2	1.00004E-4	3.72531E-4	3.72516E+0
8.14947E-1	8.22030E-1	2.99271E+2	1.00004E-4	3.72435E-4	3.72419E+0
8.01988E-1	8.09661E-1	2.99270E+2	1.00004E-4	3.72506E-4	3.72490E+0
7.89277E-1	7.97357E-1	2.99272E+2	1.00004E-4	3.72539E-4	3.72523E+0
7.76807E-1	7.84939E-1	2.99270E+2	1.00004E-4	3.72534E-4	3.72518E+0
7.64733E-1	7.72479E-1	2.99268E+2	1.00004E-4	3.72534E-4	3.72518E+0
7.52249E-1	7.60242E-1	2.99268E+2	1.00004E-4	3.72496E-4	3.72480E+0
7.39382E-1	7.48078E-1	2.99266E+2	1.00004E-4	3.72577E-4	3.72561E+0
7.26259E-1	7.35715E-1	2.99266E+2	1.00004E-4	3.72558E-4	3.72542E+0
7.13667E-1	7.23319E-1	2.99266E+2	1.00004E-4	3.72462E-4	3.72446E+0
7.00647E-1	7.11141E-1	2.99266E+2	1.00004E-4	3.72422E-4	3.72406E+0
6.87845E-1	6.98916E-1	2.99263E+2	1.00004E-4	3.72426E-4	3.72410E+0
6.75840E-1	6.86753E-1	2.99262E+2	1.00004E-4	3.72492E-4	3.72476E+0
6.63440E-1	6.74600E-1	2.99262E+2	1.00004E-4	3.72473E-4	3.72457E+0
6.50686E-1	6.62391E-1	2.99261E+2	1.00004E-4	3.72487E-4	3.72471E+0
6.37391E-1	6.50210E-1	2.99260E+2	1.00004E-4	3.72496E-4	3.72480E+0
6.25119E-1	6.37958E-1	2.99260E+2	1.00004E-4	3.72367E-4	3.72350E+0
6.12764E-1	6.25831E-1	2.99260E+2	1.00004E-4	3.72329E-4	3.72313E+0
5.99787E-1	6.13813E-1	2.99259E+2	1.00004E-4	3.72448E-4	3.72432E+0
5.86817E-1	6.01750E-1	2.99258E+2	1.00004E-4	3.72563E-4	3.72548E+0
5.74007E-1	5.89573E-1	2.99259E+2	1.00004E-4	3.72416E-4	3.72400E+0
5.61558E-1	5.77330E-1	2.99258E+2	1.00004E-4	3.72319E-4	3.72302E+0
5.48920E-1	5.65125E-1	2.99258E+2	1.00004E-4	3.72433E-4	3.72417E+0
5.36747E-1	5.53147E-1	2.99258E+2	1.00004E-4	3.72549E-4	3.72533E+0
5.24123E-1	5.41033E-1	2.99258E+2	1.00004E-4	3.72603E-4	3.72588E+0
5.11082E-1	5.28808E-1	2.99259E+2	1.00004E-4	3.72525E-4	3.72509E+0
4.98299E-1	5.16742E-1	2.99258E+2	1.00004E-4	3.72476E-4	3.72460E+0
4.85456E-1	5.04640E-1	2.99257E+2	1.00004E-4	3.72511E-4	3.72495E+0
4.72754E-1	4.92553E-1	2.99257E+2	1.00004E-4	3.72450E-4	3.72435E+0
4.60523E-1	4.80466E-1	2.99258E+2	1.00004E-4	3.72421E-4	3.72406E+0
4.47832E-1	4.68232E-1	2.99259E+2	1.00004E-4	3.72468E-4	3.72453E+0
4.34836E-1	4.56021E-1	2.99260E+2	1.00004E-4	3.72453E-4	3.72437E+0
4.21864E-1	4.43954E-1	2.99260E+2	1.00004E-4	3.72425E-4	3.72409E+0
4.09451E-1	4.31792E-1	2.99258E+2	1.00004E-4	3.72460E-4	3.72444E+0
3.96991E-1	4.19649E-1	2.99257E+2	1.00004E-4	3.72434E-4	3.72419E+0
3.84450E-1	4.07468E-1	2.99259E+2	1.00004E-4	3.72458E-4	3.72441E+0
3.71696E-1	3.95330E-1	2.99260E+2	1.00005E-4	3.72500E-4	3.72483E+0
3.59159E-1	3.83187E-1	2.99262E+2	1.00004E-4	3.72501E-4	3.72485E+0
3.46662E-1	3.70558E-1	2.99262E+2	1.00004E-4	3.72512E-4	3.72496E+0
3.33251E-1	3.57976E-1	2.99262E+2	1.00004E-4	3.72557E-4	3.72541E+0
3.20400E-1	3.45840E-1	2.99262E+2	1.00004E-4	3.72508E-4	3.72492E+0
3.08465E-1	3.33689E-1	2.99262E+2	1.00004E-4	3.72558E-4	3.72541E+0
2.95933E-1	3.21451E-1	2.99263E+2	1.00004E-4	3.72643E-4	3.72626E+0
2.82867E-1	3.09137E-1	2.99264E+2	1.00004E-4	3.72632E-4	3.72615E+0
2.70280E-1	2.96762E-1	2.99265E+2	1.00004E-4	3.72595E-4	3.72579E+0
2.57615E-1	2.84556E-1	2.99265E+2	1.00004E-4	3.72548E-4	3.72532E+0
2.44838E-1	2.72288E-1	2.99266E+2	1.00004E-4	3.72592E-4	3.72576E+0
2.32415E-1	2.59814E-1	2.99266E+2	1.00004E-4	3.72596E-4	3.72580E+0
2.19501E-1	2.47432E-1	2.99266E+2	1.00004E-4	3.72627E-4	3.72612E+0
2.06870E-1	2.35049E-1	2.99267E+2	1.00004E-4	3.72678E-4	3.72663E+0
1.94714E-1	2.22493E-1	2.99267E+2	1.00004E-4	3.72657E-4	3.72642E+0
1.82435E-1	2.10027E-1	2.99268E+2	1.00004E-4	3.72680E-4	3.72665E+0
1.69867E-1	1.97674E-1	2.99270E+2	1.00004E-4	3.72722E-4	3.72707E+0
1.57142E-1	1.85133E-1	2.99271E+2	1.00004E-4	3.72730E-4	3.72714E+0
1.44385E-1	1.72630E-1	2.99272E+2	1.00004E-4	3.72733E-4	3.72717E+0
1.31796E-1	1.60169E-1	2.99272E+2	1.00004E-4	3.72762E-4	3.72747E+0
1.18862E-1	1.47649E-1	2.99273E+2	1.00004E-4	3.72771E-4	3.72755E+0
1.06462E-1	1.35186E-1	2.99273E+2	1.00004E-4	3.72657E-4	3.72640E+0
9.39873E-2	1.22575E-1	2.99275E+2	1.00004E-4	3.72626E-4	3.72609E+0
8.07571E-2	1.10242E-1	2.99276E+2	1.00004E-4	3.72653E-4	3.72636E+0
6.79306E-2	9.78784E-2	2.99277E+2	1.00004E-4	3.72681E-4	3.72665E+0
5.48151E-2	8.53385E-2	2.99279E+2	1.00004E-4	3.72673E-4	3.72657E+0
4.21714E-2	7.28653E-2	2.99281E+2	1.00004E-4	3.72613E-4	3.72597E+0
2.95500E-2	6.02343E-2	2.99281E+2	1.00004E-4	3.72639E-4	3.72623E+0
1.71612E-2	4.76616E-2	2.99281E+2	1.00004E-4	3.72707E-4	3.72691E+0
6.13320E-3	3.54625E-2	2.99283E+2	1.00004E-4	3.72638E-4	3.72623E+0
1.12006E-3	2.47383E-2	2.99283E+2	1.00004E-4	3.72565E-4	3.72549E+0
1.92166E-4	1.67037E-2	2.99284E+2	1.00004E-4	3.72601E-4	3.72584E+0
5.09608E-4	1.16996E-2	2.99286E+2	1.00004E-4	3.72620E-4	3.72603E+0
