B_digital_(T)	B_analog_(T)	T_sample_(K)	I_s	V_nv	R_nv
4.70000E-4	-1.51811E-3	2.98617E+2	1.00004E-4	-1.44221E-6	-1.44214E-2
7.35906E-4	-1.51374E-3	2.98623E+2	1.00004E-4	-1.41930E-6	-1.41924E-2
8.49374E-3	-1.28979E-3	2.98632E+2	1.00004E-4	-1.40861E-6	-1.40855E-2
2.13049E-2	-3.47682E-4	2.98640E+2	1.00004E-4	-1.41263E-6	-1.41256E-2
3.38116E-2	3.19117E-3	2.98649E+2	1.00004E-4	-1.38866E-6	-1.38860E-2
4.64617E-2	1.21891E-2	2.98658E+2	1.00004E-4	-1.37932E-6	-1.37926E-2
5.91142E-2	2.58217E-2	2.98666E+2	1.00004E-4	-1.36753E-6	-1.36747E-2
7.19910E-2	3.99554E-2	2.98674E+2	1.00004E-4	-1.38843E-6	-1.38836E-2
8.47443E-2	5.34699E-2	2.98684E+2	1.00004E-4	-1.40959E-6	-1.40953E-2
9.72781E-2	6.67859E-2	2.98694E+2	1.00004E-4	-1.39955E-6	-1.39949E-2
1.09603E-1	7.99363E-2	2.98702E+2	1.00004E-4	-1.41263E-6	-1.41257E-2
1.22716E-1	9.26919E-2	2.98711E+2	1.00004E-4	-1.43509E-6	-1.43503E-2
1.35331E-1	1.05337E-1	2.98722E+2	1.00004E-4	-1.41014E-6	-1.41008E-2
1.47872E-1	1.17883E-1	2.98730E+2	1.00004E-4	-1.37809E-6	-1.37803E-2
1.60338E-1	1.30034E-1	2.98739E+2	1.00004E-4	-1.40446E-6	-1.40440E-2
1.72644E-1	1.42393E-1	2.98748E+2	1.00004E-4	-1.41738E-6	-1.41732E-2
1.85590E-1	1.54981E-1	2.98754E+2	1.00004E-4	-1.42215E-6	-1.42209E-2
1.98724E-1	1.67437E-1	2.98761E+2	1.00004E-4	-1.43474E-6	-1.43467E-2
2.11369E-1	1.80043E-1	2.98768E+2	1.00004E-4	-1.45520E-6	-1.45513E-2
2.24120E-1	1.92626E-1	2.98774E+2	1.00004E-4	-1.47729E-6	-1.47723E-2
2.36791E-1	2.05094E-1	2.98780E+2	1.00004E-4	-1.45168E-6	-1.45162E-2
2.49322E-1	2.17523E-1	2.98785E+2	1.00004E-4	-1.40717E-6	-1.40711E-2
2.61465E-1	2.29829E-1	2.98791E+2	1.00004E-4	-1.45172E-6	-1.45165E-2
2.73754E-1	2.42242E-1	2.98796E+2	1.00004E-4	-1.47490E-6	-1.47484E-2
2.86559E-1	2.54628E-1	2.98800E+2	1.00004E-4	-1.45101E-6	-1.45095E-2
2.99561E-1	2.66855E-1	2.98804E+2	1.00004E-4	-1.42660E-6	-1.42654E-2
3.12740E-1	2.79107E-1	2.98807E+2	1.00004E-4	-1.44216E-6	-1.44209E-2
3.25238E-1	2.91426E-1	2.98810E+2	1.00004E-4	-1.45677E-6	-1.45671E-2
3.37577E-1	3.03771E-1	2.98813E+2	1.00004E-4	-1.46252E-6	-1.46246E-2
3.50441E-1	3.15826E-1	2.98816E+2	1.00004E-4	-1.45909E-6	-1.45902E-2
3.63612E-1	3.27745E-1	2.98817E+2	1.00004E-4	-1.44719E-6	-1.44713E-2
3.75762E-1	3.39780E-1	2.98818E+2	1.00004E-4	-1.41152E-6	-1.41146E-2
3.88340E-1	3.51684E-1	2.98820E+2	1.00004E-4	-1.42406E-6	-1.42399E-2
4.01045E-1	3.63656E-1	2.98820E+2	1.00004E-4	-1.44790E-6	-1.44783E-2
4.13592E-1	3.75663E-1	2.98821E+2	1.00004E-4	-1.43076E-6	-1.43070E-2
4.26115E-1	3.87563E-1	2.98823E+2	1.00004E-4	-1.45309E-6	-1.45303E-2
4.38558E-1	3.99531E-1	2.98823E+2	1.00004E-4	-1.45259E-6	-1.45253E-2
4.51243E-1	4.11475E-1	2.98825E+2	1.00004E-4	-1.44635E-6	-1.44629E-2
4.63910E-1	4.23920E-1	2.98825E+2	1.00004E-4	-1.47253E-6	-1.47246E-2
4.76843E-1	4.36453E-1	2.98826E+2	1.00004E-4	-1.48066E-6	-1.48059E-2
4.90001E-1	4.48499E-1	2.98826E+2	1.00004E-4	-1.44088E-6	-1.44082E-2
5.02678E-1	4.60499E-1	2.98825E+2	1.00004E-4	-1.45396E-6	-1.45390E-2
5.15728E-1	4.72598E-1	2.98825E+2	1.00004E-4	-1.46975E-6	-1.46969E-2
5.28143E-1	4.84854E-1	2.98825E+2	1.00004E-4	-1.48757E-6	-1.48751E-2
5.40222E-1	4.97075E-1	2.98825E+2	1.00004E-4	-1.47019E-6	-1.47013E-2
5.53456E-1	5.09068E-1	2.98823E+2	1.00004E-4	-1.43475E-6	-1.43469E-2
5.65756E-1	5.21041E-1	2.98821E+2	1.00004E-4	-1.49965E-6	-1.49959E-2
5.77951E-1	5.33192E-1	2.98821E+2	1.00004E-4	-1.46480E-6	-1.46473E-2
5.90801E-1	5.45329E-1	2.98820E+2	1.00004E-4	-1.43413E-6	-1.43406E-2
6.03904E-1	5.57369E-1	2.98819E+2	1.00004E-4	-1.45419E-6	-1.45412E-2
6.16723E-1	5.69310E-1	2.98816E+2	1.00004E-4	-1.45216E-6	-1.45209E-2
6.29131E-1	5.81298E-1	2.98814E+2	1.00004E-4	-1.46851E-6	-1.46844E-2
6.41946E-1	5.93367E-1	2.98812E+2	1.00004E-4	-1.47086E-6	-1.47080E-2
6.54307E-1	6.05513E-1	2.98812E+2	1.00004E-4	-1.52786E-6	-1.52779E-2
6.66979E-1	6.17628E-1	2.98810E+2	1.00004E-4	-1.46653E-6	-1.46647E-2
6.79700E-1	6.29693E-1	2.98808E+2	1.00004E-4	-1.44475E-6	-1.44469E-2
6.92153E-1	6.41723E-1	2.98806E+2	1.00004E-4	-1.55172E-6	-1.55166E-2
7.05023E-1	6.53758E-1	2.98804E+2	1.00004E-4	-1.46310E-6	-1.46303E-2
7.17577E-1	6.65834E-1	2.98802E+2	1.00004E-4	-1.38259E-6	-1.38253E-2
7.30318E-1	6.78030E-1	2.98801E+2	1.00004E-4	-1.42692E-6	-1.42686E-2
7.42982E-1	6.90221E-1	2.98799E+2	1.00004E-4	-1.46225E-6	-1.46218E-2
7.55732E-1	7.02300E-1	2.98796E+2	1.00004E-4	-1.49183E-6	-1.49176E-2
7.68648E-1	7.14482E-1	2.98793E+2	1.00004E-4	-1.41591E-6	-1.41585E-2
7.80477E-1	7.26752E-1	2.98792E+2	1.00004E-4	-1.47165E-6	-1.47158E-2
7.93561E-1	7.38902E-1	2.98792E+2	1.00004E-4	-1.49929E-6	-1.49923E-2
8.05897E-1	7.51115E-1	2.98790E+2	1.00004E-4	-1.49239E-6	-1.49232E-2
8.18703E-1	7.63397E-1	2.98786E+2	1.00004E-4	-1.50974E-6	-1.50968E-2
8.31293E-1	7.75571E-1	2.98785E+2	1.00004E-4	-1.52544E-6	-1.52537E-2
8.43375E-1	7.87976E-1	2.98783E+2	1.00004E-4	-1.56465E-6	-1.56459E-2
8.56264E-1	8.00389E-1	2.98780E+2	1.00004E-4	-1.54026E-6	-1.54019E-2
8.68997E-1	8.12653E-1	2.98779E+2	1.00004E-4	-1.55662E-6	-1.55656E-2
8.81768E-1	8.24947E-1	2.98778E+2	1.00004E-4	-1.53510E-6	-1.53503E-2
8.94557E-1	8.37339E-1	2.98776E+2	1.00004E-4	-1.52452E-6	-1.52445E-2
9.07527E-1	8.49873E-1	2.98775E+2	1.00004E-4	-1.39123E-6	-1.39117E-2
9.20065E-1	8.62311E-1	2.98773E+2	1.00004E-4	-1.38459E-6	-1.38453E-2
9.32417E-1	8.74855E-1	2.98773E+2	1.00004E-4	-1.48424E-6	-1.48417E-2
9.45522E-1	8.87365E-1	2.98774E+2	1.00004E-4	-1.54820E-6	-1.54813E-2
9.58282E-1	8.99958E-1	2.98773E+2	1.00004E-4	-1.52508E-6	-1.52501E-2
9.71060E-1	9.12643E-1	2.98772E+2	1.00004E-4	-1.48671E-6	-1.48664E-2
9.83989E-1	9.25169E-1	2.98771E+2	1.00004E-4	-1.59425E-6	-1.59417E-2
9.96104E-1	9.37947E-1	2.98771E+2	1.00004E-4	-1.51658E-6	-1.51651E-2
1.00898E+0	9.50702E-1	2.98771E+2	1.00004E-4	-1.46876E-6	-1.46869E-2
1.02168E+0	9.63528E-1	2.98771E+2	1.00004E-4	-1.60132E-6	-1.60125E-2
1.03428E+0	9.76358E-1	2.98773E+2	1.00004E-4	-1.61883E-6	-1.61876E-2
1.04699E+0	9.89042E-1	2.98774E+2	1.00004E-4	-1.45285E-6	-1.45279E-2
1.05912E+0	1.00176E+0	2.98775E+2	1.00004E-4	-1.40979E-6	-1.40973E-2
1.07187E+0	1.01433E+0	2.98776E+2	1.00004E-4	-1.47362E-6	-1.47355E-2
1.08438E+0	1.02669E+0	2.98777E+2	1.00004E-4	-1.43112E-6	-1.43106E-2
1.09712E+0	1.03886E+0	2.98781E+2	1.00004E-4	-1.48370E-6	-1.48364E-2
1.11016E+0	1.05107E+0	2.98784E+2	1.00004E-4	-1.49338E-6	-1.49332E-2
1.12327E+0	1.06320E+0	2.98787E+2	1.00004E-4	-1.48041E-6	-1.48034E-2
1.13579E+0	1.07537E+0	2.98789E+2	1.00004E-4	-1.60021E-6	-1.60014E-2
1.14758E+0	1.08768E+0	2.98793E+2	1.00004E-4	-1.52996E-6	-1.52989E-2
1.16026E+0	1.10000E+0	2.98798E+2	1.00004E-4	-1.50160E-6	-1.50154E-2
1.17323E+0	1.11243E+0	2.98801E+2	1.00004E-4	-1.55046E-6	-1.55039E-2
1.18632E+0	1.12477E+0	2.98806E+2	1.00004E-4	-1.51396E-6	-1.51389E-2
1.19905E+0	1.13703E+0	2.98811E+2	1.00004E-4	-1.57884E-6	-1.57877E-2
1.21100E+0	1.14938E+0	2.98816E+2	1.00004E-4	-1.64323E-6	-1.64315E-2
1.22377E+0	1.16168E+0	2.98822E+2	1.00004E-4	-1.59413E-6	-1.59406E-2
1.23671E+0	1.17395E+0	2.98827E+2	1.00004E-4	-1.64952E-6	-1.64945E-2
1.24980E+0	1.18621E+0	2.98833E+2	1.00004E-4	-1.66710E-6	-1.66703E-2
1.26272E+0	1.19846E+0	2.98841E+2	1.00004E-4	-1.54471E-6	-1.54465E-2
1.27424E+0	1.21071E+0	2.98849E+2	1.00004E-4	-1.54954E-6	-1.54947E-2
1.28701E+0	1.22301E+0	2.98855E+2	1.00004E-4	-1.55769E-6	-1.55762E-2
1.29982E+0	1.23530E+0	2.98862E+2	1.00004E-4	-1.54752E-6	-1.54746E-2
1.31253E+0	1.24754E+0	2.98869E+2	1.00004E-4	-1.66422E-6	-1.66415E-2
1.32524E+0	1.25984E+0	2.98877E+2	1.00004E-4	-1.67301E-6	-1.67294E-2
1.33807E+0	1.27224E+0	2.98885E+2	1.00004E-4	-1.61998E-6	-1.61991E-2
1.35117E+0	1.28459E+0	2.98894E+2	1.00004E-4	-1.59889E-6	-1.59882E-2
1.36348E+0	1.29691E+0	2.98901E+2	1.00004E-4	-1.70738E-6	-1.70731E-2
1.37595E+0	1.30937E+0	2.98911E+2	1.00004E-4	-1.82465E-6	-1.82456E-2
1.38843E+0	1.32179E+0	2.98921E+2	1.00004E-4	-1.65431E-6	-1.65424E-2
1.40136E+0	1.33406E+0	2.98929E+2	1.00004E-4	-1.60317E-6	-1.60310E-2
1.41413E+0	1.34645E+0	2.98939E+2	1.00004E-4	-1.61486E-6	-1.61479E-2
1.42715E+0	1.35877E+0	2.98950E+2	1.00004E-4	-1.58497E-6	-1.58490E-2
1.44016E+0	1.37100E+0	2.98958E+2	1.00004E-4	-1.62823E-6	-1.62816E-2
1.45193E+0	1.38341E+0	2.98968E+2	1.00004E-4	-1.65772E-6	-1.65764E-2
1.46458E+0	1.39585E+0	2.98979E+2	1.00004E-4	-1.71139E-6	-1.71132E-2
1.47708E+0	1.40812E+0	2.98989E+2	1.00004E-4	-1.64745E-6	-1.64738E-2
1.49001E+0	1.42042E+0	2.98998E+2	1.00005E-4	-1.64039E-6	-1.64032E-2
1.50287E+0	1.43277E+0	2.99010E+2	1.00005E-4	-1.65743E-6	-1.65735E-2
1.51525E+0	1.44501E+0	2.99020E+2	1.00004E-4	-1.67565E-6	-1.67558E-2
1.52861E+0	1.45730E+0	2.99030E+2	1.00004E-4	-1.67773E-6	-1.67765E-2
1.54086E+0	1.46978E+0	2.99040E+2	1.00004E-4	-1.60748E-6	-1.60741E-2
1.55382E+0	1.48220E+0	2.99050E+2	1.00004E-4	-1.70379E-6	-1.70372E-2
1.56613E+0	1.49450E+0	2.99062E+2	1.00004E-4	-1.73133E-6	-1.73125E-2
1.57754E+0	1.50680E+0	2.99073E+2	1.00004E-4	-1.79323E-6	-1.79315E-2
1.59142E+0	1.51914E+0	2.99084E+2	1.00004E-4	-1.94198E-6	-1.94190E-2
1.60405E+0	1.53145E+0	2.99094E+2	1.00004E-4	-1.73523E-6	-1.73515E-2
1.61645E+0	1.54377E+0	2.99106E+2	1.00004E-4	-1.57772E-6	-1.57765E-2
1.62929E+0	1.55616E+0	2.99117E+2	1.00004E-4	-1.68783E-6	-1.68776E-2
1.64119E+0	1.56856E+0	2.99127E+2	1.00004E-4	-1.65977E-6	-1.65970E-2
1.65430E+0	1.58093E+0	2.99138E+2	1.00004E-4	-1.60347E-6	-1.60340E-2
1.66703E+0	1.59335E+0	2.99150E+2	1.00004E-4	-1.75978E-6	-1.75970E-2
1.67978E+0	1.60574E+0	2.99161E+2	1.00004E-4	-1.84789E-6	-1.84781E-2
1.69254E+0	1.61805E+0	2.99171E+2	1.00004E-4	-1.87714E-6	-1.87706E-2
1.70550E+0	1.63037E+0	2.99181E+2	1.00004E-4	-1.87374E-6	-1.87366E-2
1.71800E+0	1.64278E+0	2.99193E+2	1.00004E-4	-1.67621E-6	-1.67614E-2
1.73035E+0	1.65523E+0	2.99202E+2	1.00004E-4	-1.56769E-6	-1.56762E-2
1.74350E+0	1.66769E+0	2.99212E+2	1.00004E-4	-1.62636E-6	-1.62629E-2
1.75627E+0	1.68012E+0	2.99223E+2	1.00004E-4	-1.71889E-6	-1.71882E-2
1.76879E+0	1.69251E+0	2.99234E+2	1.00004E-4	-1.74018E-6	-1.74011E-2
1.78144E+0	1.70489E+0	2.99245E+2	1.00004E-4	-1.70184E-6	-1.70177E-2
1.79404E+0	1.71733E+0	2.99254E+2	1.00004E-4	-1.72782E-6	-1.72774E-2
1.80701E+0	1.72972E+0	2.99265E+2	1.00004E-4	-1.70899E-6	-1.70892E-2
1.81926E+0	1.74205E+0	2.99275E+2	1.00004E-4	-1.66920E-6	-1.66913E-2
1.83187E+0	1.75442E+0	2.99285E+2	1.00004E-4	-1.75921E-6	-1.75914E-2
1.84447E+0	1.76687E+0	2.99295E+2	1.00004E-4	-1.80982E-6	-1.80974E-2
1.85759E+0	1.77931E+0	2.99304E+2	1.00004E-4	-1.79940E-6	-1.79932E-2
1.87013E+0	1.79170E+0	2.99314E+2	1.00004E-4	-1.90303E-6	-1.90295E-2
1.88212E+0	1.80416E+0	2.99322E+2	1.00004E-4	-1.75652E-6	-1.75644E-2
1.89509E+0	1.81665E+0	2.99330E+2	1.00004E-4	-1.66781E-6	-1.66774E-2
1.90738E+0	1.82906E+0	2.99339E+2	1.00004E-4	-1.94502E-6	-1.94493E-2
1.92040E+0	1.84138E+0	2.99348E+2	1.00004E-4	-1.90875E-6	-1.90867E-2
1.93321E+0	1.85391E+0	2.99357E+2	1.00004E-4	-1.65398E-6	-1.65391E-2
1.94546E+0	1.86646E+0	2.99366E+2	1.00004E-4	-1.81826E-6	-1.81818E-2
1.95862E+0	1.87875E+0	2.99374E+2	1.00004E-4	-1.84271E-6	-1.84263E-2
1.97070E+0	1.89117E+0	2.99383E+2	1.00004E-4	-1.62358E-6	-1.62351E-2
1.98351E+0	1.90365E+0	2.99391E+2	1.00004E-4	-1.41559E-6	-1.41553E-2
1.99588E+0	1.91602E+0	2.99399E+2	1.00004E-4	-1.62517E-6	-1.62510E-2
2.00105E+0	1.92706E+0	2.99407E+2	1.00004E-4	-1.85224E-6	-1.85216E-2
2.00105E+0	1.93506E+0	2.99415E+2	1.00004E-4	-1.68068E-6	-1.68061E-2
2.00105E+0	1.94033E+0	2.99422E+2	1.00004E-4	-1.67150E-6	-1.67143E-2
2.00169E+0	1.94344E+0	2.99428E+2	1.00004E-4	-1.78507E-6	-1.78499E-2
2.00170E+0	1.94493E+0	2.99435E+2	1.00004E-4	-1.73818E-6	-1.73810E-2
1.99823E+0	1.94560E+0	2.99444E+2	1.00004E-4	-1.76866E-6	-1.76858E-2
1.98813E+0	1.94572E+0	2.99451E+2	1.00004E-4	-1.76234E-6	-1.76226E-2
1.97534E+0	1.94518E+0	2.99456E+2	1.00004E-4	-1.89128E-6	-1.89119E-2
1.96383E+0	1.94314E+0	2.99461E+2	1.00004E-4	-1.90523E-6	-1.90514E-2
1.95063E+0	1.93679E+0	2.99466E+2	1.00004E-4	-1.89844E-6	-1.89836E-2
1.93779E+0	1.92537E+0	2.99472E+2	1.00004E-4	-1.89584E-6	-1.89575E-2
1.92523E+0	1.91219E+0	2.99479E+2	1.00004E-4	-1.83552E-6	-1.83544E-2
1.91262E+0	1.89909E+0	2.99484E+2	1.00004E-4	-1.89141E-6	-1.89133E-2
1.90069E+0	1.88618E+0	2.99489E+2	1.00004E-4	-1.82583E-6	-1.82576E-2
1.88775E+0	1.87363E+0	2.99495E+2	1.00004E-4	-1.85871E-6	-1.85863E-2
1.87509E+0	1.86123E+0	2.99501E+2	1.00004E-4	-1.81178E-6	-1.81170E-2
1.86194E+0	1.84876E+0	2.99506E+2	1.00004E-4	-1.66332E-6	-1.66325E-2
1.84869E+0	1.83644E+0	2.99511E+2	1.00004E-4	-1.69499E-6	-1.69492E-2
1.83684E+0	1.82415E+0	2.99516E+2	1.00004E-4	-1.70180E-6	-1.70172E-2
1.82443E+0	1.81171E+0	2.99522E+2	1.00004E-4	-1.88656E-6	-1.88648E-2
1.81179E+0	1.79936E+0	2.99528E+2	1.00004E-4	-1.88608E-6	-1.88599E-2
1.79852E+0	1.78703E+0	2.99533E+2	1.00004E-4	-1.81474E-6	-1.81466E-2
1.78586E+0	1.77469E+0	2.99538E+2	1.00004E-4	-1.82848E-6	-1.82840E-2
1.77328E+0	1.76228E+0	2.99541E+2	1.00004E-4	-1.98145E-6	-1.98136E-2
1.76053E+0	1.74992E+0	2.99546E+2	1.00004E-4	-2.00032E-6	-2.00023E-2
1.74820E+0	1.73770E+0	2.99550E+2	1.00004E-4	-2.00359E-6	-2.00350E-2
1.73558E+0	1.72535E+0	2.99554E+2	1.00004E-4	-1.91993E-6	-1.91985E-2
1.72290E+0	1.71294E+0	2.99558E+2	1.00004E-4	-1.78167E-6	-1.78160E-2
1.70963E+0	1.70054E+0	2.99563E+2	1.00004E-4	-1.80666E-6	-1.80658E-2
1.69683E+0	1.68809E+0	2.99567E+2	1.00004E-4	-1.77061E-6	-1.77054E-2
1.68509E+0	1.67572E+0	2.99569E+2	1.00004E-4	-1.59057E-6	-1.59050E-2
1.67218E+0	1.66334E+0	2.99574E+2	1.00004E-4	-1.74168E-6	-1.74160E-2
1.65917E+0	1.65104E+0	2.99578E+2	1.00004E-4	-1.71953E-6	-1.71946E-2
1.64638E+0	1.63867E+0	2.99581E+2	1.00004E-4	-1.72823E-6	-1.72815E-2
1.63383E+0	1.62623E+0	2.99583E+2	1.00004E-4	-1.87903E-6	-1.87894E-2
1.62146E+0	1.61393E+0	2.99587E+2	1.00004E-4	-1.71157E-6	-1.71149E-2
1.60862E+0	1.60168E+0	2.99592E+2	1.00004E-4	-1.61274E-6	-1.61267E-2
1.59670E+0	1.58924E+0	2.99594E+2	1.00004E-4	-1.60670E-6	-1.60663E-2
1.58358E+0	1.57678E+0	2.99596E+2	1.00004E-4	-1.65318E-6	-1.65311E-2
1.57093E+0	1.56449E+0	2.99598E+2	1.00004E-4	-1.65125E-6	-1.65118E-2
1.55787E+0	1.55211E+0	2.99600E+2	1.00004E-4	-1.69970E-6	-1.69963E-2
1.54517E+0	1.53963E+0	2.99601E+2	1.00004E-4	-1.77156E-6	-1.77148E-2
1.53325E+0	1.52731E+0	2.99603E+2	1.00004E-4	-1.77758E-6	-1.77750E-2
1.52000E+0	1.51507E+0	2.99606E+2	1.00004E-4	-1.80092E-6	-1.80084E-2
1.50754E+0	1.50270E+0	2.99607E+2	1.00004E-4	-1.91735E-6	-1.91727E-2
1.49520E+0	1.49031E+0	2.99608E+2	1.00004E-4	-1.81395E-6	-1.81387E-2
1.48252E+0	1.47799E+0	2.99610E+2	1.00004E-4	-1.63358E-6	-1.63351E-2
1.46938E+0	1.46565E+0	2.99609E+2	1.00005E-4	-1.65925E-6	-1.65918E-2
1.45657E+0	1.45339E+0	2.99609E+2	1.00005E-4	-1.80916E-6	-1.80908E-2
1.44451E+0	1.44095E+0	2.99610E+2	1.00004E-4	-1.78046E-6	-1.78039E-2
1.43160E+0	1.42852E+0	2.99608E+2	1.00004E-4	-1.72014E-6	-1.72006E-2
1.41924E+0	1.41618E+0	2.99610E+2	1.00004E-4	-1.74864E-6	-1.74856E-2
1.40593E+0	1.40393E+0	2.99608E+2	1.00004E-4	-1.76569E-6	-1.76561E-2
1.39308E+0	1.39159E+0	2.99607E+2	1.00004E-4	-1.74827E-6	-1.74819E-2
1.38122E+0	1.37912E+0	2.99607E+2	1.00004E-4	-1.73789E-6	-1.73782E-2
1.36750E+0	1.36677E+0	2.99606E+2	1.00004E-4	-1.67380E-6	-1.67373E-2
1.35487E+0	1.35451E+0	2.99606E+2	1.00004E-4	-1.58742E-6	-1.58736E-2
1.34244E+0	1.34225E+0	2.99604E+2	1.00004E-4	-1.69406E-6	-1.69399E-2
1.32977E+0	1.32993E+0	2.99603E+2	1.00004E-4	-1.74323E-6	-1.74315E-2
1.31825E+0	1.31761E+0	2.99602E+2	1.00004E-4	-1.60020E-6	-1.60014E-2
1.30552E+0	1.30524E+0	2.99600E+2	1.00004E-4	-1.67691E-6	-1.67684E-2
1.29223E+0	1.29277E+0	2.99598E+2	1.00004E-4	-1.74707E-6	-1.74699E-2
1.27982E+0	1.28052E+0	2.99598E+2	1.00004E-4	-1.71815E-6	-1.71807E-2
1.26724E+0	1.26818E+0	2.99597E+2	1.00004E-4	-1.71548E-6	-1.71540E-2
1.25440E+0	1.25576E+0	2.99594E+2	1.00004E-4	-1.60849E-6	-1.60842E-2
1.24197E+0	1.24345E+0	2.99592E+2	1.00004E-4	-1.62709E-6	-1.62702E-2
1.22950E+0	1.23116E+0	2.99589E+2	1.00004E-4	-1.66974E-6	-1.66967E-2
1.21625E+0	1.21886E+0	2.99589E+2	1.00004E-4	-1.63951E-6	-1.63944E-2
1.20321E+0	1.20651E+0	2.99589E+2	1.00004E-4	-1.68404E-6	-1.68397E-2
1.19022E+0	1.19430E+0	2.99586E+2	1.00004E-4	-1.67009E-6	-1.67002E-2
1.17789E+0	1.18197E+0	2.99582E+2	1.00004E-4	-1.64402E-6	-1.64395E-2
1.16551E+0	1.16961E+0	2.99582E+2	1.00004E-4	-1.53700E-6	-1.53694E-2
1.15307E+0	1.15717E+0	2.99578E+2	1.00004E-4	-1.54029E-6	-1.54022E-2
1.14049E+0	1.14461E+0	2.99577E+2	1.00004E-4	-1.68294E-6	-1.68287E-2
1.12742E+0	1.13233E+0	2.99573E+2	1.00004E-4	-1.68868E-6	-1.68861E-2
1.11524E+0	1.11998E+0	2.99570E+2	1.00004E-4	-1.60473E-6	-1.60466E-2
1.10301E+0	1.10766E+0	2.99568E+2	1.00004E-4	-1.58709E-6	-1.58702E-2
1.09000E+0	1.09536E+0	2.99566E+2	1.00004E-4	-1.62320E-6	-1.62312E-2
1.07727E+0	1.08302E+0	2.99564E+2	1.00004E-4	-1.63193E-6	-1.63186E-2
1.06433E+0	1.07072E+0	2.99561E+2	1.00004E-4	-1.58846E-6	-1.58839E-2
1.05172E+0	1.05836E+0	2.99558E+2	1.00004E-4	-1.60893E-6	-1.60886E-2
1.03880E+0	1.04612E+0	2.99557E+2	1.00004E-4	-1.68451E-6	-1.68443E-2
1.02652E+0	1.03391E+0	2.99554E+2	1.00004E-4	-1.59852E-6	-1.59845E-2
1.01412E+0	1.02156E+0	2.99549E+2	1.00004E-4	-1.53244E-6	-1.53238E-2
1.00111E+0	1.00882E+0	2.99546E+2	1.00004E-4	-1.59105E-6	-1.59098E-2
9.88164E-1	9.96030E-1	2.99544E+2	1.00004E-4	-1.72235E-6	-1.72227E-2
9.75466E-1	9.83176E-1	2.99544E+2	1.00004E-4	-1.64203E-6	-1.64196E-2
9.63114E-1	9.70274E-1	2.99543E+2	1.00004E-4	-1.57882E-6	-1.57875E-2
9.50831E-1	9.57484E-1	2.99538E+2	1.00004E-4	-1.68410E-6	-1.68403E-2
9.37907E-1	9.44697E-1	2.99533E+2	1.00004E-4	-1.70667E-6	-1.70660E-2
9.25206E-1	9.31823E-1	2.99531E+2	1.00004E-4	-1.59884E-6	-1.59877E-2
9.12450E-1	9.19068E-1	2.99529E+2	1.00004E-4	-1.57357E-6	-1.57350E-2
8.99812E-1	9.06488E-1	2.99525E+2	1.00004E-4	-1.50612E-6	-1.50605E-2
8.86943E-1	8.93800E-1	2.99522E+2	1.00004E-4	-1.49926E-6	-1.49920E-2
8.74514E-1	8.81101E-1	2.99519E+2	1.00004E-4	-1.60958E-6	-1.60950E-2
8.62254E-1	8.68563E-1	2.99517E+2	1.00004E-4	-1.61949E-6	-1.61942E-2
8.48788E-1	8.56125E-1	2.99514E+2	1.00004E-4	-1.57369E-6	-1.57362E-2
8.36107E-1	8.43563E-1	2.99511E+2	1.00004E-4	-1.50965E-6	-1.50958E-2
8.23681E-1	8.30994E-1	2.99508E+2	1.00004E-4	-1.53286E-6	-1.53279E-2
8.10817E-1	8.18601E-1	2.99505E+2	1.00004E-4	-1.57795E-6	-1.57789E-2
7.98738E-1	8.06281E-1	2.99503E+2	1.00004E-4	-1.58294E-6	-1.58287E-2
7.86058E-1	7.93833E-1	2.99500E+2	1.00004E-4	-1.48582E-6	-1.48576E-2
7.73359E-1	7.81373E-1	2.99497E+2	1.00004E-4	-1.51083E-6	-1.51076E-2
7.60564E-1	7.69134E-1	2.99495E+2	1.00004E-4	-1.51371E-6	-1.51364E-2
7.47847E-1	7.56917E-1	2.99491E+2	1.00004E-4	-1.47536E-6	-1.47529E-2
7.35634E-1	7.44512E-1	2.99487E+2	1.00004E-4	-1.52992E-6	-1.52985E-2
7.22870E-1	7.32239E-1	2.99485E+2	1.00004E-4	-1.60171E-6	-1.60163E-2
7.10170E-1	7.20063E-1	2.99482E+2	1.00004E-4	-1.60149E-6	-1.60142E-2
6.97278E-1	7.07727E-1	2.99478E+2	1.00004E-4	-1.46630E-6	-1.46623E-2
6.84407E-1	6.95499E-1	2.99476E+2	1.00004E-4	-1.52794E-6	-1.52787E-2
6.71629E-1	6.83346E-1	2.99474E+2	1.00004E-4	-1.55605E-6	-1.55598E-2
6.59205E-1	6.71058E-1	2.99472E+2	1.00004E-4	-1.49177E-6	-1.49170E-2
6.47093E-1	6.58944E-1	2.99468E+2	1.00004E-4	-1.44868E-6	-1.44862E-2
6.34326E-1	6.46766E-1	2.99465E+2	1.00004E-4	-1.46705E-6	-1.46698E-2
6.21838E-1	6.34562E-1	2.99463E+2	1.00004E-4	-1.54837E-6	-1.54831E-2
6.08832E-1	6.22429E-1	2.99460E+2	1.00004E-4	-1.51238E-6	-1.51231E-2
5.95719E-1	6.10228E-1	2.99457E+2	1.00004E-4	-1.48537E-6	-1.48530E-2
5.83540E-1	5.98074E-1	2.99454E+2	1.00004E-4	-1.52290E-6	-1.52283E-2
5.71277E-1	5.86003E-1	2.99451E+2	1.00004E-4	-1.46228E-6	-1.46221E-2
5.57804E-1	5.73973E-1	2.99449E+2	1.00004E-4	-1.44754E-6	-1.44748E-2
5.44697E-1	5.61856E-1	2.99445E+2	1.00004E-4	-1.49729E-6	-1.49722E-2
5.32580E-1	5.49641E-1	2.99442E+2	1.00004E-4	-1.49579E-6	-1.49573E-2
5.19855E-1	5.37454E-1	2.99441E+2	1.00004E-4	-1.49491E-6	-1.49485E-2
5.06891E-1	5.25354E-1	2.99439E+2	1.00004E-4	-1.49368E-6	-1.49361E-2
4.94856E-1	5.13210E-1	2.99436E+2	1.00004E-4	-1.47966E-6	-1.47959E-2
4.82193E-1	5.01170E-1	2.99433E+2	1.00004E-4	-1.50923E-6	-1.50916E-2
4.69391E-1	4.89097E-1	2.99429E+2	1.00004E-4	-1.47680E-6	-1.47673E-2
4.56750E-1	4.76830E-1	2.99427E+2	1.00004E-4	-1.45514E-6	-1.45508E-2
4.43989E-1	4.64700E-1	2.99427E+2	1.00004E-4	-1.45608E-6	-1.45602E-2
4.31545E-1	4.52676E-1	2.99423E+2	1.00004E-4	-1.42293E-6	-1.42287E-2
4.18984E-1	4.40613E-1	2.99420E+2	1.00004E-4	-1.42733E-6	-1.42727E-2
4.06097E-1	4.28443E-1	2.99418E+2	1.00004E-4	-1.40007E-6	-1.40001E-2
3.93004E-1	4.16131E-1	2.99415E+2	1.00004E-4	-1.40483E-6	-1.40477E-2
3.80757E-1	4.03949E-1	2.99413E+2	1.00004E-4	-1.39746E-6	-1.39740E-2
3.68338E-1	3.91794E-1	2.99413E+2	1.00004E-4	-1.38964E-6	-1.38958E-2
3.55680E-1	3.79618E-1	2.99410E+2	1.00004E-4	-1.41296E-6	-1.41290E-2
3.42895E-1	3.67044E-1	2.99406E+2	1.00004E-4	-1.41701E-6	-1.41695E-2
3.29800E-1	3.54410E-1	2.99404E+2	1.00004E-4	-1.40065E-6	-1.40059E-2
3.17445E-1	3.42243E-1	2.99402E+2	1.00004E-4	-1.42950E-6	-1.42944E-2
3.04816E-1	3.30003E-1	2.99401E+2	1.00004E-4	-1.42753E-6	-1.42747E-2
2.91968E-1	3.17779E-1	2.99398E+2	1.00004E-4	-1.39575E-6	-1.39569E-2
2.79246E-1	3.05469E-1	2.99395E+2	1.00004E-4	-1.39484E-6	-1.39478E-2
2.66630E-1	2.93160E-1	2.99392E+2	1.00004E-4	-1.37103E-6	-1.37097E-2
2.54189E-1	2.80810E-1	2.99392E+2	1.00004E-4	-1.37142E-6	-1.37136E-2
2.41261E-1	2.68451E-1	2.99390E+2	1.00004E-4	-1.36505E-6	-1.36499E-2
2.28118E-1	2.56148E-1	2.99388E+2	1.00004E-4	-1.37796E-6	-1.37790E-2
2.16004E-1	2.43778E-1	2.99386E+2	1.00004E-4	-1.39330E-6	-1.39324E-2
2.03494E-1	2.31382E-1	2.99384E+2	1.00004E-4	-1.39277E-6	-1.39271E-2
1.90746E-1	2.18835E-1	2.99382E+2	1.00004E-4	-1.37280E-6	-1.37274E-2
1.78147E-1	2.06287E-1	2.99381E+2	1.00004E-4	-1.36039E-6	-1.36033E-2
1.65546E-1	1.93886E-1	2.99380E+2	1.00004E-4	-1.34667E-6	-1.34661E-2
1.52897E-1	1.81350E-1	2.99376E+2	1.00004E-4	-1.33626E-6	-1.33620E-2
1.40226E-1	1.68802E-1	2.99374E+2	1.00004E-4	-1.36005E-6	-1.35999E-2
1.27700E-1	1.56361E-1	2.99373E+2	1.00004E-4	-1.35542E-6	-1.35535E-2
1.14881E-1	1.43769E-1	2.99371E+2	1.00004E-4	-1.35146E-6	-1.35140E-2
1.02209E-1	1.31264E-1	2.99371E+2	1.00004E-4	-1.35361E-6	-1.35356E-2
8.95896E-2	1.18723E-1	2.99369E+2	1.00004E-4	-1.32854E-6	-1.32849E-2
7.71238E-2	1.06403E-1	2.99367E+2	1.00004E-4	-1.34732E-6	-1.34726E-2
6.43841E-2	9.40838E-2	2.99365E+2	1.00005E-4	-1.33791E-6	-1.33785E-2
5.17628E-2	8.13893E-2	2.99362E+2	1.00005E-4	-1.31942E-6	-1.31936E-2
3.90095E-2	6.87462E-2	2.99360E+2	1.00004E-4	-1.34267E-6	-1.34261E-2
2.62861E-2	5.62090E-2	2.99361E+2	1.00004E-4	-1.35687E-6	-1.35681E-2
1.37458E-2	4.40566E-2	2.99358E+2	1.00004E-4	-1.32824E-6	-1.32818E-2
4.10116E-3	3.21123E-2	2.99356E+2	1.00004E-4	-1.30227E-6	-1.30222E-2
7.43411E-4	2.17208E-2	2.99357E+2	1.00004E-4	-1.31809E-6	-1.31803E-2
9.50000E-4	1.47991E-2	2.99355E+2	1.00004E-4	-1.30929E-6	-1.30923E-2
6.82405E-4	1.05580E-2	2.99353E+2	1.00004E-4	-1.30279E-6	-1.30274E-2
2.18105E-4	8.41071E-3	2.99352E+2	1.00004E-4	-1.30089E-6	-1.30084E-2
3.97666E-4	7.44472E-3	2.99351E+2	1.00004E-4	-1.29763E-6	-1.29757E-2
-4.85080E-3	6.66947E-3	2.99349E+2	1.00004E-4	-1.28508E-6	-1.28502E-2
-1.44652E-2	5.10586E-3	2.99347E+2	1.00004E-4	-1.28411E-6	-1.28406E-2
-2.69214E-2	9.01812E-5	2.99345E+2	1.00005E-4	-1.28809E-6	-1.28803E-2
-3.97107E-2	-9.16449E-3	2.99343E+2	1.00004E-4	-1.30553E-6	-1.30547E-2
-5.21785E-2	-2.07573E-2	2.99341E+2	1.00004E-4	-1.29900E-6	-1.29894E-2
-6.51782E-2	-3.28529E-2	2.99341E+2	1.00004E-4	-1.28481E-6	-1.28475E-2
-7.79334E-2	-4.48349E-2	2.99340E+2	1.00004E-4	-1.29448E-6	-1.29443E-2
-9.05773E-2	-5.71198E-2	2.99338E+2	1.00004E-4	-1.28954E-6	-1.28948E-2
-1.02703E-1	-6.97531E-2	2.99336E+2	1.00004E-4	-1.28441E-6	-1.28435E-2
-1.15346E-1	-8.24409E-2	2.99336E+2	1.00004E-4	-1.30620E-6	-1.30614E-2
-1.28409E-1	-9.51653E-2	2.99335E+2	1.00004E-4	-1.28028E-6	-1.28022E-2
-1.41128E-1	-1.07773E-1	2.99333E+2	1.00004E-4	-1.26279E-6	-1.26274E-2
-1.54132E-1	-1.20231E-1	2.99334E+2	1.00004E-4	-1.30248E-6	-1.30242E-2
-1.66422E-1	-1.32670E-1	2.99334E+2	1.00004E-4	-1.28443E-6	-1.28437E-2
-1.79110E-1	-1.45013E-1	2.99335E+2	1.00004E-4	-1.25176E-6	-1.25171E-2
-1.92056E-1	-1.57133E-1	2.99333E+2	1.00004E-4	-1.24956E-6	-1.24950E-2
-2.04146E-1	-1.69032E-1	2.99331E+2	1.00004E-4	-1.25671E-6	-1.25665E-2
-2.17413E-1	-1.80937E-1	2.99332E+2	1.00004E-4	-1.26225E-6	-1.26219E-2
-2.29576E-1	-1.92789E-1	2.99331E+2	1.00004E-4	-1.26294E-6	-1.26289E-2
-2.42042E-1	-2.04511E-1	2.99331E+2	1.00004E-4	-1.27781E-6	-1.27776E-2
-2.54438E-1	-2.16525E-1	2.99331E+2	1.00004E-4	-1.25357E-6	-1.25352E-2
-2.67405E-1	-2.28786E-1	2.99329E+2	1.00004E-4	-1.20162E-6	-1.20157E-2
-2.80500E-1	-2.41108E-1	2.99330E+2	1.00004E-4	-1.25391E-6	-1.25386E-2
-2.92737E-1	-2.53623E-1	2.99328E+2	1.00004E-4	-1.30136E-6	-1.30130E-2
-3.05793E-1	-2.66313E-1	2.99328E+2	1.00004E-4	-1.25616E-6	-1.25610E-2
-3.18508E-1	-2.78952E-1	2.99329E+2	1.00004E-4	-1.22763E-6	-1.22758E-2
-3.30914E-1	-2.91499E-1	2.99327E+2	1.00004E-4	-1.20859E-6	-1.20853E-2
-3.43458E-1	-3.04044E-1	2.99326E+2	1.00004E-4	-1.19505E-6	-1.19499E-2
-3.55902E-1	-3.16585E-1	2.99325E+2	1.00005E-4	-1.21802E-6	-1.21797E-2
-3.68366E-1	-3.29011E-1	2.99325E+2	1.00004E-4	-1.22997E-6	-1.22991E-2
-3.81159E-1	-3.41371E-1	2.99323E+2	1.00004E-4	-1.25788E-6	-1.25783E-2
-3.94317E-1	-3.53736E-1	2.99322E+2	1.00004E-4	-1.28913E-6	-1.28907E-2
-4.07151E-1	-3.64497E-1	2.99321E+2	1.00004E-4	-1.27440E-6	-1.27435E-2
-4.18936E-1	-3.76168E-1	2.99319E+2	1.00004E-4	-1.23236E-6	-1.23231E-2
-4.31719E-1	-3.89797E-1	2.99316E+2	1.00004E-4	-1.20354E-6	-1.20349E-2
-4.44496E-1	-4.02816E-1	2.99315E+2	1.00004E-4	-1.22290E-6	-1.22284E-2
-4.57664E-1	-4.15864E-1	2.99314E+2	1.00004E-4	-1.23398E-6	-1.23393E-2
-4.70160E-1	-4.28694E-1	2.99313E+2	1.00004E-4	-1.24107E-6	-1.24102E-2
-4.82485E-1	-4.40941E-1	2.99312E+2	1.00004E-4	-1.24935E-6	-1.24930E-2
-4.95309E-1	-4.53160E-1	2.99310E+2	1.00004E-4	-1.20593E-6	-1.20587E-2
-5.07505E-1	-4.65269E-1	2.99308E+2	1.00004E-4	-1.15429E-6	-1.15424E-2
-5.20385E-1	-4.77211E-1	2.99306E+2	1.00004E-4	-1.12244E-6	-1.12239E-2
-5.33749E-1	-4.89328E-1	2.99302E+2	1.00004E-4	-1.09520E-6	-1.09515E-2
-5.46674E-1	-5.01439E-1	2.99300E+2	1.00004E-4	-1.12790E-6	-1.12785E-2
-5.59022E-1	-5.13390E-1	2.99299E+2	1.00004E-4	-1.20344E-6	-1.20339E-2
-5.71010E-1	-5.25557E-1	2.99299E+2	1.00004E-4	-1.24796E-6	-1.24791E-2
-5.83728E-1	-5.37660E-1	2.99298E+2	1.00004E-4	-1.15467E-6	-1.15462E-2
-5.96709E-1	-5.49650E-1	2.99295E+2	1.00004E-4	-1.17093E-6	-1.17088E-2
-6.09121E-1	-5.61772E-1	2.99293E+2	1.00004E-4	-1.22979E-6	-1.22974E-2
-6.21781E-1	-5.73928E-1	2.99291E+2	1.00004E-4	-1.09337E-6	-1.09332E-2
-6.34891E-1	-5.86171E-1	2.99290E+2	1.00004E-4	-1.12358E-6	-1.12353E-2
-6.47641E-1	-5.98352E-1	2.99289E+2	1.00004E-4	-1.21060E-6	-1.21055E-2
-6.59847E-1	-6.10442E-1	2.99287E+2	1.00004E-4	-1.12817E-6	-1.12812E-2
-6.72306E-1	-6.22591E-1	2.99286E+2	1.00004E-4	-1.06828E-6	-1.06823E-2
-6.85329E-1	-6.34821E-1	2.99286E+2	1.00004E-4	-1.09522E-6	-1.09517E-2
-6.98231E-1	-6.46994E-1	2.99285E+2	1.00004E-4	-1.14395E-6	-1.14390E-2
-7.11188E-1	-6.59162E-1	2.99282E+2	1.00004E-4	-1.18851E-6	-1.18846E-2
-7.23238E-1	-6.71369E-1	2.99280E+2	1.00004E-4	-1.18113E-6	-1.18108E-2
-7.36247E-1	-6.83566E-1	2.99281E+2	1.00004E-4	-1.19245E-6	-1.19240E-2
-7.48654E-1	-6.95655E-1	2.99281E+2	1.00004E-4	-1.21310E-6	-1.21305E-2
-7.61091E-1	-7.07714E-1	2.99281E+2	1.00004E-4	-1.15704E-6	-1.15699E-2
-7.73755E-1	-7.20022E-1	2.99279E+2	1.00004E-4	-1.04208E-6	-1.04204E-2
-7.86516E-1	-7.32248E-1	2.99278E+2	1.00004E-4	-1.00384E-6	-1.00380E-2
-7.99020E-1	-7.44468E-1	2.99278E+2	1.00004E-4	-1.06822E-6	-1.06817E-2
-8.11496E-1	-7.56719E-1	2.99276E+2	1.00004E-4	-1.11921E-6	-1.11916E-2
-8.24418E-1	-7.68863E-1	2.99277E+2	1.00004E-4	-1.02329E-6	-1.02325E-2
-8.37289E-1	-7.81144E-1	2.99276E+2	1.00004E-4	-1.05093E-6	-1.05088E-2
-8.49849E-1	-7.93438E-1	2.99275E+2	1.00004E-4	-1.17074E-6	-1.17069E-2
-8.62374E-1	-8.05710E-1	2.99277E+2	1.00004E-4	-1.08570E-6	-1.08565E-2
-8.74800E-1	-8.18032E-1	2.99276E+2	1.00004E-4	-1.07866E-6	-1.07862E-2
-8.87919E-1	-8.30398E-1	2.99275E+2	1.00004E-4	-1.16188E-6	-1.16183E-2
-9.00512E-1	-8.42819E-1	2.99276E+2	1.00004E-4	-1.23065E-6	-1.23060E-2
-9.12907E-1	-8.55201E-1	2.99275E+2	1.00004E-4	-1.13295E-6	-1.13290E-2
-9.25911E-1	-8.67613E-1	2.99276E+2	1.00004E-4	-1.02213E-6	-1.02208E-2
-9.38764E-1	-8.80155E-1	2.99275E+2	1.00004E-4	-1.04871E-6	-1.04866E-2
-9.51047E-1	-8.92745E-1	2.99275E+2	1.00004E-4	-1.00784E-6	-1.00780E-2
-9.63277E-1	-9.05255E-1	2.99277E+2	1.00004E-4	-1.04607E-6	-1.04602E-2
-9.76214E-1	-9.17788E-1	2.99278E+2	1.00004E-4	-1.08380E-6	-1.08376E-2
-9.89150E-1	-9.30438E-1	2.99275E+2	1.00004E-4	-1.02369E-6	-1.02365E-2
-1.00210E+0	-9.43099E-1	2.99275E+2	1.00004E-4	-1.02673E-6	-1.02668E-2
-1.01455E+0	-9.55920E-1	2.99277E+2	1.00004E-4	-1.08826E-6	-1.08821E-2
-1.02703E+0	-9.68913E-1	2.99277E+2	1.00004E-4	-1.06019E-6	-1.06014E-2
-1.03988E+0	-9.81705E-1	2.99278E+2	1.00004E-4	-1.04533E-6	-1.04529E-2
-1.05216E+0	-9.94428E-1	2.99278E+2	1.00004E-4	-1.06560E-6	-1.06555E-2
-1.06524E+0	-1.00702E+0	2.99277E+2	1.00004E-4	-9.42052E-7	-9.42010E-3
-1.07845E+0	-1.01944E+0	2.99278E+2	1.00004E-4	-8.95572E-7	-8.95532E-3
-1.09067E+0	-1.03206E+0	2.99279E+2	1.00004E-4	-1.08982E-6	-1.08977E-2
-1.10294E+0	-1.04462E+0	2.99280E+2	1.00004E-4	-1.13628E-6	-1.13623E-2
-1.11538E+0	-1.05714E+0	2.99280E+2	1.00005E-4	-1.06303E-6	-1.06298E-2
-1.12880E+0	-1.06966E+0	2.99280E+2	1.00005E-4	-1.17563E-6	-1.17557E-2
-1.14161E+0	-1.08198E+0	2.99282E+2	1.00004E-4	-1.18437E-6	-1.18432E-2
-1.15421E+0	-1.09422E+0	2.99283E+2	1.00004E-4	-9.62682E-7	-9.62640E-3
-1.16693E+0	-1.10657E+0	2.99283E+2	1.00004E-4	-8.32964E-7	-8.32927E-3
-1.17897E+0	-1.11894E+0	2.99285E+2	1.00004E-4	-9.87225E-7	-9.87181E-3
-1.19192E+0	-1.13126E+0	2.99285E+2	1.00004E-4	-1.14997E-6	-1.14992E-2
-1.20501E+0	-1.14348E+0	2.99286E+2	1.00004E-4	-1.13008E-6	-1.13003E-2
-1.21786E+0	-1.15568E+0	2.99287E+2	1.00004E-4	-1.07309E-6	-1.07304E-2
-1.23048E+0	-1.16799E+0	2.99288E+2	1.00004E-4	-1.03207E-6	-1.03203E-2
-1.24203E+0	-1.18029E+0	2.99289E+2	1.00004E-4	-9.61797E-7	-9.61755E-3
-1.25455E+0	-1.19262E+0	2.99290E+2	1.00004E-4	-9.06766E-7	-9.06725E-3
-1.26769E+0	-1.20494E+0	2.99291E+2	1.00004E-4	-8.75753E-7	-8.75715E-3
-1.28102E+0	-1.21728E+0	2.99292E+2	1.00004E-4	-8.52344E-7	-8.52308E-3
-1.29360E+0	-1.22965E+0	2.99294E+2	1.00004E-4	-7.97265E-7	-7.97230E-3
-1.30628E+0	-1.24195E+0	2.99296E+2	1.00004E-4	-9.75554E-7	-9.75511E-3
-1.31878E+0	-1.25417E+0	2.99295E+2	1.00004E-4	-1.18443E-6	-1.18438E-2
-1.33115E+0	-1.26640E+0	2.99295E+2	1.00004E-4	-1.14222E-6	-1.14217E-2
-1.34397E+0	-1.27878E+0	2.99298E+2	1.00004E-4	-1.16279E-6	-1.16274E-2
-1.35612E+0	-1.29109E+0	2.99299E+2	1.00004E-4	-1.16827E-6	-1.16822E-2
-1.36912E+0	-1.30333E+0	2.99300E+2	1.00004E-4	-1.12828E-6	-1.12824E-2
-1.38202E+0	-1.31593E+0	2.99302E+2	1.00004E-4	-1.01482E-6	-1.01478E-2
-1.39433E+0	-1.32853E+0	2.99303E+2	1.00004E-4	-9.42346E-7	-9.42304E-3
-1.40684E+0	-1.34080E+0	2.99304E+2	1.00005E-4	-1.06714E-6	-1.06709E-2
-1.41990E+0	-1.35312E+0	2.99305E+2	1.00005E-4	-1.01126E-6	-1.01121E-2
-1.43254E+0	-1.36549E+0	2.99307E+2	1.00004E-4	-9.21455E-7	-9.21414E-3
-1.44510E+0	-1.37770E+0	2.99310E+2	1.00005E-4	-1.06506E-6	-1.06501E-2
-1.45721E+0	-1.39006E+0	2.99310E+2	1.00005E-4	-1.11180E-6	-1.11175E-2
-1.47034E+0	-1.40241E+0	2.99310E+2	1.00004E-4	-9.81495E-7	-9.81452E-3
-1.48297E+0	-1.41465E+0	2.99311E+2	1.00004E-4	-1.01160E-6	-1.01156E-2
-1.49563E+0	-1.42709E+0	2.99313E+2	1.00004E-4	-1.11619E-6	-1.11614E-2
-1.50838E+0	-1.43955E+0	2.99315E+2	1.00004E-4	-9.60801E-7	-9.60759E-3
-1.52190E+0	-1.45184E+0	2.99318E+2	1.00004E-4	-9.51077E-7	-9.51035E-3
-1.53427E+0	-1.46412E+0	2.99317E+2	1.00004E-4	-1.08073E-6	-1.08069E-2
-1.54582E+0	-1.47648E+0	2.99318E+2	1.00004E-4	-1.16597E-6	-1.16592E-2
-1.55874E+0	-1.48880E+0	2.99318E+2	1.00004E-4	-1.11089E-6	-1.11084E-2
-1.57182E+0	-1.50120E+0	2.99321E+2	1.00004E-4	-9.99909E-7	-9.99864E-3
-1.58447E+0	-1.51365E+0	2.99324E+2	1.00004E-4	-1.08071E-6	-1.08067E-2
-1.59705E+0	-1.52602E+0	2.99324E+2	1.00004E-4	-9.12694E-7	-9.12653E-3
-1.60905E+0	-1.53840E+0	2.99325E+2	1.00004E-4	-8.41480E-7	-8.41444E-3
-1.62206E+0	-1.55071E+0	2.99327E+2	1.00004E-4	-1.04558E-6	-1.04554E-2
-1.63442E+0	-1.56302E+0	2.99328E+2	1.00005E-4	-9.83371E-7	-9.83326E-3
-1.64716E+0	-1.57550E+0	2.99329E+2	1.00004E-4	-8.19132E-7	-8.19095E-3
-1.66049E+0	-1.58799E+0	2.99331E+2	1.00004E-4	-7.47706E-7	-7.47673E-3
-1.67363E+0	-1.60031E+0	2.99332E+2	1.00004E-4	-7.69888E-7	-7.69855E-3
-1.68590E+0	-1.61261E+0	2.99334E+2	1.00004E-4	-9.97676E-7	-9.97632E-3
-1.69734E+0	-1.62498E+0	2.99335E+2	1.00004E-4	-1.04711E-6	-1.04707E-2
-1.71042E+0	-1.63745E+0	2.99337E+2	1.00004E-4	-9.79600E-7	-9.79558E-3
-1.72365E+0	-1.64993E+0	2.99338E+2	1.00004E-4	-8.49984E-7	-8.49948E-3
-1.73652E+0	-1.66227E+0	2.99338E+2	1.00004E-4	-8.36414E-7	-8.36377E-3
-1.74952E+0	-1.67454E+0	2.99340E+2	1.00004E-4	-1.12061E-6	-1.12056E-2
-1.76125E+0	-1.68700E+0	2.99342E+2	1.00004E-4	-8.92011E-7	-8.91972E-3
-1.77401E+0	-1.69939E+0	2.99344E+2	1.00005E-4	-8.15809E-7	-8.15773E-3
-1.78665E+0	-1.71179E+0	2.99345E+2	1.00004E-4	-9.15481E-7	-9.15441E-3
-1.79937E+0	-1.72435E+0	2.99347E+2	1.00004E-4	-9.05219E-7	-9.05179E-3
-1.81224E+0	-1.73677E+0	2.99347E+2	1.00004E-4	-1.09124E-6	-1.09119E-2
-1.82424E+0	-1.74911E+0	2.99348E+2	1.00004E-4	-9.85837E-7	-9.85793E-3
-1.83699E+0	-1.76154E+0	2.99350E+2	1.00004E-4	-7.56202E-7	-7.56169E-3
-1.84969E+0	-1.77396E+0	2.99352E+2	1.00004E-4	-7.98223E-7	-7.98187E-3
-1.86286E+0	-1.78634E+0	2.99352E+2	1.00004E-4	-8.84172E-7	-8.84132E-3
-1.87541E+0	-1.79875E+0	2.99354E+2	1.00004E-4	-8.60671E-7	-8.60635E-3
-1.88860E+0	-1.81117E+0	2.99356E+2	1.00004E-4	-9.52831E-7	-9.52789E-3
-1.90134E+0	-1.82374E+0	2.99356E+2	1.00005E-4	-9.66428E-7	-9.66384E-3
-1.91328E+0	-1.83628E+0	2.99356E+2	1.00004E-4	-8.40096E-7	-8.40059E-3
-1.92609E+0	-1.84858E+0	2.99358E+2	1.00004E-4	-6.59262E-7	-6.59234E-3
-1.93868E+0	-1.86095E+0	2.99359E+2	1.00004E-4	-7.41713E-7	-7.41681E-3
-1.95193E+0	-1.87339E+0	2.99360E+2	1.00004E-4	-8.66982E-7	-8.66945E-3
-1.96472E+0	-1.88594E+0	2.99362E+2	1.00004E-4	-9.29355E-7	-9.29316E-3
-1.97607E+0	-1.89847E+0	2.99362E+2	1.00004E-4	-1.02632E-6	-1.02627E-2
-1.98884E+0	-1.91091E+0	2.99364E+2	1.00004E-4	-1.13179E-6	-1.13174E-2
-1.99943E+0	-1.92299E+0	2.99366E+2	1.00004E-4	-1.20797E-6	-1.20791E-2
-2.00132E+0	-1.93259E+0	2.99366E+2	1.00004E-4	-1.00446E-6	-1.00441E-2
-2.00172E+0	-1.93922E+0	2.99367E+2	1.00004E-4	-8.11191E-7	-8.11155E-3
-2.00200E+0	-1.94335E+0	2.99368E+2	1.00004E-4	-8.98921E-7	-8.98882E-3
-2.00167E+0	-1.94558E+0	2.99369E+2	1.00004E-4	-9.08375E-7	-9.08337E-3
-2.00113E+0	-1.94661E+0	2.99370E+2	1.00004E-4	-9.31432E-7	-9.31392E-3
-1.99382E+0	-1.94699E+0	2.99371E+2	1.00004E-4	-1.05254E-6	-1.05250E-2
-1.98232E+0	-1.94680E+0	2.99371E+2	1.00004E-4	-1.08013E-6	-1.08009E-2
-1.96977E+0	-1.94566E+0	2.99372E+2	1.00004E-4	-8.96369E-7	-8.96330E-3
-1.95647E+0	-1.94188E+0	2.99372E+2	1.00004E-4	-5.66140E-7	-5.66115E-3
-1.94364E+0	-1.93264E+0	2.99373E+2	1.00004E-4	-6.38530E-7	-6.38502E-3
-1.93192E+0	-1.91976E+0	2.99373E+2	1.00004E-4	-8.80925E-7	-8.80887E-3
-1.91914E+0	-1.90638E+0	2.99373E+2	1.00004E-4	-9.66519E-7	-9.66478E-3
-1.90645E+0	-1.89348E+0	2.99375E+2	1.00004E-4	-9.50571E-7	-9.50530E-3
-1.89269E+0	-1.88085E+0	2.99375E+2	1.00004E-4	-1.03680E-6	-1.03676E-2
-1.87989E+0	-1.86825E+0	2.99377E+2	1.00004E-4	-8.51011E-7	-8.50975E-3
-1.86817E+0	-1.85573E+0	2.99378E+2	1.00004E-4	-5.68669E-7	-5.68644E-3
-1.85569E+0	-1.84347E+0	2.99378E+2	1.00004E-4	-6.43094E-7	-6.43066E-3
-1.84326E+0	-1.83114E+0	2.99379E+2	1.00004E-4	-1.00340E-6	-1.00335E-2
-1.83020E+0	-1.81878E+0	2.99381E+2	1.00004E-4	-1.05287E-6	-1.05282E-2
-1.81739E+0	-1.80648E+0	2.99382E+2	1.00004E-4	-8.51834E-7	-8.51797E-3
-1.80547E+0	-1.79409E+0	2.99383E+2	1.00004E-4	-8.98358E-7	-8.98319E-3
-1.79253E+0	-1.78166E+0	2.99386E+2	1.00004E-4	-8.16408E-7	-8.16372E-3
-1.77918E+0	-1.76919E+0	2.99387E+2	1.00004E-4	-8.67678E-7	-8.67640E-3
-1.76644E+0	-1.75681E+0	2.99388E+2	1.00004E-4	-8.81248E-7	-8.81210E-3
-1.75442E+0	-1.74450E+0	2.99389E+2	1.00005E-4	-8.48926E-7	-8.48887E-3
-1.74105E+0	-1.73208E+0	2.99391E+2	1.00004E-4	-8.76976E-7	-8.76937E-3
-1.72868E+0	-1.71971E+0	2.99392E+2	1.00004E-4	-8.87794E-7	-8.87755E-3
-1.71645E+0	-1.70740E+0	2.99393E+2	1.00004E-4	-9.60292E-7	-9.60249E-3
-1.70331E+0	-1.69505E+0	2.99394E+2	1.00004E-4	-1.06093E-6	-1.06088E-2
-1.69125E+0	-1.68259E+0	2.99395E+2	1.00004E-4	-9.31030E-7	-9.30989E-3
-1.67859E+0	-1.67025E+0	2.99396E+2	1.00004E-4	-7.23046E-7	-7.23013E-3
-1.66543E+0	-1.65794E+0	2.99397E+2	1.00004E-4	-9.23704E-7	-9.23663E-3
-1.65301E+0	-1.64551E+0	2.99399E+2	1.00004E-4	-1.16407E-6	-1.16402E-2
-1.64040E+0	-1.63311E+0	2.99400E+2	1.00004E-4	-1.08362E-6	-1.08357E-2
-1.62747E+0	-1.62064E+0	2.99402E+2	1.00004E-4	-8.96677E-7	-8.96639E-3
-1.61435E+0	-1.60822E+0	2.99405E+2	1.00004E-4	-7.90282E-7	-7.90248E-3
-1.60215E+0	-1.59588E+0	2.99406E+2	1.00004E-4	-8.55245E-7	-8.55208E-3
-1.58910E+0	-1.58344E+0	2.99408E+2	1.00004E-4	-9.85518E-7	-9.85476E-3
-1.57678E+0	-1.57098E+0	2.99411E+2	1.00004E-4	-8.67120E-7	-8.67082E-3
-1.56434E+0	-1.55865E+0	2.99412E+2	1.00004E-4	-7.61978E-7	-7.61944E-3
-1.55177E+0	-1.54636E+0	2.99413E+2	1.00004E-4	-9.37287E-7	-9.37246E-3
-1.53970E+0	-1.53397E+0	2.99415E+2	1.00004E-4	-8.80333E-7	-8.80295E-3
-1.52628E+0	-1.52153E+0	2.99416E+2	1.00004E-4	-8.52875E-7	-8.52838E-3
-1.51350E+0	-1.50910E+0	2.99415E+2	1.00004E-4	-9.81678E-7	-9.81636E-3
-1.50155E+0	-1.49681E+0	2.99417E+2	1.00004E-4	-9.31059E-7	-9.31019E-3
-1.48826E+0	-1.48446E+0	2.99421E+2	1.00004E-4	-8.23920E-7	-8.23884E-3
-1.47554E+0	-1.47202E+0	2.99422E+2	1.00004E-4	-8.02720E-7	-8.02684E-3
-1.46267E+0	-1.45967E+0	2.99423E+2	1.00004E-4	-9.30908E-7	-9.30867E-3
-1.45004E+0	-1.44733E+0	2.99423E+2	1.00004E-4	-9.97031E-7	-9.96988E-3
-1.43825E+0	-1.43501E+0	2.99424E+2	1.00004E-4	-1.01499E-6	-1.01495E-2
-1.42497E+0	-1.42262E+0	2.99425E+2	1.00005E-4	-1.08868E-6	-1.08863E-2
-1.41210E+0	-1.41020E+0	2.99427E+2	1.00004E-4	-1.06758E-6	-1.06754E-2
-1.39989E+0	-1.39789E+0	2.99427E+2	1.00004E-4	-1.00181E-6	-1.00176E-2
-1.38764E+0	-1.38549E+0	2.99428E+2	1.00004E-4	-1.03926E-6	-1.03922E-2
-1.37472E+0	-1.37304E+0	2.99425E+2	1.00004E-4	-9.31569E-7	-9.31529E-3
-1.36156E+0	-1.36064E+0	2.99425E+2	1.00004E-4	-7.73732E-7	-7.73698E-3
-1.34943E+0	-1.34829E+0	2.99426E+2	1.00004E-4	-9.04275E-7	-9.04236E-3
-1.33670E+0	-1.33596E+0	2.99424E+2	1.00004E-4	-9.10881E-7	-9.10841E-3
-1.32363E+0	-1.32368E+0	2.99424E+2	1.00004E-4	-8.98787E-7	-8.98746E-3
-1.31072E+0	-1.31136E+0	2.99423E+2	1.00005E-4	-9.74949E-7	-9.74905E-3
-1.29802E+0	-1.29889E+0	2.99422E+2	1.00004E-4	-1.00874E-6	-1.00869E-2
-1.28577E+0	-1.28650E+0	2.99423E+2	1.00004E-4	-9.18209E-7	-9.18171E-3
-1.27346E+0	-1.27415E+0	2.99422E+2	1.00004E-4	-8.86501E-7	-8.86463E-3
-1.26078E+0	-1.26178E+0	2.99420E+2	1.00004E-4	-1.02051E-6	-1.02047E-2
-1.24716E+0	-1.24944E+0	2.99419E+2	1.00004E-4	-1.12549E-6	-1.12544E-2
-1.23449E+0	-1.23709E+0	2.99419E+2	1.00004E-4	-1.16215E-6	-1.16210E-2
-1.22277E+0	-1.22478E+0	2.99418E+2	1.00004E-4	-1.12004E-6	-1.11999E-2
-1.20941E+0	-1.21252E+0	2.99417E+2	1.00004E-4	-9.32103E-7	-9.32064E-3
-1.19723E+0	-1.20014E+0	2.99416E+2	1.00004E-4	-8.65392E-7	-8.65355E-3
-1.18452E+0	-1.18769E+0	2.99415E+2	1.00004E-4	-9.75252E-7	-9.75208E-3
-1.17186E+0	-1.17534E+0	2.99413E+2	1.00005E-4	-1.11411E-6	-1.11406E-2
-1.15917E+0	-1.16283E+0	2.99412E+2	1.00004E-4	-1.06614E-6	-1.06610E-2
-1.14623E+0	-1.15041E+0	2.99410E+2	1.00004E-4	-1.00263E-6	-1.00258E-2
-1.13408E+0	-1.13809E+0	2.99410E+2	1.00004E-4	-1.05216E-6	-1.05211E-2
-1.12123E+0	-1.12576E+0	2.99408E+2	1.00004E-4	-9.08795E-7	-9.08755E-3
-1.10863E+0	-1.11351E+0	2.99405E+2	1.00004E-4	-9.73511E-7	-9.73469E-3
-1.09497E+0	-1.10115E+0	2.99404E+2	1.00004E-4	-1.16558E-6	-1.16553E-2
-1.08288E+0	-1.08880E+0	2.99406E+2	1.00004E-4	-1.14113E-6	-1.14108E-2
-1.07146E+0	-1.07629E+0	2.99405E+2	1.00004E-4	-1.11445E-6	-1.11440E-2
-1.05821E+0	-1.06378E+0	2.99405E+2	1.00004E-4	-9.90243E-7	-9.90199E-3
-1.04521E+0	-1.05119E+0	2.99404E+2	1.00004E-4	-9.72198E-7	-9.72156E-3
-1.03234E+0	-1.03856E+0	2.99403E+2	1.00004E-4	-1.01554E-6	-1.01550E-2
-1.01948E+0	-1.02610E+0	2.99404E+2	1.00004E-4	-1.09371E-6	-1.09366E-2
-1.00661E+0	-1.01356E+0	2.99402E+2	1.00004E-4	-9.77527E-7	-9.77484E-3
-9.94235E-1	-1.00099E+0	2.99399E+2	1.00004E-4	-9.08820E-7	-9.08780E-3
-9.82235E-1	-9.88170E-1	2.99399E+2	1.00004E-4	-1.01904E-6	-1.01900E-2
-9.69542E-1	-9.75099E-1	2.99399E+2	1.00004E-4	-1.00593E-6	-1.00588E-2
-9.56820E-1	-9.62221E-1	2.99398E+2	1.00004E-4	-1.00911E-6	-1.00906E-2
-9.43999E-1	-9.49490E-1	2.99398E+2	1.00004E-4	-9.61858E-7	-9.61817E-3
-9.31444E-1	-9.36640E-1	2.99398E+2	1.00004E-4	-9.38160E-7	-9.38120E-3
-9.19404E-1	-9.23817E-1	2.99397E+2	1.00004E-4	-1.00431E-6	-1.00427E-2
-9.06096E-1	-9.11186E-1	2.99396E+2	1.00004E-4	-1.08433E-6	-1.08429E-2
-8.93637E-1	-8.98531E-1	2.99395E+2	1.00004E-4	-1.02663E-6	-1.02659E-2
-8.81089E-1	-8.85951E-1	2.99396E+2	1.00004E-4	-1.02717E-6	-1.02712E-2
-8.68009E-1	-8.73359E-1	2.99395E+2	1.00004E-4	-1.02335E-6	-1.02330E-2
-8.55206E-1	-8.60783E-1	2.99396E+2	1.00004E-4	-9.90294E-7	-9.90251E-3
-8.42457E-1	-8.48308E-1	2.99394E+2	1.00004E-4	-1.07553E-6	-1.07548E-2
-8.30313E-1	-8.35823E-1	2.99393E+2	1.00004E-4	-1.15709E-6	-1.15704E-2
-8.17565E-1	-8.23494E-1	2.99393E+2	1.00004E-4	-1.14973E-6	-1.14968E-2
-8.04783E-1	-8.11103E-1	2.99394E+2	1.00004E-4	-1.20148E-6	-1.20143E-2
-7.91969E-1	-7.98665E-1	2.99393E+2	1.00004E-4	-1.26599E-6	-1.26594E-2
-7.79540E-1	-7.86423E-1	2.99393E+2	1.00004E-4	-1.19563E-6	-1.19558E-2
-7.66967E-1	-7.74072E-1	2.99392E+2	1.00004E-4	-1.15357E-6	-1.15352E-2
-7.53836E-1	-7.61783E-1	2.99393E+2	1.00004E-4	-1.21347E-6	-1.21342E-2
-7.41171E-1	-7.49478E-1	2.99391E+2	1.00004E-4	-1.15289E-6	-1.15284E-2
-7.28850E-1	-7.37127E-1	2.99391E+2	1.00004E-4	-1.11619E-6	-1.11615E-2
-7.16469E-1	-7.24966E-1	2.99391E+2	1.00004E-4	-1.24435E-6	-1.24429E-2
-7.03000E-1	-7.12705E-1	2.99391E+2	1.00004E-4	-1.15425E-6	-1.15420E-2
-6.90119E-1	-7.00420E-1	2.99392E+2	1.00004E-4	-1.03093E-6	-1.03089E-2
-6.78150E-1	-6.88185E-1	2.99391E+2	1.00004E-4	-1.09523E-6	-1.09518E-2
-6.65555E-1	-6.76057E-1	2.99389E+2	1.00004E-4	-1.13209E-6	-1.13204E-2
-6.53009E-1	-6.63879E-1	2.99390E+2	1.00004E-4	-1.19521E-6	-1.19516E-2
-6.40095E-1	-6.51676E-1	2.99389E+2	1.00004E-4	-1.17444E-6	-1.17439E-2
-6.27031E-1	-6.39433E-1	2.99390E+2	1.00004E-4	-1.14190E-6	-1.14185E-2
-6.14486E-1	-6.27156E-1	2.99390E+2	1.00004E-4	-1.09879E-6	-1.09874E-2
-6.01920E-1	-6.15070E-1	2.99389E+2	1.00004E-4	-1.09431E-6	-1.09426E-2
-5.89566E-1	-6.02921E-1	2.99391E+2	1.00004E-4	-1.14752E-6	-1.14747E-2
-5.77350E-1	-5.90679E-1	2.99390E+2	1.00004E-4	-1.11971E-6	-1.11966E-2
-5.64727E-1	-5.78403E-1	2.99389E+2	1.00004E-4	-1.19129E-6	-1.19124E-2
-5.51251E-1	-5.66184E-1	2.99387E+2	1.00004E-4	-1.19256E-6	-1.19251E-2
-5.38474E-1	-5.53977E-1	2.99388E+2	1.00004E-4	-1.14912E-6	-1.14907E-2
-5.26225E-1	-5.41674E-1	2.99389E+2	1.00004E-4	-1.16580E-6	-1.16575E-2
-5.13646E-1	-5.29478E-1	2.99389E+2	1.00004E-4	-1.18153E-6	-1.18148E-2
-5.01103E-1	-5.17365E-1	2.99389E+2	1.00004E-4	-1.14091E-6	-1.14086E-2
-4.87991E-1	-5.05065E-1	2.99388E+2	1.00004E-4	-1.19155E-6	-1.19150E-2
-4.75238E-1	-4.92822E-1	2.99387E+2	1.00004E-4	-1.25825E-6	-1.25820E-2
-4.63283E-1	-4.80696E-1	2.99388E+2	1.00004E-4	-1.24279E-6	-1.24274E-2
-4.50624E-1	-4.68360E-1	2.99387E+2	1.00004E-4	-1.22250E-6	-1.22244E-2
-4.38002E-1	-4.56086E-1	2.99388E+2	1.00005E-4	-1.18784E-6	-1.18779E-2
-4.24806E-1	-4.43900E-1	2.99387E+2	1.00004E-4	-1.20196E-6	-1.20190E-2
-4.12514E-1	-4.31534E-1	2.99387E+2	1.00004E-4	-1.21568E-6	-1.21562E-2
-3.99819E-1	-4.19123E-1	2.99387E+2	1.00004E-4	-1.22726E-6	-1.22720E-2
-3.86997E-1	-4.06771E-1	2.99387E+2	1.00004E-4	-1.24579E-6	-1.24573E-2
-3.74524E-1	-3.94451E-1	2.99386E+2	1.00004E-4	-1.23073E-6	-1.23068E-2
-3.61922E-1	-3.82085E-1	2.99386E+2	1.00004E-4	-1.12554E-6	-1.12549E-2
-3.48939E-1	-3.69416E-1	2.99387E+2	1.00004E-4	-1.15473E-6	-1.15468E-2
-3.36204E-1	-3.56750E-1	2.99387E+2	1.00004E-4	-1.24913E-6	-1.24907E-2
-3.23710E-1	-3.44404E-1	2.99387E+2	1.00004E-4	-1.18543E-6	-1.18537E-2
-3.11009E-1	-3.32023E-1	2.99386E+2	1.00004E-4	-1.20226E-6	-1.20220E-2
-2.98321E-1	-3.19599E-1	2.99387E+2	1.00004E-4	-1.23977E-6	-1.23971E-2
-2.85622E-1	-3.07232E-1	2.99386E+2	1.00004E-4	-1.20582E-6	-1.20577E-2
-2.72947E-1	-2.94708E-1	2.99386E+2	1.00004E-4	-1.19082E-6	-1.19077E-2
-2.60354E-1	-2.82225E-1	2.99386E+2	1.00004E-4	-1.19184E-6	-1.19179E-2
-2.47510E-1	-2.69676E-1	2.99386E+2	1.00004E-4	-1.24589E-6	-1.24583E-2
-2.34789E-1	-2.57044E-1	2.99386E+2	1.00004E-4	-1.26586E-6	-1.26581E-2
-2.22260E-1	-2.44500E-1	2.99386E+2	1.00004E-4	-1.23377E-6	-1.23371E-2
-2.09708E-1	-2.31984E-1	2.99387E+2	1.00004E-4	-1.22343E-6	-1.22337E-2
-1.96683E-1	-2.19357E-1	2.99386E+2	1.00004E-4	-1.19396E-6	-1.19391E-2
-1.84075E-1	-2.06784E-1	2.99387E+2	1.00004E-4	-1.20020E-6	-1.20015E-2
-1.71783E-1	-1.94218E-1	2.99385E+2	1.00004E-4	-1.24830E-6	-1.24825E-2
-1.58979E-1	-1.81631E-1	2.99384E+2	1.00004E-4	-1.26633E-6	-1.26627E-2
-1.46066E-1	-1.69065E-1	2.99387E+2	1.00004E-4	-1.25962E-6	-1.25957E-2
-1.33210E-1	-1.56444E-1	2.99387E+2	1.00004E-4	-1.25767E-6	-1.25761E-2
-1.20084E-1	-1.43797E-1	2.99385E+2	1.00004E-4	-1.22683E-6	-1.22677E-2
-1.07847E-1	-1.31051E-1	2.99385E+2	1.00004E-4	-1.22411E-6	-1.22405E-2
-9.54467E-2	-1.18402E-1	2.99385E+2	1.00004E-4	-1.24266E-6	-1.24261E-2
-8.29491E-2	-1.05798E-1	2.99386E+2	1.00004E-4	-1.24933E-6	-1.24928E-2
-7.03473E-2	-9.31065E-2	2.99386E+2	1.00004E-4	-1.25760E-6	-1.25754E-2
-5.77557E-2	-8.04035E-2	2.99386E+2	1.00004E-4	-1.27178E-6	-1.27173E-2
-4.50266E-2	-6.77732E-2	2.99386E+2	1.00004E-4	-1.27382E-6	-1.27377E-2
-3.25433E-2	-5.52014E-2	2.99387E+2	1.00004E-4	-1.25960E-6	-1.25954E-2
-2.00433E-2	-4.25926E-2	2.99386E+2	1.00004E-4	-1.25521E-6	-1.25516E-2
-7.38786E-3	-3.02205E-2	2.99385E+2	1.00004E-4	-1.24231E-6	-1.24225E-2
-1.83966E-3	-1.90423E-2	2.99385E+2	1.00004E-4	-1.25185E-6	-1.25180E-2
-4.22473E-4	-1.05095E-2	2.99386E+2	1.00004E-4	-1.27547E-6	-1.27541E-2
-5.50099E-4	-4.98030E-3	2.99387E+2	1.00004E-4	-1.29775E-6	-1.29769E-2
-6.59315E-4	-1.90378E-3	2.99386E+2	1.00004E-4	-1.28934E-6	-1.28929E-2
-1.08159E-3	-5.01981E-4	2.99386E+2	1.00004E-4	-1.26137E-6	-1.26132E-2
-9.50000E-4	2.47424E-4	2.99385E+2	1.00004E-4	-1.24386E-6	-1.24380E-2
8.44831E-3	1.13194E-3	2.99384E+2	1.00004E-4	-1.24250E-6	-1.24245E-2
1.89385E-2	3.46605E-3	2.99385E+2	1.00004E-4	-1.26755E-6	-1.26750E-2
3.12040E-2	9.85833E-3	2.99385E+2	1.00004E-4	-1.27946E-6	-1.27940E-2
4.39995E-2	2.03638E-2	2.99385E+2	1.00004E-4	-1.24708E-6	-1.24703E-2
5.63895E-2	3.22705E-2	2.99384E+2	1.00004E-4	-1.26949E-6	-1.26944E-2
6.90694E-2	4.41071E-2	2.99385E+2	1.00004E-4	-1.28890E-6	-1.28884E-2
8.17913E-2	5.61651E-2	2.99384E+2	1.00004E-4	-1.28997E-6	-1.28991E-2
9.44052E-2	6.86469E-2	2.99384E+2	1.00004E-4	-1.27752E-6	-1.27747E-2
1.06861E-1	8.12314E-2	2.99385E+2	1.00004E-4	-1.26864E-6	-1.26859E-2
1.19515E-1	9.39631E-2	2.99386E+2	1.00004E-4	-1.29079E-6	-1.29074E-2
1.32747E-1	1.06691E-1	2.99386E+2	1.00004E-4	-1.28909E-6	-1.28904E-2
1.45441E-1	1.19240E-1	2.99387E+2	1.00004E-4	-1.31289E-6	-1.31284E-2
1.57634E-1	1.31289E-1	2.99387E+2	1.00004E-4	-1.32060E-6	-1.32054E-2
1.70015E-1	1.43254E-1	2.99386E+2	1.00004E-4	-1.29990E-6	-1.29985E-2
1.82853E-1	1.55465E-1	2.99388E+2	1.00004E-4	-1.28453E-6	-1.28447E-2
1.95751E-1	1.67452E-1	2.99390E+2	1.00005E-4	-1.30345E-6	-1.30339E-2
2.08422E-1	1.79254E-1	2.99389E+2	1.00004E-4	-1.32491E-6	-1.32485E-2
2.21431E-1	1.91055E-1	2.99390E+2	1.00004E-4	-1.30972E-6	-1.30966E-2
2.34298E-1	2.02721E-1	2.99391E+2	1.00004E-4	-1.28987E-6	-1.28982E-2
2.46751E-1	2.14422E-1	2.99391E+2	1.00004E-4	-1.31679E-6	-1.31673E-2
2.59216E-1	2.26399E-1	2.99391E+2	1.00004E-4	-1.29211E-6	-1.29205E-2
2.71639E-1	2.38537E-1	2.99391E+2	1.00004E-4	-1.28975E-6	-1.28970E-2
2.84504E-1	2.50925E-1	2.99392E+2	1.00004E-4	-1.36601E-6	-1.36595E-2
2.97152E-1	2.63345E-1	2.99394E+2	1.00004E-4	-1.40563E-6	-1.40557E-2
3.09778E-1	2.75736E-1	2.99393E+2	1.00004E-4	-1.37618E-6	-1.37612E-2
3.22505E-1	2.88116E-1	2.99393E+2	1.00004E-4	-1.36214E-6	-1.36208E-2
3.35264E-1	3.00555E-1	2.99392E+2	1.00004E-4	-1.37221E-6	-1.37215E-2
3.47228E-1	3.13017E-1	2.99393E+2	1.00005E-4	-1.34657E-6	-1.34651E-2
3.60341E-1	3.25403E-1	2.99393E+2	1.00005E-4	-1.34667E-6	-1.34661E-2
3.73153E-1	3.36192E-1	2.99390E+2	1.00004E-4	-1.34992E-6	-1.34986E-2
3.85514E-1	3.47847E-1	2.99391E+2	1.00004E-4	-1.34599E-6	-1.34593E-2
3.98353E-1	3.61266E-1	2.99391E+2	1.00004E-4	-1.33629E-6	-1.33623E-2
4.10772E-1	3.74223E-1	2.99390E+2	1.00004E-4	-1.37901E-6	-1.37895E-2
4.23624E-1	3.86736E-1	2.99390E+2	1.00004E-4	-1.41414E-6	-1.41408E-2
4.36174E-1	3.99030E-1	2.99388E+2	1.00004E-4	-1.41948E-6	-1.41941E-2
4.49017E-1	4.11104E-1	2.99387E+2	1.00004E-4	-1.40071E-6	-1.40065E-2
4.61890E-1	4.23536E-1	2.99388E+2	1.00004E-4	-1.36987E-6	-1.36981E-2
4.73795E-1	4.35877E-1	2.99387E+2	1.00004E-4	-1.36280E-6	-1.36274E-2
4.86632E-1	4.47717E-1	2.99386E+2	1.00004E-4	-1.32779E-6	-1.32773E-2
4.99467E-1	4.59740E-1	2.99385E+2	1.00005E-4	-1.33317E-6	-1.33311E-2
5.12202E-1	4.71780E-1	2.99383E+2	1.00004E-4	-1.38452E-6	-1.38446E-2
5.25386E-1	4.83806E-1	2.99381E+2	1.00005E-4	-1.39412E-6	-1.39406E-2
5.37893E-1	4.95847E-1	2.99380E+2	1.00004E-4	-1.39566E-6	-1.39560E-2
5.50386E-1	5.07825E-1	2.99378E+2	1.00004E-4	-1.45847E-6	-1.45840E-2
5.62936E-1	5.19818E-1	2.99378E+2	1.00004E-4	-1.44009E-6	-1.44003E-2
5.75786E-1	5.31765E-1	2.99378E+2	1.00004E-4	-1.33618E-6	-1.33612E-2
5.88714E-1	5.43863E-1	2.99377E+2	1.00004E-4	-1.28689E-6	-1.28683E-2
6.00786E-1	5.56053E-1	2.99375E+2	1.00004E-4	-1.33990E-6	-1.33984E-2
6.13552E-1	5.68104E-1	2.99373E+2	1.00004E-4	-1.41914E-6	-1.41908E-2
6.26183E-1	5.80187E-1	2.99373E+2	1.00004E-4	-1.37668E-6	-1.37662E-2
6.39195E-1	5.92318E-1	2.99371E+2	1.00004E-4	-1.31855E-6	-1.31849E-2
6.52032E-1	6.04312E-1	2.99371E+2	1.00004E-4	-1.33509E-6	-1.33504E-2
6.64600E-1	6.16417E-1	2.99371E+2	1.00004E-4	-1.36676E-6	-1.36670E-2
6.77133E-1	6.28618E-1	2.99369E+2	1.00004E-4	-1.41049E-6	-1.41043E-2
6.89226E-1	6.40682E-1	2.99367E+2	1.00004E-4	-1.41682E-6	-1.41676E-2
7.01994E-1	6.52773E-1	2.99366E+2	1.00004E-4	-1.42787E-6	-1.42781E-2
7.15247E-1	6.64820E-1	2.99366E+2	1.00004E-4	-1.41921E-6	-1.41915E-2
7.28016E-1	6.76999E-1	2.99367E+2	1.00004E-4	-1.40671E-6	-1.40665E-2
7.40426E-1	6.89263E-1	2.99367E+2	1.00004E-4	-1.46092E-6	-1.46085E-2
7.51990E-1	7.01385E-1	2.99366E+2	1.00004E-4	-1.49892E-6	-1.49886E-2
7.64803E-1	7.13528E-1	2.99364E+2	1.00004E-4	-1.57086E-6	-1.57079E-2
7.78105E-1	7.25807E-1	2.99363E+2	1.00004E-4	-1.59053E-6	-1.59046E-2
7.91044E-1	7.38051E-1	2.99363E+2	1.00004E-4	-1.43134E-6	-1.43128E-2
8.04005E-1	7.50286E-1	2.99363E+2	1.00004E-4	-1.36588E-6	-1.36582E-2
8.16370E-1	7.62507E-1	2.99362E+2	1.00004E-4	-1.43330E-6	-1.43323E-2
8.29062E-1	7.74810E-1	2.99361E+2	1.00004E-4	-1.40929E-6	-1.40923E-2
8.41686E-1	7.87156E-1	2.99361E+2	1.00004E-4	-1.35192E-6	-1.35186E-2
8.54176E-1	7.99475E-1	2.99362E+2	1.00004E-4	-1.39441E-6	-1.39435E-2
8.67134E-1	8.11839E-1	2.99362E+2	1.00005E-4	-1.39638E-6	-1.39631E-2
8.80079E-1	8.24240E-1	2.99362E+2	1.00005E-4	-1.41923E-6	-1.41917E-2
8.92432E-1	8.36578E-1	2.99361E+2	1.00005E-4	-1.42475E-6	-1.42469E-2
9.04426E-1	8.48955E-1	2.99361E+2	1.00005E-4	-1.45983E-6	-1.45976E-2
9.17501E-1	8.61515E-1	2.99362E+2	1.00004E-4	-1.46579E-6	-1.46572E-2
9.30080E-1	8.74088E-1	2.99363E+2	1.00004E-4	-1.47307E-6	-1.47301E-2
9.43287E-1	8.86610E-1	2.99360E+2	1.00004E-4	-1.51528E-6	-1.51522E-2
9.55898E-1	8.99165E-1	2.99360E+2	1.00004E-4	-1.48283E-6	-1.48276E-2
9.67881E-1	9.11694E-1	2.99361E+2	1.00004E-4	-1.43866E-6	-1.43860E-2
9.80500E-1	9.24339E-1	2.99362E+2	1.00004E-4	-1.47604E-6	-1.47597E-2
9.93417E-1	9.37142E-1	2.99362E+2	1.00004E-4	-1.56132E-6	-1.56125E-2
1.00627E+0	9.49774E-1	2.99361E+2	1.00004E-4	-1.44717E-6	-1.44710E-2
1.01880E+0	9.62483E-1	2.99361E+2	1.00005E-4	-1.34933E-6	-1.34927E-2
1.03149E+0	9.75286E-1	2.99361E+2	1.00004E-4	-1.41694E-6	-1.41687E-2
1.04455E+0	9.88041E-1	2.99361E+2	1.00004E-4	-1.44048E-6	-1.44042E-2
1.05658E+0	1.00085E+0	2.99360E+2	1.00005E-4	-1.47385E-6	-1.47379E-2
1.06954E+0	1.01358E+0	2.99360E+2	1.00005E-4	-1.49699E-6	-1.49692E-2
1.08275E+0	1.02606E+0	2.99360E+2	1.00004E-4	-1.39432E-6	-1.39426E-2
1.09532E+0	1.03839E+0	2.99361E+2	1.00004E-4	-1.36117E-6	-1.36111E-2
1.10769E+0	1.05075E+0	2.99361E+2	1.00004E-4	-1.38037E-6	-1.38031E-2
1.11978E+0	1.06297E+0	2.99362E+2	1.00004E-4	-1.39267E-6	-1.39261E-2
1.13259E+0	1.07519E+0	2.99362E+2	1.00004E-4	-1.49346E-6	-1.49340E-2
1.14549E+0	1.08750E+0	2.99360E+2	1.00004E-4	-1.59587E-6	-1.59580E-2
1.15827E+0	1.09968E+0	2.99360E+2	1.00004E-4	-1.47763E-6	-1.47756E-2
1.17083E+0	1.11184E+0	2.99363E+2	1.00004E-4	-1.41806E-6	-1.41800E-2
1.18229E+0	1.12423E+0	2.99363E+2	1.00004E-4	-1.53476E-6	-1.53469E-2
1.19562E+0	1.13655E+0	2.99362E+2	1.00004E-4	-1.49575E-6	-1.49569E-2
1.20847E+0	1.14882E+0	2.99362E+2	1.00004E-4	-1.47079E-6	-1.47073E-2
1.22164E+0	1.16104E+0	2.99361E+2	1.00004E-4	-1.57360E-6	-1.57353E-2
1.23435E+0	1.17319E+0	2.99361E+2	1.00004E-4	-1.54314E-6	-1.54307E-2
1.24730E+0	1.18545E+0	2.99361E+2	1.00004E-4	-1.43283E-6	-1.43276E-2
1.25991E+0	1.19778E+0	2.99361E+2	1.00004E-4	-1.47312E-6	-1.47305E-2
1.27157E+0	1.21012E+0	2.99364E+2	1.00004E-4	-1.59490E-6	-1.59482E-2
1.28458E+0	1.22248E+0	2.99365E+2	1.00004E-4	-1.53441E-6	-1.53434E-2
1.29784E+0	1.23473E+0	2.99363E+2	1.00004E-4	-1.53769E-6	-1.53763E-2
1.31010E+0	1.24702E+0	2.99362E+2	1.00004E-4	-1.61216E-6	-1.61209E-2
1.32270E+0	1.25938E+0	2.99363E+2	1.00004E-4	-1.62252E-6	-1.62245E-2
1.33552E+0	1.27168E+0	2.99363E+2	1.00004E-4	-1.49389E-6	-1.49383E-2
1.34807E+0	1.28401E+0	2.99363E+2	1.00004E-4	-1.36110E-6	-1.36105E-2
1.36038E+0	1.29619E+0	2.99362E+2	1.00004E-4	-1.60297E-6	-1.60290E-2
1.37343E+0	1.30849E+0	2.99363E+2	1.00004E-4	-1.70621E-6	-1.70614E-2
1.38658E+0	1.32095E+0	2.99364E+2	1.00004E-4	-1.54812E-6	-1.54805E-2
1.39939E+0	1.33337E+0	2.99362E+2	1.00004E-4	-1.44320E-6	-1.44314E-2
1.41184E+0	1.34567E+0	2.99362E+2	1.00004E-4	-1.60426E-6	-1.60419E-2
1.42343E+0	1.35793E+0	2.99364E+2	1.00004E-4	-1.55557E-6	-1.55550E-2
1.43655E+0	1.37038E+0	2.99364E+2	1.00004E-4	-1.35448E-6	-1.35442E-2
1.44940E+0	1.38269E+0	2.99364E+2	1.00004E-4	-1.46039E-6	-1.46033E-2
1.46241E+0	1.39504E+0	2.99364E+2	1.00004E-4	-1.57923E-6	-1.57916E-2
1.47513E+0	1.40749E+0	2.99365E+2	1.00004E-4	-1.50683E-6	-1.50676E-2
1.48711E+0	1.41973E+0	2.99364E+2	1.00004E-4	-1.43441E-6	-1.43434E-2
1.50021E+0	1.43192E+0	2.99364E+2	1.00004E-4	-1.54241E-6	-1.54234E-2
1.51237E+0	1.44418E+0	2.99364E+2	1.00004E-4	-1.62888E-6	-1.62881E-2
1.52496E+0	1.45657E+0	2.99363E+2	1.00004E-4	-1.47249E-6	-1.47243E-2
1.53825E+0	1.46903E+0	2.99364E+2	1.00004E-4	-1.43118E-6	-1.43111E-2
1.55007E+0	1.48131E+0	2.99364E+2	1.00004E-4	-1.53609E-6	-1.53603E-2
1.56353E+0	1.49369E+0	2.99363E+2	1.00004E-4	-1.54471E-6	-1.54465E-2
1.57581E+0	1.50611E+0	2.99361E+2	1.00004E-4	-1.47566E-6	-1.47560E-2
1.58831E+0	1.51835E+0	2.99362E+2	1.00004E-4	-1.51608E-6	-1.51601E-2
1.60131E+0	1.53074E+0	2.99364E+2	1.00004E-4	-1.65782E-6	-1.65774E-2
1.61458E+0	1.54316E+0	2.99363E+2	1.00004E-4	-1.63202E-6	-1.63195E-2
1.62683E+0	1.55541E+0	2.99363E+2	1.00004E-4	-1.57352E-6	-1.57345E-2
1.63846E+0	1.56767E+0	2.99364E+2	1.00004E-4	-1.68361E-6	-1.68353E-2
1.65161E+0	1.58007E+0	2.99363E+2	1.00004E-4	-1.82980E-6	-1.82972E-2
1.66516E+0	1.59258E+0	2.99363E+2	1.00004E-4	-1.72825E-6	-1.72817E-2
1.67753E+0	1.60497E+0	2.99363E+2	1.00004E-4	-1.64290E-6	-1.64282E-2
1.69033E+0	1.61734E+0	2.99363E+2	1.00004E-4	-1.44452E-6	-1.44446E-2
1.70313E+0	1.62968E+0	2.99362E+2	1.00004E-4	-1.56302E-6	-1.56295E-2
1.71588E+0	1.64196E+0	2.99361E+2	1.00004E-4	-1.87062E-6	-1.87054E-2
1.72787E+0	1.65434E+0	2.99361E+2	1.00004E-4	-1.94842E-6	-1.94833E-2
1.74052E+0	1.66675E+0	2.99362E+2	1.00004E-4	-1.92003E-6	-1.91995E-2
1.75311E+0	1.67911E+0	2.99361E+2	1.00004E-4	-1.92027E-6	-1.92018E-2
1.76576E+0	1.69151E+0	2.99361E+2	1.00004E-4	-1.85475E-6	-1.85467E-2
1.77872E+0	1.70397E+0	2.99360E+2	1.00004E-4	-1.53955E-6	-1.53949E-2
1.79083E+0	1.71647E+0	2.99360E+2	1.00004E-4	-1.61101E-6	-1.61094E-2
1.80387E+0	1.72885E+0	2.99360E+2	1.00004E-4	-1.80468E-6	-1.80460E-2
1.81638E+0	1.74125E+0	2.99360E+2	1.00004E-4	-1.59219E-6	-1.59212E-2
1.82958E+0	1.75360E+0	2.99359E+2	1.00004E-4	-1.53917E-6	-1.53911E-2
1.84200E+0	1.76591E+0	2.99358E+2	1.00004E-4	-1.66946E-6	-1.66938E-2
1.85363E+0	1.77830E+0	2.99360E+2	1.00004E-4	-1.83385E-6	-1.83377E-2
1.86675E+0	1.79078E+0	2.99358E+2	1.00004E-4	-1.72132E-6	-1.72124E-2
1.87918E+0	1.80321E+0	2.99358E+2	1.00004E-4	-1.53258E-6	-1.53251E-2
1.89329E+0	1.81555E+0	2.99359E+2	1.00004E-4	-1.60946E-6	-1.60939E-2
1.90572E+0	1.82805E+0	2.99357E+2	1.00005E-4	-1.64743E-6	-1.64736E-2
1.91816E+0	1.84045E+0	2.99356E+2	1.00004E-4	-1.73795E-6	-1.73787E-2
1.93046E+0	1.85290E+0	2.99355E+2	1.00004E-4	-1.68303E-6	-1.68296E-2
1.94264E+0	1.86538E+0	2.99355E+2	1.00004E-4	-1.43823E-6	-1.43817E-2
1.95565E+0	1.87776E+0	2.99356E+2	1.00004E-4	-1.69769E-6	-1.69761E-2
1.96843E+0	1.89029E+0	2.99355E+2	1.00004E-4	-1.90427E-6	-1.90418E-2
1.98170E+0	1.90282E+0	2.99354E+2	1.00005E-4	-1.95877E-6	-1.95869E-2
1.99482E+0	1.91527E+0	2.99353E+2	1.00004E-4	-1.93944E-6	-1.93936E-2
2.00147E+0	1.92664E+0	2.99352E+2	1.00004E-4	-1.70625E-6	-1.70617E-2
2.00170E+0	1.93515E+0	2.99352E+2	1.00005E-4	-1.59636E-6	-1.59629E-2
2.00152E+0	1.94078E+0	2.99351E+2	1.00004E-4	-1.69149E-6	-1.69141E-2
2.00122E+0	1.94424E+0	2.99351E+2	1.00004E-4	-1.81452E-6	-1.81445E-2
2.00105E+0	1.94597E+0	2.99352E+2	1.00004E-4	-1.84152E-6	-1.84144E-2
2.00141E+0	1.94680E+0	2.99350E+2	1.00004E-4	-1.73734E-6	-1.73727E-2
1.99494E+0	1.94719E+0	2.99348E+2	1.00004E-4	-1.48722E-6	-1.48716E-2
1.98281E+0	1.94703E+0	2.99347E+2	1.00004E-4	-1.53893E-6	-1.53887E-2
1.97013E+0	1.94603E+0	2.99348E+2	1.00004E-4	-1.70995E-6	-1.70987E-2
1.95831E+0	1.94252E+0	2.99348E+2	1.00004E-4	-1.71117E-6	-1.71110E-2
1.94557E+0	1.93366E+0	2.99347E+2	1.00004E-4	-1.55117E-6	-1.55110E-2
1.93305E+0	1.92100E+0	2.99345E+2	1.00005E-4	-1.46586E-6	-1.46579E-2
1.91982E+0	1.90774E+0	2.99345E+2	1.00004E-4	-1.60472E-6	-1.60465E-2
1.90699E+0	1.89460E+0	2.99345E+2	1.00004E-4	-1.75155E-6	-1.75148E-2
1.89411E+0	1.88177E+0	2.99343E+2	1.00004E-4	-1.61541E-6	-1.61535E-2
1.88149E+0	1.86934E+0	2.99342E+2	1.00004E-4	-1.73058E-6	-1.73050E-2
1.86946E+0	1.85698E+0	2.99342E+2	1.00004E-4	-1.89127E-6	-1.89118E-2
1.85640E+0	1.84457E+0	2.99342E+2	1.00004E-4	-1.87228E-6	-1.87220E-2
1.84373E+0	1.83226E+0	2.99342E+2	1.00004E-4	-1.87304E-6	-1.87295E-2
1.83074E+0	1.81994E+0	2.99342E+2	1.00004E-4	-1.73917E-6	-1.73909E-2
1.81818E+0	1.80752E+0	2.99341E+2	1.00004E-4	-1.68929E-6	-1.68921E-2
1.80629E+0	1.79513E+0	2.99342E+2	1.00004E-4	-1.74473E-6	-1.74465E-2
1.79327E+0	1.78276E+0	2.99343E+2	1.00004E-4	-1.74714E-6	-1.74706E-2
1.78075E+0	1.77047E+0	2.99342E+2	1.00004E-4	-1.73188E-6	-1.73180E-2
1.76799E+0	1.75820E+0	2.99342E+2	1.00004E-4	-1.76705E-6	-1.76698E-2
1.75502E+0	1.74573E+0	2.99342E+2	1.00004E-4	-1.76191E-6	-1.76183E-2
1.74160E+0	1.73325E+0	2.99343E+2	1.00004E-4	-1.62980E-6	-1.62973E-2
1.72921E+0	1.72094E+0	2.99344E+2	1.00004E-4	-1.54034E-6	-1.54027E-2
1.71750E+0	1.70867E+0	2.99346E+2	1.00004E-4	-1.57818E-6	-1.57811E-2
1.70437E+0	1.69626E+0	2.99346E+2	1.00004E-4	-1.65668E-6	-1.65661E-2
1.69126E+0	1.68384E+0	2.99346E+2	1.00004E-4	-1.64639E-6	-1.64632E-2
1.67872E+0	1.67159E+0	2.99347E+2	1.00004E-4	-1.53076E-6	-1.53069E-2
1.66621E+0	1.65932E+0	2.99346E+2	1.00004E-4	-1.44463E-6	-1.44456E-2
1.65421E+0	1.64685E+0	2.99348E+2	1.00004E-4	-1.39195E-6	-1.39189E-2
1.64165E+0	1.63436E+0	2.99350E+2	1.00004E-4	-1.59810E-6	-1.59803E-2
1.62919E+0	1.62201E+0	2.99349E+2	1.00004E-4	-1.70276E-6	-1.70268E-2
1.61586E+0	1.60965E+0	2.99350E+2	1.00004E-4	-1.68733E-6	-1.68726E-2
1.60303E+0	1.59722E+0	2.99352E+2	1.00004E-4	-1.61638E-6	-1.61631E-2
1.59087E+0	1.58498E+0	2.99353E+2	1.00004E-4	-1.63490E-6	-1.63483E-2
1.57819E+0	1.57264E+0	2.99354E+2	1.00004E-4	-1.63096E-6	-1.63089E-2
1.56598E+0	1.56021E+0	2.99357E+2	1.00004E-4	-1.47042E-6	-1.47036E-2
1.55291E+0	1.54786E+0	2.99359E+2	1.00004E-4	-1.48114E-6	-1.48108E-2
1.54008E+0	1.53549E+0	2.99361E+2	1.00004E-4	-1.57055E-6	-1.57049E-2
1.52734E+0	1.52321E+0	2.99362E+2	1.00004E-4	-1.49747E-6	-1.49740E-2
1.51466E+0	1.51087E+0	2.99363E+2	1.00004E-4	-1.57585E-6	-1.57578E-2
1.50229E+0	1.49843E+0	2.99365E+2	1.00004E-4	-1.51752E-6	-1.51745E-2
1.48931E+0	1.48602E+0	2.99368E+2	1.00004E-4	-1.56402E-6	-1.56396E-2
1.47677E+0	1.47373E+0	2.99369E+2	1.00004E-4	-1.70599E-6	-1.70591E-2
1.46405E+0	1.46143E+0	2.99370E+2	1.00004E-4	-1.60635E-6	-1.60628E-2
1.45162E+0	1.44907E+0	2.99372E+2	1.00004E-4	-1.66201E-6	-1.66194E-2
1.43804E+0	1.43675E+0	2.99374E+2	1.00004E-4	-1.70462E-6	-1.70454E-2
1.42537E+0	1.42436E+0	2.99376E+2	1.00004E-4	-1.62482E-6	-1.62475E-2
1.41382E+0	1.41189E+0	2.99379E+2	1.00004E-4	-1.46638E-6	-1.46632E-2
1.40082E+0	1.39958E+0	2.99381E+2	1.00004E-4	-1.55125E-6	-1.55118E-2
1.38850E+0	1.38719E+0	2.99382E+2	1.00004E-4	-1.49408E-6	-1.49402E-2
1.37567E+0	1.37479E+0	2.99383E+2	1.00004E-4	-1.47781E-6	-1.47775E-2
1.36286E+0	1.36257E+0	2.99382E+2	1.00004E-4	-1.54972E-6	-1.54965E-2
1.35076E+0	1.35028E+0	2.99382E+2	1.00004E-4	-1.49097E-6	-1.49091E-2
1.33773E+0	1.33778E+0	2.99383E+2	1.00004E-4	-1.50073E-6	-1.50067E-2
1.32494E+0	1.32541E+0	2.99384E+2	1.00004E-4	-1.59717E-6	-1.59711E-2
1.31210E+0	1.31306E+0	2.99385E+2	1.00004E-4	-1.64308E-6	-1.64301E-2
1.29930E+0	1.30064E+0	2.99384E+2	1.00004E-4	-1.51673E-6	-1.51666E-2
1.28745E+0	1.28833E+0	2.99383E+2	1.00004E-4	-1.47025E-6	-1.47018E-2
1.27469E+0	1.27613E+0	2.99382E+2	1.00004E-4	-1.47538E-6	-1.47532E-2
1.26186E+0	1.26391E+0	2.99382E+2	1.00004E-4	-1.50162E-6	-1.50156E-2
1.24862E+0	1.25147E+0	2.99382E+2	1.00004E-4	-1.51752E-6	-1.51745E-2
1.23605E+0	1.23900E+0	2.99380E+2	1.00004E-4	-1.43986E-6	-1.43979E-2
1.22328E+0	1.22673E+0	2.99378E+2	1.00004E-4	-1.54242E-6	-1.54235E-2
1.21053E+0	1.21449E+0	2.99378E+2	1.00004E-4	-1.72123E-6	-1.72115E-2
1.19848E+0	1.20207E+0	2.99375E+2	1.00004E-4	-1.63589E-6	-1.63582E-2
1.18586E+0	1.18967E+0	2.99374E+2	1.00004E-4	-1.50330E-6	-1.50323E-2
1.17294E+0	1.17748E+0	2.99372E+2	1.00004E-4	-1.56787E-6	-1.56780E-2
1.15975E+0	1.16509E+0	2.99371E+2	1.00004E-4	-1.55846E-6	-1.55839E-2
1.14710E+0	1.15255E+0	2.99369E+2	1.00004E-4	-1.51362E-6	-1.51355E-2
1.13504E+0	1.14018E+0	2.99367E+2	1.00004E-4	-1.58259E-6	-1.58252E-2
1.12247E+0	1.12790E+0	2.99365E+2	1.00004E-4	-1.54857E-6	-1.54851E-2
1.11002E+0	1.11565E+0	2.99362E+2	1.00004E-4	-1.51643E-6	-1.51637E-2
1.09717E+0	1.10330E+0	2.99361E+2	1.00004E-4	-1.57891E-6	-1.57884E-2
1.08436E+0	1.09084E+0	2.99359E+2	1.00004E-4	-1.46422E-6	-1.46416E-2
1.07105E+0	1.07857E+0	2.99358E+2	1.00004E-4	-1.39779E-6	-1.39773E-2
1.05844E+0	1.06629E+0	2.99356E+2	1.00004E-4	-1.55140E-6	-1.55134E-2
1.04647E+0	1.05391E+0	2.99354E+2	1.00004E-4	-1.52743E-6	-1.52737E-2
1.03341E+0	1.04164E+0	2.99353E+2	1.00004E-4	-1.40743E-6	-1.40737E-2
1.02111E+0	1.02941E+0	2.99352E+2	1.00004E-4	-1.50551E-6	-1.50545E-2
1.00813E+0	1.01687E+0	2.99350E+2	1.00004E-4	-1.55255E-6	-1.55248E-2
9.95366E-1	1.00405E+0	2.99349E+2	1.00004E-4	-1.45825E-6	-1.45818E-2
9.83419E-1	9.91224E-1	2.99349E+2	1.00004E-4	-1.46122E-6	-1.46115E-2
9.70553E-1	9.78416E-1	2.99348E+2	1.00004E-4	-1.44967E-6	-1.44961E-2
9.57859E-1	9.65643E-1	2.99346E+2	1.00004E-4	-1.48062E-6	-1.48056E-2
9.44993E-1	9.52805E-1	2.99343E+2	1.00004E-4	-1.63028E-6	-1.63021E-2
9.32292E-1	9.39970E-1	2.99341E+2	1.00004E-4	-1.67299E-6	-1.67291E-2
9.19995E-1	9.27093E-1	2.99342E+2	1.00004E-4	-1.52184E-6	-1.52178E-2
9.07460E-1	9.14334E-1	2.99342E+2	1.00004E-4	-1.47617E-6	-1.47610E-2
8.94845E-1	9.01779E-1	2.99339E+2	1.00004E-4	-1.60603E-6	-1.60596E-2
8.81549E-1	8.89161E-1	2.99340E+2	1.00004E-4	-1.59872E-6	-1.59865E-2
8.68693E-1	8.76560E-1	2.99340E+2	1.00004E-4	-1.50956E-6	-1.50949E-2
8.55866E-1	8.63896E-1	2.99338E+2	1.00004E-4	-1.55537E-6	-1.55530E-2
8.43245E-1	8.51360E-1	2.99338E+2	1.00004E-4	-1.57483E-6	-1.57476E-2
8.31132E-1	8.38934E-1	2.99339E+2	1.00004E-4	-1.50466E-6	-1.50459E-2
8.18321E-1	8.26427E-1	2.99337E+2	1.00004E-4	-1.44375E-6	-1.44369E-2
8.05107E-1	8.14034E-1	2.99337E+2	1.00004E-4	-1.45745E-6	-1.45738E-2
7.92236E-1	8.01697E-1	2.99337E+2	1.00004E-4	-1.49088E-6	-1.49081E-2
7.80681E-1	7.89268E-1	2.99336E+2	1.00004E-4	-1.47819E-6	-1.47813E-2
7.68804E-1	7.76880E-1	2.99335E+2	1.00004E-4	-1.51288E-6	-1.51281E-2
7.55838E-1	7.64495E-1	2.99336E+2	1.00004E-4	-1.53832E-6	-1.53825E-2
7.42584E-1	7.52184E-1	2.99336E+2	1.00004E-4	-1.48874E-6	-1.48867E-2
7.29462E-1	7.39979E-1	2.99336E+2	1.00004E-4	-1.44295E-6	-1.44289E-2
7.16938E-1	7.27628E-1	2.99337E+2	1.00004E-4	-1.44970E-6	-1.44964E-2
7.04831E-1	7.15356E-1	2.99336E+2	1.00004E-4	-1.48190E-6	-1.48183E-2
6.92021E-1	7.03205E-1	2.99336E+2	1.00004E-4	-1.46782E-6	-1.46775E-2
6.79328E-1	6.90994E-1	2.99337E+2	1.00004E-4	-1.41777E-6	-1.41771E-2
6.66290E-1	6.78798E-1	2.99336E+2	1.00004E-4	-1.43589E-6	-1.43583E-2
6.53726E-1	6.66625E-1	2.99335E+2	1.00004E-4	-1.49211E-6	-1.49204E-2
6.40936E-1	6.54311E-1	2.99336E+2	1.00004E-4	-1.49195E-6	-1.49188E-2
6.27983E-1	6.42130E-1	2.99336E+2	1.00004E-4	-1.43311E-6	-1.43305E-2
6.16485E-1	6.29970E-1	2.99337E+2	1.00004E-4	-1.45195E-6	-1.45189E-2
6.03617E-1	6.17776E-1	2.99338E+2	1.00004E-4	-1.48137E-6	-1.48131E-2
5.90819E-1	6.05635E-1	2.99339E+2	1.00004E-4	-1.45704E-6	-1.45697E-2
5.77967E-1	5.93506E-1	2.99338E+2	1.00004E-4	-1.43551E-6	-1.43545E-2
5.64718E-1	5.81470E-1	2.99339E+2	1.00004E-4	-1.36046E-6	-1.36040E-2
5.52149E-1	5.69335E-1	2.99342E+2	1.00004E-4	-1.37954E-6	-1.37948E-2
5.40018E-1	5.57147E-1	2.99341E+2	1.00004E-4	-1.41045E-6	-1.41039E-2
5.27125E-1	5.45034E-1	2.99341E+2	1.00004E-4	-1.41633E-6	-1.41627E-2
5.14643E-1	5.32864E-1	2.99342E+2	1.00004E-4	-1.43503E-6	-1.43497E-2
5.02191E-1	5.20700E-1	2.99342E+2	1.00004E-4	-1.43455E-6	-1.43449E-2
4.89177E-1	5.08600E-1	2.99343E+2	1.00004E-4	-1.45129E-6	-1.45123E-2
4.76014E-1	4.96511E-1	2.99343E+2	1.00004E-4	-1.38673E-6	-1.38667E-2
4.64205E-1	4.84368E-1	2.99342E+2	1.00004E-4	-1.32229E-6	-1.32223E-2
4.51382E-1	4.72232E-1	2.99342E+2	1.00004E-4	-1.39700E-6	-1.39694E-2
4.38411E-1	4.60188E-1	2.99343E+2	1.00004E-4	-1.41682E-6	-1.41676E-2
4.26282E-1	4.48043E-1	2.99346E+2	1.00004E-4	-1.36381E-6	-1.36375E-2
4.13591E-1	4.35834E-1	2.99348E+2	1.00004E-4	-1.37361E-6	-1.37355E-2
4.00858E-1	4.23624E-1	2.99347E+2	1.00004E-4	-1.37478E-6	-1.37472E-2
3.87886E-1	4.11464E-1	2.99348E+2	1.00004E-4	-1.35103E-6	-1.35098E-2
3.74915E-1	3.99328E-1	2.99349E+2	1.00004E-4	-1.36302E-6	-1.36296E-2
3.62444E-1	3.87122E-1	2.99349E+2	1.00004E-4	-1.35940E-6	-1.35934E-2
3.49622E-1	3.74564E-1	2.99349E+2	1.00004E-4	-1.36106E-6	-1.36100E-2
3.37317E-1	3.61921E-1	2.99349E+2	1.00005E-4	-1.38840E-6	-1.38834E-2
3.24693E-1	3.49702E-1	2.99351E+2	1.00004E-4	-1.37102E-6	-1.37096E-2
3.11929E-1	3.37572E-1	2.99352E+2	1.00004E-4	-1.35540E-6	-1.35534E-2
2.99342E-1	3.25333E-1	2.99353E+2	1.00004E-4	-1.34621E-6	-1.34615E-2
2.86962E-1	3.13023E-1	2.99353E+2	1.00004E-4	-1.33580E-6	-1.33574E-2
2.74378E-1	3.00721E-1	2.99353E+2	1.00004E-4	-1.35335E-6	-1.35330E-2
2.61813E-1	2.88379E-1	2.99355E+2	1.00004E-4	-1.34085E-6	-1.34079E-2
2.49194E-1	2.75904E-1	2.99357E+2	1.00004E-4	-1.33650E-6	-1.33644E-2
2.36440E-1	2.63457E-1	2.99356E+2	1.00004E-4	-1.33061E-6	-1.33055E-2
2.23933E-1	2.51078E-1	2.99358E+2	1.00004E-4	-1.33178E-6	-1.33172E-2
2.10993E-1	2.38746E-1	2.99358E+2	1.00004E-4	-1.36507E-6	-1.36501E-2
1.98345E-1	2.26353E-1	2.99359E+2	1.00004E-4	-1.36473E-6	-1.36467E-2
1.85383E-1	2.13896E-1	2.99361E+2	1.00004E-4	-1.33873E-6	-1.33867E-2
1.72565E-1	2.01418E-1	2.99362E+2	1.00004E-4	-1.31412E-6	-1.31406E-2
1.60528E-1	1.88904E-1	2.99361E+2	1.00004E-4	-1.32718E-6	-1.32713E-2
1.47865E-1	1.76463E-1	2.99363E+2	1.00004E-4	-1.32515E-6	-1.32510E-2
1.34811E-1	1.63969E-1	2.99365E+2	1.00004E-4	-1.33521E-6	-1.33515E-2
1.21847E-1	1.51433E-1	2.99364E+2	1.00004E-4	-1.34090E-6	-1.34084E-2
1.09470E-1	1.38804E-1	2.99365E+2	1.00004E-4	-1.31452E-6	-1.31446E-2
9.73553E-2	1.26206E-1	2.99367E+2	1.00004E-4	-1.29962E-6	-1.29956E-2
8.44729E-2	1.13912E-1	2.99367E+2	1.00004E-4	-1.28269E-6	-1.28264E-2
7.16594E-2	1.01561E-1	2.99368E+2	1.00004E-4	-1.31005E-6	-1.30999E-2
5.85764E-2	8.89582E-2	2.99370E+2	1.00004E-4	-1.33720E-6	-1.33714E-2
4.59411E-2	7.63270E-2	2.99372E+2	1.00004E-4	-1.31845E-6	-1.31839E-2
3.36234E-2	6.37618E-2	2.99372E+2	1.00004E-4	-1.28920E-6	-1.28914E-2
2.10436E-2	5.12113E-2	2.99372E+2	1.00004E-4	-1.30178E-6	-1.30173E-2
8.49606E-3	3.88327E-2	2.99373E+2	1.00004E-4	-1.30945E-6	-1.30939E-2
1.69151E-3	2.74825E-2	2.99374E+2	1.00004E-4	-1.30582E-6	-1.30576E-2
9.50000E-4	1.85716E-2	2.99375E+2	1.00004E-4	-1.32071E-6	-1.32065E-2
9.50000E-4	1.28933E-2	2.99377E+2	1.00004E-4	-1.28715E-6	-1.28709E-2
