B_digital_(T)	B_analog_(T)	T_sample_(K)	I_s	V_nv	R_nv
9.50000E-4	-2.61851E-3	2.98634E+2	9.99987E-5	-7.44173E-5	-7.44183E-1
9.50000E-4	-2.61716E-3	2.98639E+2	9.99987E-5	-7.44176E-5	-7.44186E-1
1.48558E-2	-2.27314E-3	2.98648E+2	9.99987E-5	-7.44487E-5	-7.44497E-1
3.04724E-2	1.18512E-4	2.98656E+2	9.99988E-5	-7.44673E-5	-7.44682E-1
4.93695E-2	9.84788E-3	2.98664E+2	9.99988E-5	-7.44327E-5	-7.44336E-1
6.90367E-2	2.74027E-2	2.98673E+2	9.99988E-5	-7.44229E-5	-7.44238E-1
8.87196E-2	4.72480E-2	2.98680E+2	9.99988E-5	-7.44361E-5	-7.44370E-1
1.08242E-1	6.72571E-2	2.98688E+2	9.99987E-5	-7.44356E-5	-7.44365E-1
1.27463E-1	8.72854E-2	2.98697E+2	9.99987E-5	-7.44510E-5	-7.44520E-1
1.47022E-1	1.07223E-1	2.98703E+2	9.99987E-5	-7.44616E-5	-7.44626E-1
1.66989E-1	1.27130E-1	2.98710E+2	9.99988E-5	-7.44500E-5	-7.44509E-1
1.86472E-1	1.46979E-1	2.98718E+2	9.99987E-5	-7.44599E-5	-7.44608E-1
2.06036E-1	1.66796E-1	2.98724E+2	9.99986E-5	-7.44550E-5	-7.44561E-1
2.25768E-1	1.86590E-1	2.98730E+2	9.99986E-5	-7.44683E-5	-7.44694E-1
2.45376E-1	2.06144E-1	2.98736E+2	9.99987E-5	-7.44615E-5	-7.44625E-1
2.64267E-1	2.25365E-1	2.98738E+2	9.99987E-5	-7.44100E-5	-7.44109E-1
2.84170E-1	2.44744E-1	2.98740E+2	9.99987E-5	-7.44168E-5	-7.44178E-1
3.03970E-1	2.64041E-1	2.98741E+2	9.99987E-5	-7.44499E-5	-7.44508E-1
3.23146E-1	2.83077E-1	2.98741E+2	9.99986E-5	-7.44848E-5	-7.44859E-1
3.42487E-1	3.01978E-1	2.98740E+2	9.99987E-5	-7.44864E-5	-7.44874E-1
3.62296E-1	3.20517E-1	2.98741E+2	9.99987E-5	-7.44197E-5	-7.44207E-1
3.81708E-1	3.38931E-1	2.98739E+2	9.99987E-5	-7.44189E-5	-7.44198E-1
4.01078E-1	3.57163E-1	2.98735E+2	9.99986E-5	-7.44405E-5	-7.44415E-1
4.20589E-1	3.75599E-1	2.98729E+2	9.99987E-5	-7.44350E-5	-7.44359E-1
4.40074E-1	3.94223E-1	2.98721E+2	9.99987E-5	-7.44581E-5	-7.44590E-1
4.59918E-1	4.13205E-1	2.98711E+2	9.99987E-5	-7.44751E-5	-7.44760E-1
4.79913E-1	4.32291E-1	2.98701E+2	9.99988E-5	-7.44378E-5	-7.44387E-1
4.99084E-1	4.51141E-1	2.98688E+2	9.99987E-5	-7.43504E-5	-7.43513E-1
5.17936E-1	4.70022E-1	2.98673E+2	9.99987E-5	-7.42905E-5	-7.42915E-1
5.37465E-1	4.88742E-1	2.98657E+2	9.99987E-5	-7.43492E-5	-7.43502E-1
5.56958E-1	5.07421E-1	2.98638E+2	9.99988E-5	-7.43729E-5	-7.43739E-1
5.76738E-1	5.26159E-1	2.98617E+2	9.99988E-5	-7.43533E-5	-7.43542E-1
5.96181E-1	5.44904E-1	2.98595E+2	9.99988E-5	-7.43421E-5	-7.43430E-1
6.15684E-1	5.63572E-1	2.98570E+2	9.99988E-5	-7.43048E-5	-7.43057E-1
6.35342E-1	5.82237E-1	2.98540E+2	9.99988E-5	-7.42686E-5	-7.42695E-1
6.54865E-1	6.00926E-1	2.98509E+2	9.99988E-5	-7.42612E-5	-7.42621E-1
6.74329E-1	6.19529E-1	2.98478E+2	9.99987E-5	-7.43266E-5	-7.43276E-1
6.94465E-1	6.38219E-1	2.98441E+2	9.99987E-5	-7.43242E-5	-7.43251E-1
7.13528E-1	6.56922E-1	2.98402E+2	9.99987E-5	-7.43274E-5	-7.43283E-1
7.32952E-1	6.75589E-1	2.98364E+2	9.99988E-5	-7.43427E-5	-7.43436E-1
7.52619E-1	6.94544E-1	2.98320E+2	9.99988E-5	-7.42762E-5	-7.42772E-1
7.71656E-1	7.13473E-1	2.98273E+2	9.99987E-5	-7.42181E-5	-7.42191E-1
7.91461E-1	7.32303E-1	2.98228E+2	9.99987E-5	-7.40981E-5	-7.40991E-1
8.10601E-1	7.51266E-1	2.98179E+2	9.99987E-5	-7.40674E-5	-7.40684E-1
8.29998E-1	7.70212E-1	2.98127E+2	9.99987E-5	-7.40772E-5	-7.40781E-1
8.50259E-1	7.89215E-1	2.98071E+2	9.99987E-5	-7.41141E-5	-7.41151E-1
8.69384E-1	8.08279E-1	2.98012E+2	9.99988E-5	-7.42130E-5	-7.42140E-1
8.88948E-1	8.27393E-1	2.97949E+2	9.99987E-5	-7.42461E-5	-7.42471E-1
9.08624E-1	8.46771E-1	2.97880E+2	9.99987E-5	-7.42290E-5	-7.42300E-1
9.27576E-1	8.66113E-1	2.97800E+2	9.99988E-5	-7.39780E-5	-7.39790E-1
9.47558E-1	8.85477E-1	2.97710E+2	9.99987E-5	-7.37794E-5	-7.37803E-1
9.67671E-1	9.04935E-1	2.97617E+2	9.99987E-5	-7.38631E-5	-7.38641E-1
9.86918E-1	9.24561E-1	2.97522E+2	9.99988E-5	-7.38483E-5	-7.38492E-1
1.00646E+0	9.44300E-1	2.97422E+2	9.99987E-5	-7.37055E-5	-7.37065E-1
1.02539E+0	9.63945E-1	2.97322E+2	9.99987E-5	-7.37875E-5	-7.37884E-1
1.04506E+0	9.83802E-1	2.97220E+2	9.99988E-5	-7.38178E-5	-7.38187E-1
1.06496E+0	1.00373E+0	2.97123E+2	9.99988E-5	-7.38113E-5	-7.38122E-1
1.08395E+0	1.02310E+0	2.97035E+2	9.99987E-5	-7.38562E-5	-7.38572E-1
1.10359E+0	1.04220E+0	2.96949E+2	9.99987E-5	-7.38657E-5	-7.38667E-1
1.12362E+0	1.06131E+0	2.96865E+2	9.99986E-5	-7.38165E-5	-7.38175E-1
1.14273E+0	1.08037E+0	2.96781E+2	9.99987E-5	-7.38846E-5	-7.38856E-1
1.16242E+0	1.09926E+0	2.96698E+2	9.99987E-5	-7.39406E-5	-7.39416E-1
1.18270E+0	1.11815E+0	2.96620E+2	9.99987E-5	-7.37739E-5	-7.37749E-1
1.20159E+0	1.13720E+0	2.96547E+2	9.99987E-5	-7.37437E-5	-7.37446E-1
1.22076E+0	1.15626E+0	2.96479E+2	9.99987E-5	-7.39244E-5	-7.39254E-1
1.24021E+0	1.17532E+0	2.96415E+2	9.99987E-5	-7.39277E-5	-7.39287E-1
1.25953E+0	1.19441E+0	2.96354E+2	9.99987E-5	-7.39881E-5	-7.39890E-1
1.27995E+0	1.21344E+0	2.96299E+2	9.99987E-5	-7.42255E-5	-7.42265E-1
1.29888E+0	1.23236E+0	2.96249E+2	9.99987E-5	-7.41936E-5	-7.41946E-1
1.31827E+0	1.25145E+0	2.96204E+2	9.99987E-5	-7.41895E-5	-7.41904E-1
1.33780E+0	1.27047E+0	2.96167E+2	9.99986E-5	-7.41618E-5	-7.41628E-1
1.35716E+0	1.28957E+0	2.96135E+2	9.99987E-5	-7.41650E-5	-7.41660E-1
1.37763E+0	1.30878E+0	2.96108E+2	9.99987E-5	-7.42678E-5	-7.42687E-1
1.39730E+0	1.32809E+0	2.96092E+2	9.99988E-5	-7.43231E-5	-7.43240E-1
1.41640E+0	1.34734E+0	2.96078E+2	9.99987E-5	-7.42241E-5	-7.42250E-1
1.43608E+0	1.36622E+0	2.96068E+2	9.99987E-5	-7.42837E-5	-7.42847E-1
1.45477E+0	1.38529E+0	2.96068E+2	9.99987E-5	-7.44410E-5	-7.44420E-1
1.47458E+0	1.40455E+0	2.96072E+2	9.99986E-5	-7.43954E-5	-7.43964E-1
1.49471E+0	1.42367E+0	2.96081E+2	9.99986E-5	-7.44136E-5	-7.44146E-1
1.51330E+0	1.44267E+0	2.96093E+2	9.99987E-5	-7.45290E-5	-7.45300E-1
1.53342E+0	1.46182E+0	2.96111E+2	9.99987E-5	-7.47391E-5	-7.47400E-1
1.55377E+0	1.48092E+0	2.96134E+2	9.99986E-5	-7.48612E-5	-7.48622E-1
1.57273E+0	1.50005E+0	2.96161E+2	9.99987E-5	-7.47453E-5	-7.47463E-1
1.59198E+0	1.51920E+0	2.96193E+2	9.99987E-5	-7.47273E-5	-7.47283E-1
1.61198E+0	1.53838E+0	2.96227E+2	9.99986E-5	-7.45860E-5	-7.45870E-1
1.63088E+0	1.55757E+0	2.96266E+2	9.99986E-5	-7.46204E-5	-7.46214E-1
1.65046E+0	1.57662E+0	2.96307E+2	9.99987E-5	-7.48155E-5	-7.48165E-1
1.67086E+0	1.59562E+0	2.96352E+2	9.99987E-5	-7.48129E-5	-7.48139E-1
1.68985E+0	1.61482E+0	2.96399E+2	9.99987E-5	-7.46322E-5	-7.46332E-1
1.70919E+0	1.63404E+0	2.96447E+2	9.99987E-5	-7.45540E-5	-7.45550E-1
1.72817E+0	1.65299E+0	2.96498E+2	9.99987E-5	-7.48466E-5	-7.48475E-1
1.74763E+0	1.67204E+0	2.96553E+2	9.99987E-5	-7.47549E-5	-7.47559E-1
1.76813E+0	1.69139E+0	2.96608E+2	9.99988E-5	-7.45993E-5	-7.46002E-1
1.78723E+0	1.71057E+0	2.96664E+2	9.99988E-5	-7.46359E-5	-7.46368E-1
1.80675E+0	1.72977E+0	2.96722E+2	9.99989E-5	-7.45269E-5	-7.45277E-1
1.82662E+0	1.74902E+0	2.96783E+2	9.99988E-5	-7.45086E-5	-7.45094E-1
1.84556E+0	1.76820E+0	2.96845E+2	9.99987E-5	-7.45548E-5	-7.45558E-1
1.86536E+0	1.78727E+0	2.96907E+2	9.99987E-5	-7.48220E-5	-7.48229E-1
1.88558E+0	1.80635E+0	2.96969E+2	9.99987E-5	-7.48871E-5	-7.48880E-1
1.90435E+0	1.82555E+0	2.97034E+2	9.99987E-5	-7.48145E-5	-7.48155E-1
1.92364E+0	1.84476E+0	2.97101E+2	9.99988E-5	-7.50625E-5	-7.50634E-1
1.94269E+0	1.86400E+0	2.97169E+2	9.99987E-5	-7.48629E-5	-7.48639E-1
1.96244E+0	1.88343E+0	2.97236E+2	9.99986E-5	-7.46353E-5	-7.46363E-1
1.98234E+0	1.90266E+0	2.97302E+2	9.99988E-5	-7.46987E-5	-7.46997E-1
1.99662E+0	1.92115E+0	2.97369E+2	9.99987E-5	-7.46064E-5	-7.46073E-1
2.00137E+0	1.93582E+0	2.97437E+2	9.99987E-5	-7.48442E-5	-7.48452E-1
2.00119E+0	1.94516E+0	2.97505E+2	9.99987E-5	-7.49110E-5	-7.49121E-1
2.00137E+0	1.95061E+0	2.97571E+2	9.99987E-5	-7.49215E-5	-7.49225E-1
2.00190E+0	1.95390E+0	2.97636E+2	9.99988E-5	-7.48971E-5	-7.48981E-1
2.00159E+0	1.95559E+0	2.97702E+2	9.99987E-5	-7.46054E-5	-7.46064E-1
1.99189E+0	1.95615E+0	2.97768E+2	9.99987E-5	-7.48859E-5	-7.48869E-1
1.97601E+0	1.95556E+0	2.97833E+2	9.99986E-5	-7.48963E-5	-7.48973E-1
1.95570E+0	1.95115E+0	2.97894E+2	9.99987E-5	-7.44934E-5	-7.44944E-1
1.93657E+0	1.93958E+0	2.97956E+2	9.99987E-5	-7.46942E-5	-7.46951E-1
1.91716E+0	1.92248E+0	2.98020E+2	9.99987E-5	-7.49961E-5	-7.49971E-1
1.89688E+0	1.90401E+0	2.98080E+2	9.99986E-5	-7.48594E-5	-7.48604E-1
1.87890E+0	1.88514E+0	2.98143E+2	9.99986E-5	-7.45485E-5	-7.45496E-1
1.85934E+0	1.86598E+0	2.98207E+2	9.99987E-5	-7.47059E-5	-7.47069E-1
1.83943E+0	1.84647E+0	2.98268E+2	9.99987E-5	-7.48016E-5	-7.48026E-1
1.82029E+0	1.82679E+0	2.98331E+2	9.99986E-5	-7.46608E-5	-7.46618E-1
1.80022E+0	1.80746E+0	2.98396E+2	9.99986E-5	-7.46497E-5	-7.46507E-1
1.78173E+0	1.78823E+0	2.98460E+2	9.99987E-5	-7.47558E-5	-7.47568E-1
1.76190E+0	1.76903E+0	2.98524E+2	9.99987E-5	-7.47971E-5	-7.47981E-1
1.74121E+0	1.74986E+0	2.98590E+2	9.99987E-5	-7.48727E-5	-7.48736E-1
1.72233E+0	1.73080E+0	2.98653E+2	9.99987E-5	-7.48971E-5	-7.48980E-1
1.70285E+0	1.71179E+0	2.98714E+2	9.99987E-5	-7.47984E-5	-7.47993E-1
1.68240E+0	1.69274E+0	2.98778E+2	9.99986E-5	-7.47778E-5	-7.47788E-1
1.66361E+0	1.67364E+0	2.98841E+2	9.99986E-5	-7.47640E-5	-7.47650E-1
1.64405E+0	1.65447E+0	2.98904E+2	9.99987E-5	-7.45061E-5	-7.45070E-1
1.62374E+0	1.63540E+0	2.98965E+2	9.99987E-5	-7.46875E-5	-7.46884E-1
1.60453E+0	1.61655E+0	2.99024E+2	9.99988E-5	-7.47349E-5	-7.47358E-1
1.58515E+0	1.59753E+0	2.99084E+2	9.99988E-5	-7.46153E-5	-7.46163E-1
1.56616E+0	1.57824E+0	2.99141E+2	9.99987E-5	-7.47806E-5	-7.47816E-1
1.54705E+0	1.55920E+0	2.99197E+2	9.99987E-5	-7.48511E-5	-7.48521E-1
1.52729E+0	1.54011E+0	2.99253E+2	9.99987E-5	-7.47408E-5	-7.47417E-1
1.50800E+0	1.52095E+0	2.99307E+2	9.99987E-5	-7.47016E-5	-7.47025E-1
1.48869E+0	1.50191E+0	2.99360E+2	9.99987E-5	-7.47015E-5	-7.47026E-1
1.46835E+0	1.48275E+0	2.99411E+2	9.99986E-5	-7.48319E-5	-7.48329E-1
1.44891E+0	1.46372E+0	2.99459E+2	9.99987E-5	-7.47916E-5	-7.47925E-1
1.42953E+0	1.44463E+0	2.99506E+2	9.99987E-5	-7.47275E-5	-7.47285E-1
1.40992E+0	1.42549E+0	2.99550E+2	9.99987E-5	-7.47821E-5	-7.47830E-1
1.39087E+0	1.40642E+0	2.99592E+2	9.99987E-5	-7.49192E-5	-7.49201E-1
1.37127E+0	1.38748E+0	2.99633E+2	9.99988E-5	-7.49267E-5	-7.49276E-1
1.35205E+0	1.36841E+0	2.99671E+2	9.99988E-5	-7.46612E-5	-7.46621E-1
1.33273E+0	1.34923E+0	2.99707E+2	9.99987E-5	-7.46448E-5	-7.46457E-1
1.31247E+0	1.33031E+0	2.99740E+2	9.99987E-5	-7.47232E-5	-7.47242E-1
1.29315E+0	1.31137E+0	2.99771E+2	9.99988E-5	-7.46841E-5	-7.46850E-1
1.27347E+0	1.29229E+0	2.99800E+2	9.99988E-5	-7.47501E-5	-7.47510E-1
1.25349E+0	1.27327E+0	2.99828E+2	9.99987E-5	-7.45990E-5	-7.46000E-1
1.23445E+0	1.25419E+0	2.99854E+2	9.99987E-5	-7.45592E-5	-7.45601E-1
1.21512E+0	1.23501E+0	2.99877E+2	9.99987E-5	-7.47123E-5	-7.47132E-1
1.19508E+0	1.21584E+0	2.99898E+2	9.99987E-5	-7.48273E-5	-7.48283E-1
1.17591E+0	1.19684E+0	2.99918E+2	9.99987E-5	-7.48199E-5	-7.48208E-1
1.15657E+0	1.17772E+0	2.99937E+2	9.99988E-5	-7.47651E-5	-7.47660E-1
1.13712E+0	1.15853E+0	2.99955E+2	9.99987E-5	-7.46342E-5	-7.46352E-1
1.11751E+0	1.13951E+0	2.99968E+2	9.99987E-5	-7.46262E-5	-7.46271E-1
1.09782E+0	1.12048E+0	2.99980E+2	9.99987E-5	-7.45942E-5	-7.45951E-1
1.07829E+0	1.10145E+0	2.99993E+2	9.99987E-5	-7.45481E-5	-7.45491E-1
1.05896E+0	1.08238E+0	3.00004E+2	9.99987E-5	-7.45881E-5	-7.45891E-1
1.03873E+0	1.06332E+0	3.00014E+2	9.99988E-5	-7.46747E-5	-7.46756E-1
1.01900E+0	1.04430E+0	3.00022E+2	9.99988E-5	-7.48007E-5	-7.48016E-1
9.99695E-1	1.02519E+0	3.00029E+2	9.99987E-5	-7.47033E-5	-7.47043E-1
9.81015E-1	1.00559E+0	3.00034E+2	9.99987E-5	-7.46226E-5	-7.46236E-1
9.62021E-1	9.85627E-1	3.00039E+2	9.99987E-5	-7.45610E-5	-7.45620E-1
9.41943E-1	9.65732E-1	3.00043E+2	9.99988E-5	-7.45571E-5	-7.45580E-1
9.22336E-1	9.45957E-1	3.00045E+2	9.99988E-5	-7.46411E-5	-7.46420E-1
9.02713E-1	9.26217E-1	3.00049E+2	9.99988E-5	-7.46891E-5	-7.46900E-1
8.83030E-1	9.06492E-1	3.00050E+2	9.99987E-5	-7.47385E-5	-7.47394E-1
8.63771E-1	8.86815E-1	3.00049E+2	9.99987E-5	-7.47253E-5	-7.47262E-1
8.44453E-1	8.67255E-1	3.00048E+2	9.99988E-5	-7.45451E-5	-7.45461E-1
8.24291E-1	8.47918E-1	3.00047E+2	9.99988E-5	-7.44619E-5	-7.44628E-1
8.04742E-1	8.28655E-1	3.00045E+2	9.99987E-5	-7.45922E-5	-7.45931E-1
7.85398E-1	8.09437E-1	3.00042E+2	9.99987E-5	-7.45729E-5	-7.45739E-1
7.65603E-1	7.90288E-1	3.00039E+2	9.99988E-5	-7.46103E-5	-7.46113E-1
7.46460E-1	7.71133E-1	3.00035E+2	9.99988E-5	-7.46147E-5	-7.46156E-1
7.26757E-1	7.52027E-1	3.00031E+2	9.99988E-5	-7.45529E-5	-7.45538E-1
7.06866E-1	7.33010E-1	3.00024E+2	9.99988E-5	-7.45976E-5	-7.45985E-1
6.87661E-1	7.14067E-1	3.00017E+2	9.99987E-5	-7.45428E-5	-7.45438E-1
6.68344E-1	6.95100E-1	3.00012E+2	9.99987E-5	-7.45186E-5	-7.45195E-1
6.49031E-1	6.76111E-1	3.00006E+2	9.99987E-5	-7.45678E-5	-7.45688E-1
6.29683E-1	6.57260E-1	2.99997E+2	9.99987E-5	-7.44926E-5	-7.44935E-1
6.09529E-1	6.38247E-1	2.99991E+2	9.99987E-5	-7.44021E-5	-7.44031E-1
5.89988E-1	6.19419E-1	2.99984E+2	9.99987E-5	-7.43919E-5	-7.43929E-1
5.70686E-1	6.00747E-1	2.99975E+2	9.99988E-5	-7.44713E-5	-7.44722E-1
5.50867E-1	5.81876E-1	2.99966E+2	9.99987E-5	-7.45493E-5	-7.45503E-1
5.31412E-1	5.62888E-1	2.99957E+2	9.99987E-5	-7.45007E-5	-7.45017E-1
5.12374E-1	5.44118E-1	2.99948E+2	9.99987E-5	-7.44365E-5	-7.44375E-1
4.92288E-1	5.25322E-1	2.99939E+2	9.99987E-5	-7.43697E-5	-7.43706E-1
4.72377E-1	5.06409E-1	2.99929E+2	9.99987E-5	-7.44222E-5	-7.44232E-1
4.53336E-1	4.87669E-1	2.99917E+2	9.99987E-5	-7.44965E-5	-7.44974E-1
4.34570E-1	4.68746E-1	2.99907E+2	9.99988E-5	-7.44745E-5	-7.44754E-1
4.14640E-1	4.49775E-1	2.99897E+2	9.99987E-5	-7.43883E-5	-7.43892E-1
3.94786E-1	4.30900E-1	2.99888E+2	9.99987E-5	-7.44033E-5	-7.44043E-1
3.76000E-1	4.12066E-1	2.99878E+2	9.99986E-5	-7.44407E-5	-7.44417E-1
3.56104E-1	3.93134E-1	2.99866E+2	9.99987E-5	-7.43822E-5	-7.43832E-1
3.35997E-1	3.73744E-1	2.99857E+2	9.99987E-5	-7.43856E-5	-7.43865E-1
3.16716E-1	3.54515E-1	2.99845E+2	9.99987E-5	-7.44384E-5	-7.44393E-1
2.97141E-1	3.35643E-1	2.99835E+2	9.99988E-5	-7.44590E-5	-7.44599E-1
2.77639E-1	3.16477E-1	2.99823E+2	9.99988E-5	-7.43949E-5	-7.43958E-1
2.58263E-1	2.97404E-1	2.99812E+2	9.99987E-5	-7.43369E-5	-7.43378E-1
2.38798E-1	2.78220E-1	2.99803E+2	9.99987E-5	-7.43254E-5	-7.43263E-1
2.19310E-1	2.59003E-1	2.99794E+2	9.99988E-5	-7.43499E-5	-7.43508E-1
1.99750E-1	2.39678E-1	2.99784E+2	9.99987E-5	-7.43664E-5	-7.43674E-1
1.79933E-1	2.20120E-1	2.99774E+2	9.99987E-5	-7.43803E-5	-7.43813E-1
1.60784E-1	2.00777E-1	2.99763E+2	9.99987E-5	-7.43646E-5	-7.43656E-1
1.41712E-1	1.81312E-1	2.99753E+2	9.99988E-5	-7.43700E-5	-7.43709E-1
1.22180E-1	1.61807E-1	2.99743E+2	9.99988E-5	-7.43676E-5	-7.43685E-1
1.02604E-1	1.42362E-1	2.99732E+2	9.99987E-5	-7.43510E-5	-7.43520E-1
8.28282E-2	1.22815E-1	2.99722E+2	9.99987E-5	-7.43562E-5	-7.43572E-1
6.30510E-2	1.03269E-1	2.99713E+2	9.99987E-5	-7.43538E-5	-7.43548E-1
4.38549E-2	8.35649E-2	2.99705E+2	9.99987E-5	-7.43517E-5	-7.43527E-1
2.42343E-2	6.38434E-2	2.99696E+2	9.99987E-5	-7.43461E-5	-7.43471E-1
6.08891E-3	4.48791E-2	2.99686E+2	9.99987E-5	-7.43378E-5	-7.43388E-1
7.55974E-4	2.91076E-2	2.99677E+2	9.99987E-5	-7.43120E-5	-7.43130E-1
6.67993E-4	1.85792E-2	2.99669E+2	9.99988E-5	-7.43076E-5	-7.43085E-1
4.70000E-4	1.22363E-2	2.99660E+2	9.99988E-5	-7.43192E-5	-7.43200E-1
1.18817E-4	8.72393E-3	2.99652E+2	9.99988E-5	-7.43160E-5	-7.43169E-1
7.90658E-4	7.01791E-3	2.99642E+2	9.99988E-5	-7.43076E-5	-7.43085E-1
-4.65288E-3	6.06165E-3	2.99633E+2	9.99987E-5	-7.42900E-5	-7.42910E-1
-1.87377E-2	3.46994E-3	2.99628E+2	9.99986E-5	-7.43123E-5	-7.43133E-1
-3.85470E-2	-5.05368E-3	2.99622E+2	9.99986E-5	-7.43033E-5	-7.43044E-1
-5.81058E-2	-1.91342E-2	2.99615E+2	9.99987E-5	-7.43070E-5	-7.43080E-1
-7.75781E-2	-3.53382E-2	2.99610E+2	9.99987E-5	-7.43218E-5	-7.43228E-1
-9.64458E-2	-5.29413E-2	2.99606E+2	9.99988E-5	-7.43223E-5	-7.43232E-1
-1.16219E-1	-7.20561E-2	2.99602E+2	9.99987E-5	-7.43449E-5	-7.43458E-1
-1.35817E-1	-9.18631E-2	2.99599E+2	9.99987E-5	-7.43171E-5	-7.43180E-1
-1.55446E-1	-1.11802E-1	2.99600E+2	9.99987E-5	-7.42995E-5	-7.43005E-1
-1.75175E-1	-1.31604E-1	2.99600E+2	9.99987E-5	-7.43168E-5	-7.43178E-1
-1.94681E-1	-1.50999E-1	2.99599E+2	9.99987E-5	-7.43060E-5	-7.43070E-1
-2.14183E-1	-1.69674E-1	2.99599E+2	9.99988E-5	-7.42557E-5	-7.42567E-1
-2.33413E-1	-1.87726E-1	2.99601E+2	9.99987E-5	-7.42645E-5	-7.42654E-1
-2.52703E-1	-2.05893E-1	2.99603E+2	9.99987E-5	-7.42978E-5	-7.42988E-1
-2.72502E-1	-2.24655E-1	2.99604E+2	9.99987E-5	-7.42717E-5	-7.42726E-1
-2.92258E-1	-2.43784E-1	2.99603E+2	9.99988E-5	-7.42499E-5	-7.42508E-1
-3.11496E-1	-2.63234E-1	2.99604E+2	9.99987E-5	-7.42495E-5	-7.42505E-1
-3.31007E-1	-2.82820E-1	2.99605E+2	9.99987E-5	-7.42357E-5	-7.42367E-1
-3.51143E-1	-3.02397E-1	2.99605E+2	9.99987E-5	-7.41947E-5	-7.41957E-1
-3.70184E-1	-3.21902E-1	2.99604E+2	9.99987E-5	-7.42148E-5	-7.42157E-1
-3.89857E-1	-3.41297E-1	2.99603E+2	9.99987E-5	-7.42465E-5	-7.42474E-1
-4.09183E-1	-3.60626E-1	2.99602E+2	9.99987E-5	-7.41764E-5	-7.41773E-1
-4.28870E-1	-3.79823E-1	2.99598E+2	9.99987E-5	-7.41608E-5	-7.41618E-1
-4.48529E-1	-3.98917E-1	2.99593E+2	9.99986E-5	-7.41706E-5	-7.41716E-1
-4.68028E-1	-4.18376E-1	2.99588E+2	9.99987E-5	-7.41361E-5	-7.41371E-1
-4.87526E-1	-4.37768E-1	2.99585E+2	9.99987E-5	-7.41873E-5	-7.41882E-1
-5.06412E-1	-4.55196E-1	2.99581E+2	9.99986E-5	-7.42020E-5	-7.42031E-1
-5.25933E-1	-4.73978E-1	2.99576E+2	9.99986E-5	-7.42168E-5	-7.42178E-1
-5.45350E-1	-4.94315E-1	2.99569E+2	9.99987E-5	-7.42582E-5	-7.42592E-1
-5.64676E-1	-5.13912E-1	2.99563E+2	9.99987E-5	-7.42042E-5	-7.42052E-1
-5.84182E-1	-5.33252E-1	2.99557E+2	9.99988E-5	-7.41652E-5	-7.41661E-1
-6.03967E-1	-5.52192E-1	2.99550E+2	9.99988E-5	-7.41714E-5	-7.41723E-1
-6.23930E-1	-5.71007E-1	2.99544E+2	9.99987E-5	-7.41980E-5	-7.41989E-1
-6.43397E-1	-5.89788E-1	2.99540E+2	9.99987E-5	-7.41294E-5	-7.41304E-1
-6.62969E-1	-6.08627E-1	2.99532E+2	9.99986E-5	-7.40449E-5	-7.40460E-1
-6.82405E-1	-6.27266E-1	2.99525E+2	9.99987E-5	-7.41659E-5	-7.41669E-1
-7.02089E-1	-6.45930E-1	2.99519E+2	9.99987E-5	-7.42552E-5	-7.42562E-1
-7.21480E-1	-6.64800E-1	2.99515E+2	9.99987E-5	-7.41328E-5	-7.41338E-1
-7.40527E-1	-6.83646E-1	2.99511E+2	9.99988E-5	-7.40948E-5	-7.40957E-1
-7.60561E-1	-7.02515E-1	2.99506E+2	9.99988E-5	-7.41403E-5	-7.41412E-1
-7.79700E-1	-7.21436E-1	2.99500E+2	9.99987E-5	-7.40555E-5	-7.40564E-1
-7.98896E-1	-7.40549E-1	2.99496E+2	9.99987E-5	-7.40679E-5	-7.40689E-1
-8.18778E-1	-7.59719E-1	2.99491E+2	9.99987E-5	-7.41440E-5	-7.41450E-1
-8.38152E-1	-7.78586E-1	2.99489E+2	9.99986E-5	-7.40865E-5	-7.40875E-1
-8.58404E-1	-7.97557E-1	2.99486E+2	9.99986E-5	-7.41994E-5	-7.42004E-1
-8.77834E-1	-8.16693E-1	2.99484E+2	9.99987E-5	-7.43105E-5	-7.43115E-1
-8.96687E-1	-8.35878E-1	2.99481E+2	9.99987E-5	-7.41368E-5	-7.41377E-1
-9.16578E-1	-8.55110E-1	2.99480E+2	9.99987E-5	-7.40247E-5	-7.40256E-1
-9.36225E-1	-8.74581E-1	2.99477E+2	9.99987E-5	-7.40823E-5	-7.40833E-1
-9.55568E-1	-8.93953E-1	2.99477E+2	9.99987E-5	-7.40916E-5	-7.40926E-1
-9.75290E-1	-9.13439E-1	2.99478E+2	9.99987E-5	-7.41407E-5	-7.41416E-1
-9.94511E-1	-9.33228E-1	2.99478E+2	9.99987E-5	-7.40952E-5	-7.40962E-1
-1.01410E+0	-9.53016E-1	2.99479E+2	9.99987E-5	-7.40731E-5	-7.40741E-1
-1.03384E+0	-9.72923E-1	2.99479E+2	9.99987E-5	-7.41360E-5	-7.41370E-1
-1.05290E+0	-9.92740E-1	2.99480E+2	9.99987E-5	-7.39938E-5	-7.39948E-1
-1.07266E+0	-1.01225E+0	2.99482E+2	9.99986E-5	-7.40213E-5	-7.40223E-1
-1.09274E+0	-1.03154E+0	2.99483E+2	9.99986E-5	-7.42143E-5	-7.42154E-1
-1.11224E+0	-1.05093E+0	2.99486E+2	9.99987E-5	-7.42572E-5	-7.42582E-1
-1.13169E+0	-1.07036E+0	2.99489E+2	9.99987E-5	-7.41945E-5	-7.41954E-1
-1.15171E+0	-1.08952E+0	2.99488E+2	9.99987E-5	-7.40980E-5	-7.40989E-1
-1.17118E+0	-1.10850E+0	2.99491E+2	9.99987E-5	-7.40812E-5	-7.40822E-1
-1.19051E+0	-1.12754E+0	2.99494E+2	9.99986E-5	-7.40063E-5	-7.40074E-1
-1.21025E+0	-1.14659E+0	2.99498E+2	9.99987E-5	-7.39509E-5	-7.39519E-1
-1.22926E+0	-1.16570E+0	2.99502E+2	9.99986E-5	-7.41459E-5	-7.41469E-1
-1.24894E+0	-1.18481E+0	2.99506E+2	9.99986E-5	-7.42133E-5	-7.42143E-1
-1.26776E+0	-1.20398E+0	2.99510E+2	9.99987E-5	-7.40718E-5	-7.40728E-1
-1.28699E+0	-1.22302E+0	2.99513E+2	9.99986E-5	-7.40368E-5	-7.40378E-1
-1.30754E+0	-1.24192E+0	2.99516E+2	9.99986E-5	-7.42265E-5	-7.42275E-1
-1.32686E+0	-1.26099E+0	2.99521E+2	9.99987E-5	-7.42378E-5	-7.42387E-1
-1.34630E+0	-1.28007E+0	2.99524E+2	9.99987E-5	-7.41869E-5	-7.41879E-1
-1.36606E+0	-1.29915E+0	2.99529E+2	9.99987E-5	-7.40086E-5	-7.40095E-1
-1.38528E+0	-1.31832E+0	2.99534E+2	9.99987E-5	-7.40043E-5	-7.40052E-1
-1.40491E+0	-1.33750E+0	2.99538E+2	9.99987E-5	-7.41281E-5	-7.41291E-1
-1.42333E+0	-1.35659E+0	2.99544E+2	9.99987E-5	-7.40711E-5	-7.40720E-1
-1.44318E+0	-1.37563E+0	2.99548E+2	9.99987E-5	-7.41044E-5	-7.41054E-1
-1.46351E+0	-1.39472E+0	2.99552E+2	9.99987E-5	-7.39161E-5	-7.39171E-1
-1.48219E+0	-1.41391E+0	2.99558E+2	9.99987E-5	-7.39045E-5	-7.39055E-1
-1.50201E+0	-1.43309E+0	2.99560E+2	9.99987E-5	-7.41441E-5	-7.41451E-1
-1.52233E+0	-1.45220E+0	2.99565E+2	9.99986E-5	-7.40299E-5	-7.40309E-1
-1.54169E+0	-1.47134E+0	2.99571E+2	9.99987E-5	-7.40150E-5	-7.40160E-1
-1.56069E+0	-1.49049E+0	2.99574E+2	9.99987E-5	-7.40083E-5	-7.40093E-1
-1.58102E+0	-1.50964E+0	2.99579E+2	9.99987E-5	-7.39776E-5	-7.39786E-1
-1.60018E+0	-1.52878E+0	2.99585E+2	9.99987E-5	-7.39452E-5	-7.39461E-1
-1.61923E+0	-1.54793E+0	2.99591E+2	9.99987E-5	-7.39462E-5	-7.39472E-1
-1.63923E+0	-1.56711E+0	2.99595E+2	9.99987E-5	-7.41543E-5	-7.41553E-1
-1.65902E+0	-1.58624E+0	2.99599E+2	9.99986E-5	-7.42065E-5	-7.42075E-1
-1.67856E+0	-1.60539E+0	2.99601E+2	9.99986E-5	-7.42377E-5	-7.42387E-1
-1.69753E+0	-1.62459E+0	2.99606E+2	9.99986E-5	-7.40529E-5	-7.40539E-1
-1.71640E+0	-1.64386E+0	2.99611E+2	9.99987E-5	-7.37846E-5	-7.37856E-1
-1.73674E+0	-1.66310E+0	2.99615E+2	9.99988E-5	-7.37651E-5	-7.37660E-1
-1.75578E+0	-1.68215E+0	2.99618E+2	9.99988E-5	-7.38463E-5	-7.38472E-1
-1.77511E+0	-1.70139E+0	2.99622E+2	9.99987E-5	-7.42079E-5	-7.42088E-1
-1.79590E+0	-1.72060E+0	2.99627E+2	9.99987E-5	-7.42289E-5	-7.42299E-1
-1.81507E+0	-1.73964E+0	2.99628E+2	9.99987E-5	-7.39513E-5	-7.39523E-1
-1.83435E+0	-1.75878E+0	2.99631E+2	9.99987E-5	-7.38496E-5	-7.38506E-1
-1.85465E+0	-1.77822E+0	2.99636E+2	9.99987E-5	-7.38611E-5	-7.38620E-1
-1.87329E+0	-1.79764E+0	2.99639E+2	9.99987E-5	-7.39983E-5	-7.39993E-1
-1.89249E+0	-1.81666E+0	2.99640E+2	9.99986E-5	-7.40607E-5	-7.40617E-1
-1.91185E+0	-1.83588E+0	2.99643E+2	9.99987E-5	-7.41032E-5	-7.41042E-1
-1.93183E+0	-1.85533E+0	2.99647E+2	9.99987E-5	-7.39688E-5	-7.39698E-1
-1.95194E+0	-1.87446E+0	2.99650E+2	9.99987E-5	-7.39124E-5	-7.39133E-1
-1.97102E+0	-1.89352E+0	2.99651E+2	9.99988E-5	-7.37152E-5	-7.37161E-1
-1.99027E+0	-1.91280E+0	2.99652E+2	9.99988E-5	-7.39394E-5	-7.39403E-1
-1.99942E+0	-1.93018E+0	2.99653E+2	9.99988E-5	-7.39958E-5	-7.39968E-1
-2.00105E+0	-1.94272E+0	2.99657E+2	9.99986E-5	-7.36932E-5	-7.36943E-1
-2.00167E+0	-1.95013E+0	2.99659E+2	9.99986E-5	-7.39174E-5	-7.39184E-1
-2.00169E+0	-1.95462E+0	2.99661E+2	9.99987E-5	-7.39644E-5	-7.39654E-1
-2.00152E+0	-1.95713E+0	2.99662E+2	9.99987E-5	-7.38527E-5	-7.38536E-1
-2.00064E+0	-1.95836E+0	2.99661E+2	9.99987E-5	-7.39814E-5	-7.39824E-1
-1.98856E+0	-1.95856E+0	2.99663E+2	9.99987E-5	-7.38807E-5	-7.38816E-1
-1.96929E+0	-1.95731E+0	2.99664E+2	9.99987E-5	-7.38964E-5	-7.38973E-1
-1.95047E+0	-1.95054E+0	2.99665E+2	9.99987E-5	-7.40608E-5	-7.40617E-1
-1.93074E+0	-1.93654E+0	2.99669E+2	9.99987E-5	-7.39529E-5	-7.39538E-1
-1.91126E+0	-1.91874E+0	2.99670E+2	9.99987E-5	-7.40870E-5	-7.40880E-1
-1.89141E+0	-1.90002E+0	2.99674E+2	9.99987E-5	-7.42657E-5	-7.42667E-1
-1.87253E+0	-1.88091E+0	2.99679E+2	9.99987E-5	-7.41518E-5	-7.41528E-1
-1.85337E+0	-1.86154E+0	2.99684E+2	9.99987E-5	-7.40548E-5	-7.40558E-1
-1.83280E+0	-1.84199E+0	2.99689E+2	9.99988E-5	-7.39375E-5	-7.39384E-1
-1.81322E+0	-1.82243E+0	2.99694E+2	9.99987E-5	-7.38215E-5	-7.38224E-1
-1.79438E+0	-1.80302E+0	2.99700E+2	9.99987E-5	-7.37161E-5	-7.37171E-1
-1.77420E+0	-1.78373E+0	2.99708E+2	9.99987E-5	-7.37908E-5	-7.37918E-1
-1.75491E+0	-1.76448E+0	2.99718E+2	9.99987E-5	-7.38819E-5	-7.38828E-1
-1.73571E+0	-1.74535E+0	2.99727E+2	9.99987E-5	-7.37713E-5	-7.37723E-1
-1.71654E+0	-1.72623E+0	2.99737E+2	9.99987E-5	-7.37483E-5	-7.37492E-1
-1.69714E+0	-1.70711E+0	2.99749E+2	9.99987E-5	-7.38809E-5	-7.38819E-1
-1.67683E+0	-1.68813E+0	2.99761E+2	9.99987E-5	-7.40664E-5	-7.40674E-1
-1.65752E+0	-1.66909E+0	2.99775E+2	9.99987E-5	-7.40803E-5	-7.40813E-1
-1.63835E+0	-1.64990E+0	2.99788E+2	9.99987E-5	-7.39957E-5	-7.39967E-1
-1.61858E+0	-1.63084E+0	2.99799E+2	9.99987E-5	-7.40399E-5	-7.40409E-1
-1.59914E+0	-1.61185E+0	2.99810E+2	9.99987E-5	-7.39691E-5	-7.39700E-1
-1.57958E+0	-1.59279E+0	2.99824E+2	9.99987E-5	-7.40264E-5	-7.40274E-1
-1.55931E+0	-1.57368E+0	2.99839E+2	9.99987E-5	-7.41922E-5	-7.41932E-1
-1.54027E+0	-1.55448E+0	2.99853E+2	9.99986E-5	-7.39774E-5	-7.39785E-1
-1.52099E+0	-1.53528E+0	2.99867E+2	9.99987E-5	-7.38009E-5	-7.38018E-1
-1.50181E+0	-1.51614E+0	2.99879E+2	9.99987E-5	-7.41076E-5	-7.41086E-1
-1.48214E+0	-1.49701E+0	2.99891E+2	9.99987E-5	-7.41275E-5	-7.41285E-1
-1.46193E+0	-1.47786E+0	2.99903E+2	9.99988E-5	-7.40252E-5	-7.40261E-1
-1.44308E+0	-1.45873E+0	2.99913E+2	9.99988E-5	-7.41895E-5	-7.41904E-1
-1.42413E+0	-1.43962E+0	2.99924E+2	9.99987E-5	-7.40605E-5	-7.40615E-1
-1.40398E+0	-1.42036E+0	2.99936E+2	9.99988E-5	-7.41076E-5	-7.41085E-1
-1.38440E+0	-1.40124E+0	2.99946E+2	9.99988E-5	-7.40968E-5	-7.40977E-1
-1.36426E+0	-1.38212E+0	2.99954E+2	9.99987E-5	-7.40088E-5	-7.40098E-1
-1.34472E+0	-1.36287E+0	2.99961E+2	9.99987E-5	-7.40599E-5	-7.40608E-1
-1.32587E+0	-1.34392E+0	2.99968E+2	9.99987E-5	-7.39555E-5	-7.39564E-1
-1.30566E+0	-1.32489E+0	2.99975E+2	9.99987E-5	-7.39314E-5	-7.39323E-1
-1.28559E+0	-1.30579E+0	2.99980E+2	9.99987E-5	-7.39482E-5	-7.39491E-1
-1.26713E+0	-1.28651E+0	2.99981E+2	9.99988E-5	-7.41751E-5	-7.41761E-1
-1.24796E+0	-1.26717E+0	2.99981E+2	9.99987E-5	-7.42547E-5	-7.42557E-1
-1.22769E+0	-1.24813E+0	2.99982E+2	9.99986E-5	-7.40149E-5	-7.40159E-1
-1.20822E+0	-1.22910E+0	2.99980E+2	9.99987E-5	-7.40539E-5	-7.40548E-1
-1.18920E+0	-1.21003E+0	2.99976E+2	9.99987E-5	-7.40847E-5	-7.40857E-1
-1.17012E+0	-1.19101E+0	2.99971E+2	9.99987E-5	-7.40543E-5	-7.40553E-1
-1.14983E+0	-1.17195E+0	2.99968E+2	9.99987E-5	-7.42952E-5	-7.42962E-1
-1.13001E+0	-1.15270E+0	2.99961E+2	9.99987E-5	-7.42731E-5	-7.42741E-1
-1.11140E+0	-1.13344E+0	2.99952E+2	9.99987E-5	-7.40317E-5	-7.40326E-1
-1.09196E+0	-1.11435E+0	2.99942E+2	9.99988E-5	-7.39472E-5	-7.39481E-1
-1.07204E+0	-1.09512E+0	2.99932E+2	9.99988E-5	-7.38742E-5	-7.38751E-1
-1.05224E+0	-1.07571E+0	2.99920E+2	9.99988E-5	-7.38433E-5	-7.38442E-1
-1.03275E+0	-1.05650E+0	2.99904E+2	9.99987E-5	-7.39754E-5	-7.39764E-1
-1.01379E+0	-1.03698E+0	2.99889E+2	9.99987E-5	-7.39932E-5	-7.39942E-1
-9.94389E-1	-1.01751E+0	2.99876E+2	9.99988E-5	-7.40283E-5	-7.40292E-1
-9.73707E-1	-9.98140E-1	2.99859E+2	9.99987E-5	-7.41033E-5	-7.41042E-1
-9.54814E-1	-9.78281E-1	2.99840E+2	9.99987E-5	-7.39709E-5	-7.39718E-1
-9.35837E-1	-9.58201E-1	2.99823E+2	9.99987E-5	-7.39513E-5	-7.39523E-1
-9.15514E-1	-9.38323E-1	2.99806E+2	9.99987E-5	-7.40941E-5	-7.40950E-1
-8.96453E-1	-9.18590E-1	2.99787E+2	9.99988E-5	-7.41652E-5	-7.41661E-1
-8.77509E-1	-8.98832E-1	2.99767E+2	9.99987E-5	-7.39932E-5	-7.39941E-1
-8.57123E-1	-8.79360E-1	2.99747E+2	9.99987E-5	-7.39312E-5	-7.39321E-1
-8.37852E-1	-8.60105E-1	2.99727E+2	9.99987E-5	-7.40780E-5	-7.40790E-1
-8.18421E-1	-8.40586E-1	2.99706E+2	9.99987E-5	-7.41706E-5	-7.41716E-1
-7.98511E-1	-8.21222E-1	2.99684E+2	9.99987E-5	-7.40287E-5	-7.40296E-1
-7.79541E-1	-8.02192E-1	2.99664E+2	9.99986E-5	-7.40123E-5	-7.40134E-1
-7.59837E-1	-7.83153E-1	2.99643E+2	9.99986E-5	-7.41087E-5	-7.41097E-1
-7.40190E-1	-7.63906E-1	2.99620E+2	9.99986E-5	-7.39748E-5	-7.39758E-1
-7.20865E-1	-7.44853E-1	2.99600E+2	9.99986E-5	-7.40457E-5	-7.40467E-1
-7.01081E-1	-7.25904E-1	2.99578E+2	9.99986E-5	-7.40488E-5	-7.40498E-1
-6.81590E-1	-7.06871E-1	2.99555E+2	9.99987E-5	-7.40720E-5	-7.40729E-1
-6.62268E-1	-6.87930E-1	2.99534E+2	9.99987E-5	-7.41014E-5	-7.41023E-1
-6.42504E-1	-6.69010E-1	2.99513E+2	9.99987E-5	-7.40986E-5	-7.40995E-1
-6.23067E-1	-6.49991E-1	2.99490E+2	9.99988E-5	-7.41122E-5	-7.41132E-1
-6.04029E-1	-6.31042E-1	2.99468E+2	9.99988E-5	-7.41028E-5	-7.41037E-1
-5.84004E-1	-6.12193E-1	2.99448E+2	9.99987E-5	-7.41408E-5	-7.41417E-1
-5.64290E-1	-5.93209E-1	2.99427E+2	9.99987E-5	-7.41680E-5	-7.41690E-1
-5.44895E-1	-5.74286E-1	2.99406E+2	9.99987E-5	-7.40888E-5	-7.40897E-1
-5.25745E-1	-5.55381E-1	2.99387E+2	9.99987E-5	-7.40673E-5	-7.40683E-1
-5.06576E-1	-5.36403E-1	2.99366E+2	9.99987E-5	-7.41506E-5	-7.41515E-1
-4.86541E-1	-5.17414E-1	2.99346E+2	9.99986E-5	-7.41961E-5	-7.41971E-1
-4.66310E-1	-4.98287E-1	2.99326E+2	9.99987E-5	-7.41226E-5	-7.41236E-1
-4.46638E-1	-4.79186E-1	2.99306E+2	9.99987E-5	-7.40202E-5	-7.40211E-1
-4.27851E-1	-4.60239E-1	2.99288E+2	9.99987E-5	-7.40633E-5	-7.40642E-1
-4.08738E-1	-4.41250E-1	2.99270E+2	9.99988E-5	-7.41221E-5	-7.41230E-1
-3.88466E-1	-4.22087E-1	2.99252E+2	9.99987E-5	-7.41371E-5	-7.41381E-1
-3.68230E-1	-4.02702E-1	2.99235E+2	9.99987E-5	-7.40942E-5	-7.40951E-1
-3.49723E-1	-3.83402E-1	2.99217E+2	9.99987E-5	-7.41153E-5	-7.41162E-1
-3.30306E-1	-3.63828E-1	2.99200E+2	9.99988E-5	-7.41485E-5	-7.41494E-1
-3.10422E-1	-3.44260E-1	2.99184E+2	9.99988E-5	-7.41598E-5	-7.41607E-1
-2.91242E-1	-3.25059E-1	2.99169E+2	9.99988E-5	-7.41726E-5	-7.41735E-1
-2.72181E-1	-3.05817E-1	2.99153E+2	9.99988E-5	-7.41471E-5	-7.41480E-1
-2.52202E-1	-2.86535E-1	2.99139E+2	9.99987E-5	-7.41353E-5	-7.41363E-1
-2.32591E-1	-2.67166E-1	2.99126E+2	9.99988E-5	-7.40940E-5	-7.40949E-1
-2.12939E-1	-2.47693E-1	2.99112E+2	9.99988E-5	-7.41208E-5	-7.41218E-1
-1.93292E-1	-2.28127E-1	2.99099E+2	9.99987E-5	-7.41638E-5	-7.41648E-1
-1.74061E-1	-2.08309E-1	2.99087E+2	9.99987E-5	-7.41841E-5	-7.41851E-1
-1.54494E-1	-1.88464E-1	2.99073E+2	9.99988E-5	-7.41524E-5	-7.41533E-1
-1.34769E-1	-1.68758E-1	2.99062E+2	9.99988E-5	-7.41311E-5	-7.41319E-1
-1.15479E-1	-1.49146E-1	2.99052E+2	9.99987E-5	-7.41578E-5	-7.41587E-1
-9.61630E-2	-1.29513E-1	2.99040E+2	9.99986E-5	-7.41450E-5	-7.41460E-1
-7.66426E-2	-1.09424E-1	2.99028E+2	9.99987E-5	-7.41413E-5	-7.41423E-1
-5.71461E-2	-8.94011E-2	2.99018E+2	9.99988E-5	-7.41599E-5	-7.41608E-1
-3.78946E-2	-6.97804E-2	2.99009E+2	9.99987E-5	-7.41650E-5	-7.41660E-1
-1.82677E-2	-5.01850E-2	2.99001E+2	9.99988E-5	-7.41815E-5	-7.41825E-1
-4.56216E-3	-3.18614E-2	2.98994E+2	9.99988E-5	-7.42055E-5	-7.42064E-1
-7.14106E-4	-1.75843E-2	2.98987E+2	9.99987E-5	-7.42279E-5	-7.42289E-1
-9.50000E-4	-8.58541E-3	2.98979E+2	9.99987E-5	-7.42119E-5	-7.42129E-1
-6.37432E-4	-3.29857E-3	2.98973E+2	9.99987E-5	-7.41906E-5	-7.41916E-1
-4.70000E-4	-4.97608E-4	2.98966E+2	9.99987E-5	-7.41946E-5	-7.41955E-1
-4.70000E-4	8.09780E-4	2.98961E+2	9.99987E-5	-7.42214E-5	-7.42224E-1
9.73730E-3	1.98914E-3	2.98957E+2	9.99986E-5	-7.42377E-5	-7.42387E-1
2.56173E-2	6.40622E-3	2.98952E+2	9.99987E-5	-7.42154E-5	-7.42164E-1
4.52319E-2	1.72571E-2	2.98948E+2	9.99987E-5	-7.42106E-5	-7.42116E-1
6.49125E-2	3.24591E-2	2.98945E+2	9.99987E-5	-7.42200E-5	-7.42210E-1
8.46888E-2	4.91184E-2	2.98943E+2	9.99986E-5	-7.42291E-5	-7.42301E-1
1.03882E-1	6.70871E-2	2.98942E+2	9.99986E-5	-7.42344E-5	-7.42354E-1
1.23110E-1	8.65713E-2	2.98943E+2	9.99986E-5	-7.42352E-5	-7.42362E-1
1.42605E-1	1.06487E-1	2.98943E+2	9.99986E-5	-7.42403E-5	-7.42413E-1
1.62097E-1	1.26145E-1	2.98947E+2	9.99986E-5	-7.42302E-5	-7.42312E-1
1.81981E-1	1.45595E-1	2.98950E+2	9.99986E-5	-7.42451E-5	-7.42462E-1
2.01013E-1	1.64404E-1	2.98956E+2	9.99986E-5	-7.42636E-5	-7.42646E-1
2.20845E-1	1.82553E-1	2.98963E+2	9.99987E-5	-7.42585E-5	-7.42594E-1
2.40657E-1	2.00479E-1	2.98967E+2	9.99987E-5	-7.42862E-5	-7.42872E-1
2.59850E-1	2.18869E-1	2.98974E+2	9.99987E-5	-7.42783E-5	-7.42792E-1
2.79493E-1	2.37696E-1	2.98979E+2	9.99988E-5	-7.42816E-5	-7.42825E-1
2.98917E-1	2.56768E-1	2.98987E+2	9.99987E-5	-7.43208E-5	-7.43218E-1
3.18268E-1	2.75951E-1	2.98995E+2	9.99988E-5	-7.43338E-5	-7.43347E-1
3.38058E-1	2.95174E-1	2.98999E+2	9.99988E-5	-7.42780E-5	-7.42789E-1
3.57467E-1	3.14509E-1	2.99005E+2	9.99988E-5	-7.42265E-5	-7.42274E-1
3.77326E-1	3.33700E-1	2.99010E+2	9.99988E-5	-7.42342E-5	-7.42352E-1
3.96997E-1	3.53024E-1	2.99016E+2	9.99986E-5	-7.42702E-5	-7.42712E-1
4.16333E-1	3.72244E-1	2.99020E+2	9.99986E-5	-7.43243E-5	-7.43253E-1
4.35833E-1	3.91002E-1	2.99022E+2	9.99988E-5	-7.43424E-5	-7.43433E-1
4.55336E-1	4.09722E-1	2.99028E+2	9.99988E-5	-7.42989E-5	-7.42998E-1
4.75100E-1	4.28954E-1	2.99032E+2	9.99987E-5	-7.42846E-5	-7.42855E-1
4.94330E-1	4.46450E-1	2.99034E+2	9.99988E-5	-7.43274E-5	-7.43283E-1
5.13909E-1	4.64639E-1	2.99036E+2	9.99988E-5	-7.42975E-5	-7.42984E-1
5.33550E-1	4.84844E-1	2.99038E+2	9.99987E-5	-7.42900E-5	-7.42909E-1
5.52736E-1	5.04351E-1	2.99041E+2	9.99987E-5	-7.43188E-5	-7.43197E-1
5.72368E-1	5.23474E-1	2.99042E+2	9.99987E-5	-7.43273E-5	-7.43282E-1
5.91747E-1	5.42393E-1	2.99044E+2	9.99988E-5	-7.43537E-5	-7.43546E-1
6.11105E-1	5.61063E-1	2.99044E+2	9.99987E-5	-7.42614E-5	-7.42624E-1
6.30912E-1	5.79720E-1	2.99046E+2	9.99987E-5	-7.43640E-5	-7.43649E-1
6.50897E-1	5.98628E-1	2.99048E+2	9.99988E-5	-7.44853E-5	-7.44862E-1
6.70537E-1	6.17310E-1	2.99050E+2	9.99987E-5	-7.44352E-5	-7.44361E-1
6.88988E-1	6.36030E-1	2.99054E+2	9.99986E-5	-7.43842E-5	-7.43852E-1
7.08462E-1	6.54976E-1	2.99056E+2	9.99987E-5	-7.42942E-5	-7.42952E-1
7.28931E-1	6.73727E-1	2.99058E+2	9.99987E-5	-7.43528E-5	-7.43537E-1
7.48208E-1	6.92419E-1	2.99060E+2	9.99987E-5	-7.43922E-5	-7.43932E-1
7.67482E-1	7.11250E-1	2.99062E+2	9.99987E-5	-7.43617E-5	-7.43627E-1
7.87225E-1	7.30190E-1	2.99066E+2	9.99987E-5	-7.43595E-5	-7.43604E-1
8.06242E-1	7.49199E-1	2.99072E+2	9.99986E-5	-7.43627E-5	-7.43637E-1
8.25739E-1	7.68404E-1	2.99076E+2	9.99986E-5	-7.44099E-5	-7.44109E-1
8.46065E-1	7.87662E-1	2.99079E+2	9.99987E-5	-7.43511E-5	-7.43521E-1
8.65220E-1	8.06792E-1	2.99084E+2	9.99986E-5	-7.43844E-5	-7.43854E-1
8.84673E-1	8.25959E-1	2.99090E+2	9.99986E-5	-7.44330E-5	-7.44340E-1
9.03806E-1	8.45117E-1	2.99095E+2	9.99986E-5	-7.43409E-5	-7.43419E-1
9.23295E-1	8.64401E-1	2.99100E+2	9.99987E-5	-7.43382E-5	-7.43392E-1
9.43547E-1	8.83788E-1	2.99105E+2	9.99987E-5	-7.44180E-5	-7.44190E-1
9.62577E-1	9.03384E-1	2.99111E+2	9.99987E-5	-7.45395E-5	-7.45405E-1
9.82045E-1	9.23081E-1	2.99118E+2	9.99987E-5	-7.44849E-5	-7.44858E-1
1.00222E+0	9.42683E-1	2.99125E+2	9.99988E-5	-7.43711E-5	-7.43720E-1
1.02170E+0	9.62563E-1	2.99131E+2	9.99987E-5	-7.45093E-5	-7.45102E-1
1.04103E+0	9.82461E-1	2.99137E+2	9.99986E-5	-7.45162E-5	-7.45172E-1
1.06079E+0	1.00217E+0	2.99144E+2	9.99986E-5	-7.44428E-5	-7.44438E-1
1.08001E+0	1.02178E+0	2.99153E+2	9.99987E-5	-7.45265E-5	-7.45275E-1
1.09955E+0	1.04101E+0	2.99161E+2	9.99987E-5	-7.45136E-5	-7.45146E-1
1.11957E+0	1.05991E+0	2.99168E+2	9.99987E-5	-7.45025E-5	-7.45035E-1
1.13887E+0	1.07891E+0	2.99176E+2	9.99987E-5	-7.45369E-5	-7.45378E-1
1.15814E+0	1.09794E+0	2.99182E+2	9.99987E-5	-7.45135E-5	-7.45144E-1
1.17733E+0	1.11696E+0	2.99190E+2	9.99987E-5	-7.45096E-5	-7.45105E-1
1.19698E+0	1.13594E+0	2.99200E+2	9.99987E-5	-7.45108E-5	-7.45118E-1
1.21674E+0	1.15490E+0	2.99209E+2	9.99986E-5	-7.45215E-5	-7.45225E-1
1.23627E+0	1.17402E+0	2.99218E+2	9.99987E-5	-7.45385E-5	-7.45394E-1
1.25550E+0	1.19314E+0	2.99227E+2	9.99988E-5	-7.45326E-5	-7.45335E-1
1.27544E+0	1.21212E+0	2.99234E+2	9.99988E-5	-7.44186E-5	-7.44195E-1
1.29446E+0	1.23105E+0	2.99243E+2	9.99988E-5	-7.44310E-5	-7.44319E-1
1.31405E+0	1.25008E+0	2.99253E+2	9.99988E-5	-7.45699E-5	-7.45708E-1
1.33388E+0	1.26925E+0	2.99261E+2	9.99987E-5	-7.45978E-5	-7.45987E-1
1.35347E+0	1.28843E+0	2.99271E+2	9.99988E-5	-7.46015E-5	-7.46025E-1
1.37269E+0	1.30755E+0	2.99280E+2	9.99988E-5	-7.45329E-5	-7.45338E-1
1.39201E+0	1.32661E+0	2.99288E+2	9.99988E-5	-7.46746E-5	-7.46755E-1
1.41183E+0	1.34552E+0	2.99299E+2	9.99988E-5	-7.46584E-5	-7.46593E-1
1.43156E+0	1.36468E+0	2.99309E+2	9.99987E-5	-7.45694E-5	-7.45704E-1
1.45043E+0	1.38385E+0	2.99314E+2	9.99988E-5	-7.44283E-5	-7.44293E-1
1.47031E+0	1.40281E+0	2.99323E+2	9.99988E-5	-7.42831E-5	-7.42841E-1
1.49047E+0	1.42196E+0	2.99333E+2	9.99987E-5	-7.43505E-5	-7.43514E-1
1.50943E+0	1.44103E+0	2.99340E+2	9.99988E-5	-7.45001E-5	-7.45010E-1
1.52900E+0	1.45998E+0	2.99350E+2	9.99988E-5	-7.46230E-5	-7.46240E-1
1.54795E+0	1.47924E+0	2.99358E+2	9.99987E-5	-7.46368E-5	-7.46378E-1
1.56728E+0	1.49845E+0	2.99366E+2	9.99987E-5	-7.46353E-5	-7.46363E-1
1.58750E+0	1.51747E+0	2.99374E+2	9.99986E-5	-7.47469E-5	-7.47479E-1
1.60718E+0	1.53650E+0	2.99383E+2	9.99986E-5	-7.47199E-5	-7.47209E-1
1.62668E+0	1.55553E+0	2.99390E+2	9.99987E-5	-7.44994E-5	-7.45004E-1
1.64647E+0	1.57482E+0	2.99396E+2	9.99988E-5	-7.43555E-5	-7.43564E-1
1.66497E+0	1.59416E+0	2.99405E+2	9.99987E-5	-7.42716E-5	-7.42726E-1
1.68438E+0	1.61328E+0	2.99413E+2	9.99987E-5	-7.44429E-5	-7.44439E-1
1.70479E+0	1.63237E+0	2.99418E+2	9.99987E-5	-7.44824E-5	-7.44834E-1
1.72405E+0	1.65147E+0	2.99424E+2	9.99987E-5	-7.45760E-5	-7.45769E-1
1.74364E+0	1.67057E+0	2.99432E+2	9.99987E-5	-7.47331E-5	-7.47341E-1
1.76387E+0	1.68975E+0	2.99440E+2	9.99987E-5	-7.46641E-5	-7.46651E-1
1.78318E+0	1.70904E+0	2.99446E+2	9.99987E-5	-7.45456E-5	-7.45466E-1
1.80266E+0	1.72812E+0	2.99451E+2	9.99987E-5	-7.45129E-5	-7.45139E-1
1.82125E+0	1.74721E+0	2.99457E+2	9.99987E-5	-7.44915E-5	-7.44924E-1
1.84061E+0	1.76644E+0	2.99464E+2	9.99986E-5	-7.45458E-5	-7.45468E-1
1.86084E+0	1.78561E+0	2.99469E+2	9.99986E-5	-7.46997E-5	-7.47007E-1
1.87992E+0	1.80479E+0	2.99472E+2	9.99986E-5	-7.47021E-5	-7.47031E-1
1.89968E+0	1.82402E+0	2.99477E+2	9.99986E-5	-7.45095E-5	-7.45105E-1
1.91987E+0	1.84325E+0	2.99484E+2	9.99987E-5	-7.44380E-5	-7.44390E-1
1.93866E+0	1.86240E+0	2.99486E+2	9.99987E-5	-7.46723E-5	-7.46733E-1
1.95849E+0	1.88169E+0	2.99489E+2	9.99987E-5	-7.45754E-5	-7.45764E-1
1.97852E+0	1.90105E+0	2.99495E+2	9.99987E-5	-7.45676E-5	-7.45685E-1
1.99569E+0	1.91998E+0	2.99499E+2	9.99987E-5	-7.46280E-5	-7.46289E-1
2.00181E+0	1.93573E+0	2.99503E+2	9.99988E-5	-7.46031E-5	-7.46040E-1
2.00170E+0	1.94616E+0	2.99507E+2	9.99988E-5	-7.43663E-5	-7.43672E-1
2.00181E+0	1.95232E+0	2.99511E+2	9.99987E-5	-7.41991E-5	-7.42000E-1
2.00200E+0	1.95598E+0	2.99514E+2	9.99987E-5	-7.45048E-5	-7.45058E-1
2.00161E+0	1.95798E+0	2.99516E+2	9.99987E-5	-7.46119E-5	-7.46129E-1
1.99222E+0	1.95867E+0	2.99518E+2	9.99986E-5	-7.48540E-5	-7.48551E-1
1.97611E+0	1.95809E+0	2.99522E+2	9.99987E-5	-7.49062E-5	-7.49072E-1
1.95568E+0	1.95346E+0	2.99525E+2	9.99987E-5	-7.45963E-5	-7.45972E-1
1.93648E+0	1.94182E+0	2.99528E+2	9.99987E-5	-7.45415E-5	-7.45425E-1
1.91699E+0	1.92476E+0	2.99529E+2	9.99986E-5	-7.47030E-5	-7.47040E-1
1.89838E+0	1.90635E+0	2.99532E+2	9.99987E-5	-7.47171E-5	-7.47181E-1
1.87952E+0	1.88754E+0	2.99538E+2	9.99987E-5	-7.47459E-5	-7.47469E-1
1.85887E+0	1.86821E+0	2.99543E+2	9.99987E-5	-7.47737E-5	-7.47747E-1
1.83936E+0	1.84856E+0	2.99548E+2	9.99987E-5	-7.46156E-5	-7.46166E-1
1.82023E+0	1.82905E+0	2.99556E+2	9.99986E-5	-7.47029E-5	-7.47039E-1
1.80021E+0	1.80963E+0	2.99563E+2	9.99987E-5	-7.48323E-5	-7.48333E-1
1.78104E+0	1.79053E+0	2.99570E+2	9.99986E-5	-7.46418E-5	-7.46429E-1
1.76169E+0	1.77146E+0	2.99580E+2	9.99987E-5	-7.45708E-5	-7.45718E-1
1.74171E+0	1.75230E+0	2.99590E+2	9.99987E-5	-7.44549E-5	-7.44559E-1
1.72221E+0	1.73327E+0	2.99601E+2	9.99987E-5	-7.43107E-5	-7.43117E-1
1.70284E+0	1.71393E+0	2.99612E+2	9.99987E-5	-7.45025E-5	-7.45034E-1
1.68251E+0	1.69465E+0	2.99625E+2	9.99987E-5	-7.46521E-5	-7.46531E-1
1.66319E+0	1.67578E+0	2.99638E+2	9.99988E-5	-7.45551E-5	-7.45560E-1
1.64376E+0	1.65672E+0	2.99652E+2	9.99988E-5	-7.44161E-5	-7.44170E-1
1.62411E+0	1.63743E+0	2.99665E+2	9.99988E-5	-7.44911E-5	-7.44920E-1
1.60538E+0	1.61837E+0	2.99677E+2	9.99987E-5	-7.46503E-5	-7.46513E-1
1.58481E+0	1.59932E+0	2.99694E+2	9.99987E-5	-7.46411E-5	-7.46420E-1
1.56610E+0	1.58015E+0	2.99709E+2	9.99987E-5	-7.45393E-5	-7.45402E-1
1.54702E+0	1.56111E+0	2.99722E+2	9.99987E-5	-7.43548E-5	-7.43558E-1
1.52657E+0	1.54211E+0	2.99737E+2	9.99986E-5	-7.43332E-5	-7.43342E-1
1.50760E+0	1.52292E+0	2.99752E+2	9.99987E-5	-7.43664E-5	-7.43674E-1
1.48837E+0	1.50371E+0	2.99765E+2	9.99987E-5	-7.43580E-5	-7.43589E-1
1.46842E+0	1.48459E+0	2.99777E+2	9.99986E-5	-7.44658E-5	-7.44668E-1
1.44943E+0	1.46545E+0	2.99790E+2	9.99987E-5	-7.45488E-5	-7.45497E-1
1.42960E+0	1.44635E+0	2.99803E+2	9.99987E-5	-7.45887E-5	-7.45897E-1
1.40928E+0	1.42737E+0	2.99816E+2	9.99987E-5	-7.46125E-5	-7.46135E-1
1.39042E+0	1.40833E+0	2.99828E+2	9.99988E-5	-7.45562E-5	-7.45572E-1
1.37092E+0	1.38929E+0	2.99839E+2	9.99987E-5	-7.44628E-5	-7.44637E-1
1.35127E+0	1.37004E+0	2.99850E+2	9.99987E-5	-7.43515E-5	-7.43525E-1
1.33227E+0	1.35073E+0	2.99858E+2	9.99988E-5	-7.45307E-5	-7.45316E-1
1.31238E+0	1.33162E+0	2.99864E+2	9.99987E-5	-7.46886E-5	-7.46895E-1
1.29322E+0	1.31256E+0	2.99869E+2	9.99986E-5	-7.45400E-5	-7.45410E-1
1.27415E+0	1.29354E+0	2.99875E+2	9.99987E-5	-7.44732E-5	-7.44742E-1
1.25350E+0	1.27451E+0	2.99878E+2	9.99987E-5	-7.44493E-5	-7.44503E-1
1.23422E+0	1.25534E+0	2.99881E+2	9.99987E-5	-7.44490E-5	-7.44500E-1
1.21499E+0	1.23629E+0	2.99882E+2	9.99987E-5	-7.43832E-5	-7.43841E-1
1.19556E+0	1.21733E+0	2.99880E+2	9.99987E-5	-7.43731E-5	-7.43740E-1
1.17623E+0	1.19826E+0	2.99879E+2	9.99988E-5	-7.44473E-5	-7.44482E-1
1.15614E+0	1.17921E+0	2.99874E+2	9.99988E-5	-7.44192E-5	-7.44200E-1
1.13654E+0	1.15998E+0	2.99867E+2	9.99987E-5	-7.42852E-5	-7.42862E-1
1.11748E+0	1.14076E+0	2.99863E+2	9.99987E-5	-7.43840E-5	-7.43850E-1
1.09790E+0	1.12160E+0	2.99857E+2	9.99987E-5	-7.45269E-5	-7.45278E-1
1.07869E+0	1.10257E+0	2.99847E+2	9.99986E-5	-7.44136E-5	-7.44146E-1
1.05876E+0	1.08360E+0	2.99837E+2	9.99987E-5	-7.44318E-5	-7.44328E-1
1.03864E+0	1.06451E+0	2.99826E+2	9.99987E-5	-7.45331E-5	-7.45340E-1
1.01942E+0	1.04544E+0	2.99815E+2	9.99987E-5	-7.44456E-5	-7.44466E-1
9.99878E-1	1.02630E+0	2.99801E+2	9.99987E-5	-7.44982E-5	-7.44992E-1
9.79835E-1	1.00677E+0	2.99787E+2	9.99987E-5	-7.43703E-5	-7.43712E-1
9.60645E-1	9.86900E-1	2.99772E+2	9.99987E-5	-7.42671E-5	-7.42681E-1
9.41250E-1	9.66819E-1	2.99755E+2	9.99986E-5	-7.44152E-5	-7.44162E-1
9.22368E-1	9.46890E-1	2.99739E+2	9.99987E-5	-7.44426E-5	-7.44436E-1
9.03155E-1	9.27098E-1	2.99723E+2	9.99987E-5	-7.43871E-5	-7.43881E-1
8.83174E-1	9.07283E-1	2.99703E+2	9.99987E-5	-7.43820E-5	-7.43829E-1
8.63961E-1	8.87700E-1	2.99685E+2	9.99988E-5	-7.43974E-5	-7.43983E-1
8.44226E-1	8.68239E-1	2.99667E+2	9.99987E-5	-7.43936E-5	-7.43946E-1
8.23799E-1	8.48946E-1	2.99644E+2	9.99987E-5	-7.43755E-5	-7.43765E-1
8.04952E-1	8.29558E-1	2.99624E+2	9.99987E-5	-7.44928E-5	-7.44938E-1
7.85739E-1	8.10195E-1	2.99605E+2	9.99987E-5	-7.44296E-5	-7.44306E-1
7.65813E-1	7.90969E-1	2.99583E+2	9.99987E-5	-7.44035E-5	-7.44045E-1
7.46807E-1	7.71855E-1	2.99560E+2	9.99986E-5	-7.43373E-5	-7.43383E-1
7.27204E-1	7.52821E-1	2.99539E+2	9.99986E-5	-7.42686E-5	-7.42696E-1
7.06778E-1	7.33715E-1	2.99516E+2	9.99987E-5	-7.43836E-5	-7.43845E-1
6.87879E-1	7.14646E-1	2.99493E+2	9.99988E-5	-7.43921E-5	-7.43930E-1
6.68223E-1	6.95695E-1	2.99472E+2	9.99988E-5	-7.44133E-5	-7.44142E-1
6.48991E-1	6.76724E-1	2.99450E+2	9.99987E-5	-7.43818E-5	-7.43827E-1
6.29675E-1	6.57695E-1	2.99429E+2	9.99988E-5	-7.43263E-5	-7.43272E-1
6.09392E-1	6.38916E-1	2.99406E+2	9.99987E-5	-7.43078E-5	-7.43088E-1
5.90203E-1	6.20174E-1	2.99383E+2	9.99987E-5	-7.43121E-5	-7.43131E-1
5.70772E-1	6.01322E-1	2.99361E+2	9.99987E-5	-7.42641E-5	-7.42651E-1
5.50567E-1	5.82518E-1	2.99339E+2	9.99986E-5	-7.41914E-5	-7.41924E-1
5.31125E-1	5.63563E-1	2.99317E+2	9.99987E-5	-7.41860E-5	-7.41869E-1
5.12050E-1	5.44680E-1	2.99297E+2	9.99987E-5	-7.42900E-5	-7.42910E-1
4.92492E-1	5.25938E-1	2.99276E+2	9.99987E-5	-7.43743E-5	-7.43753E-1
4.72956E-1	5.07056E-1	2.99253E+2	9.99987E-5	-7.43314E-5	-7.43324E-1
4.53458E-1	4.88148E-1	2.99233E+2	9.99987E-5	-7.42712E-5	-7.42721E-1
4.33971E-1	4.69291E-1	2.99213E+2	9.99987E-5	-7.42903E-5	-7.42912E-1
4.14405E-1	4.50281E-1	2.99193E+2	9.99987E-5	-7.42851E-5	-7.42861E-1
3.94575E-1	4.31252E-1	2.99174E+2	9.99987E-5	-7.42753E-5	-7.42762E-1
3.75140E-1	4.12438E-1	2.99156E+2	9.99987E-5	-7.42701E-5	-7.42711E-1
3.55608E-1	3.93463E-1	2.99137E+2	9.99987E-5	-7.42321E-5	-7.42331E-1
3.35912E-1	3.74188E-1	2.99117E+2	9.99988E-5	-7.42305E-5	-7.42314E-1
3.16629E-1	3.54865E-1	2.99100E+2	9.99987E-5	-7.42214E-5	-7.42224E-1
2.97270E-1	3.35831E-1	2.99083E+2	9.99987E-5	-7.41867E-5	-7.41877E-1
2.77499E-1	3.16892E-1	2.99066E+2	9.99987E-5	-7.41820E-5	-7.41830E-1
2.58002E-1	2.97817E-1	2.99050E+2	9.99988E-5	-7.42031E-5	-7.42040E-1
2.38685E-1	2.78542E-1	2.99035E+2	9.99988E-5	-7.41943E-5	-7.41952E-1
2.19179E-1	2.59236E-1	2.99019E+2	9.99987E-5	-7.42107E-5	-7.42117E-1
1.99624E-1	2.39885E-1	2.99004E+2	9.99987E-5	-7.42264E-5	-7.42274E-1
1.80410E-1	2.20346E-1	2.98991E+2	9.99986E-5	-7.42654E-5	-7.42664E-1
1.61406E-1	2.01035E-1	2.98978E+2	9.99987E-5	-7.42527E-5	-7.42537E-1
1.41616E-1	1.81525E-1	2.98966E+2	9.99987E-5	-7.42074E-5	-7.42083E-1
1.21583E-1	1.61804E-1	2.98954E+2	9.99986E-5	-7.41992E-5	-7.42002E-1
1.02065E-1	1.42345E-1	2.98942E+2	9.99986E-5	-7.41820E-5	-7.41830E-1
8.28019E-2	1.22767E-1	2.98930E+2	9.99987E-5	-7.42167E-5	-7.42177E-1
6.37638E-2	1.03213E-1	2.98919E+2	9.99987E-5	-7.42314E-5	-7.42323E-1
4.39527E-2	8.36102E-2	2.98910E+2	9.99986E-5	-7.42066E-5	-7.42076E-1
2.43082E-2	6.40299E-2	2.98901E+2	9.99987E-5	-7.42072E-5	-7.42081E-1
7.85611E-3	4.51060E-2	2.98892E+2	9.99988E-5	-7.42044E-5	-7.42053E-1
1.23116E-3	2.92561E-2	2.98881E+2	9.99988E-5	-7.41900E-5	-7.41909E-1
9.02921E-4	1.85232E-2	2.98873E+2	9.99987E-5	-7.41819E-5	-7.41829E-1
4.70000E-4	1.22341E-2	2.98867E+2	9.99987E-5	-7.41869E-5	-7.41879E-1
