B_digital_(T)	B_analog_(T)	T_sample_(K)	I_s	V_nv	R_nv
9.50000E-4	-2.73449E-3	2.98593E+2	1.00004E-4	2.99724E-5	2.99711E-1
1.61817E-3	-2.71708E-3	2.98599E+2	1.00004E-4	2.99893E-5	2.99879E-1
1.06192E-2	-2.40749E-3	2.98608E+2	1.00005E-4	3.00229E-5	3.00215E-1
2.33031E-2	-1.24235E-3	2.98616E+2	1.00005E-4	3.00166E-5	3.00153E-1
3.60204E-2	3.08350E-3	2.98624E+2	1.00004E-4	2.99813E-5	2.99800E-1
4.84594E-2	1.32892E-2	2.98634E+2	1.00004E-4	3.00024E-5	3.00011E-1
6.12385E-2	2.70528E-2	2.98642E+2	1.00004E-4	3.00234E-5	3.00220E-1
7.43784E-2	4.09538E-2	2.98650E+2	1.00004E-4	2.99766E-5	2.99753E-1
8.69356E-2	5.45437E-2	2.98659E+2	1.00004E-4	2.99501E-5	2.99487E-1
9.95258E-2	6.78559E-2	2.98668E+2	1.00004E-4	2.99749E-5	2.99735E-1
1.11780E-1	8.08146E-2	2.98677E+2	1.00004E-4	3.00001E-5	2.99988E-1
1.24353E-1	9.35085E-2	2.98686E+2	1.00005E-4	2.99957E-5	2.99943E-1
1.37180E-1	1.06106E-1	2.98696E+2	1.00005E-4	2.99774E-5	2.99760E-1
1.49657E-1	1.18748E-1	2.98705E+2	1.00004E-4	2.99613E-5	2.99600E-1
1.62568E-1	1.31004E-1	2.98712E+2	1.00004E-4	2.99768E-5	2.99754E-1
1.75427E-1	1.43253E-1	2.98719E+2	1.00004E-4	2.99855E-5	2.99842E-1
1.87872E-1	1.55845E-1	2.98726E+2	1.00005E-4	2.99633E-5	2.99619E-1
2.00522E-1	1.68450E-1	2.98733E+2	1.00004E-4	2.99681E-5	2.99668E-1
2.13261E-1	1.80950E-1	2.98741E+2	1.00004E-4	2.99465E-5	2.99452E-1
2.26097E-1	1.93305E-1	2.98748E+2	1.00004E-4	2.99503E-5	2.99489E-1
2.38887E-1	2.05790E-1	2.98755E+2	1.00004E-4	2.99434E-5	2.99421E-1
2.51201E-1	2.18167E-1	2.98762E+2	1.00004E-4	2.99188E-5	2.99175E-1
2.63647E-1	2.30584E-1	2.98767E+2	1.00004E-4	2.99112E-5	2.99098E-1
2.76463E-1	2.43083E-1	2.98771E+2	1.00004E-4	2.99287E-5	2.99274E-1
2.88886E-1	2.55393E-1	2.98776E+2	1.00004E-4	2.99606E-5	2.99592E-1
3.02063E-1	2.67689E-1	2.98780E+2	1.00004E-4	2.99669E-5	2.99656E-1
3.14510E-1	2.79952E-1	2.98785E+2	1.00004E-4	2.99364E-5	2.99351E-1
3.27099E-1	2.92171E-1	2.98789E+2	1.00004E-4	2.98419E-5	2.98406E-1
3.40161E-1	3.04419E-1	2.98794E+2	1.00004E-4	2.98216E-5	2.98202E-1
3.52798E-1	3.16508E-1	2.98797E+2	1.00005E-4	2.98668E-5	2.98654E-1
3.65370E-1	3.28394E-1	2.98801E+2	1.00004E-4	2.98416E-5	2.98403E-1
3.77951E-1	3.40394E-1	2.98805E+2	1.00004E-4	2.98264E-5	2.98251E-1
3.90288E-1	3.52383E-1	2.98808E+2	1.00005E-4	2.99273E-5	2.99259E-1
4.02814E-1	3.64326E-1	2.98810E+2	1.00005E-4	2.99904E-5	2.99890E-1
4.15533E-1	3.76250E-1	2.98811E+2	1.00004E-4	2.99691E-5	2.99677E-1
4.28332E-1	3.88096E-1	2.98814E+2	1.00004E-4	2.98753E-5	2.98739E-1
4.41308E-1	4.00020E-1	2.98817E+2	1.00004E-4	2.99021E-5	2.99007E-1
4.54091E-1	4.12109E-1	2.98821E+2	1.00004E-4	2.99433E-5	2.99420E-1
4.66214E-1	4.24579E-1	2.98822E+2	1.00005E-4	2.98258E-5	2.98244E-1
4.78995E-1	4.36987E-1	2.98823E+2	1.00005E-4	2.98228E-5	2.98215E-1
4.91769E-1	4.49161E-1	2.98823E+2	1.00004E-4	2.99042E-5	2.99029E-1
5.04639E-1	4.61221E-1	2.98825E+2	1.00004E-4	2.99713E-5	2.99700E-1
5.17576E-1	4.73320E-1	2.98828E+2	1.00004E-4	2.98095E-5	2.98082E-1
5.29964E-1	4.85439E-1	2.98828E+2	1.00004E-4	2.97235E-5	2.97222E-1
5.42776E-1	4.97486E-1	2.98829E+2	1.00004E-4	2.98648E-5	2.98635E-1
5.55148E-1	5.09655E-1	2.98830E+2	1.00004E-4	2.99560E-5	2.99547E-1
5.67603E-1	5.21792E-1	2.98830E+2	1.00004E-4	2.99119E-5	2.99106E-1
5.80440E-1	5.33833E-1	2.98830E+2	1.00004E-4	2.98991E-5	2.98978E-1
5.92831E-1	5.45823E-1	2.98831E+2	1.00004E-4	2.98637E-5	2.98624E-1
6.05353E-1	5.57857E-1	2.98830E+2	1.00004E-4	2.98476E-5	2.98463E-1
6.18329E-1	5.69946E-1	2.98831E+2	1.00004E-4	2.99133E-5	2.99120E-1
6.30541E-1	5.81959E-1	2.98830E+2	1.00004E-4	2.99497E-5	2.99483E-1
6.43357E-1	5.93924E-1	2.98830E+2	1.00005E-4	3.00099E-5	3.00085E-1
6.56288E-1	6.06035E-1	2.98830E+2	1.00005E-4	2.98884E-5	2.98871E-1
6.68983E-1	6.18195E-1	2.98829E+2	1.00004E-4	2.96539E-5	2.96526E-1
6.81426E-1	6.30249E-1	2.98827E+2	1.00004E-4	2.97322E-5	2.97309E-1
6.93994E-1	6.42309E-1	2.98826E+2	1.00004E-4	2.98044E-5	2.98031E-1
7.06724E-1	6.54349E-1	2.98827E+2	1.00005E-4	2.97136E-5	2.97123E-1
7.19122E-1	6.66422E-1	2.98826E+2	1.00004E-4	2.98045E-5	2.98032E-1
7.31927E-1	6.78598E-1	2.98824E+2	1.00004E-4	2.97901E-5	2.97887E-1
7.44989E-1	6.90819E-1	2.98823E+2	1.00004E-4	2.98094E-5	2.98081E-1
7.57585E-1	7.02962E-1	2.98820E+2	1.00004E-4	2.99521E-5	2.99508E-1
7.70476E-1	7.15093E-1	2.98817E+2	1.00004E-4	2.98063E-5	2.98050E-1
7.83083E-1	7.27266E-1	2.98815E+2	1.00005E-4	2.97695E-5	2.97682E-1
7.95321E-1	7.39502E-1	2.98813E+2	1.00004E-4	2.98271E-5	2.98257E-1
8.08131E-1	7.51704E-1	2.98813E+2	1.00004E-4	2.97676E-5	2.97663E-1
8.21307E-1	7.63881E-1	2.98811E+2	1.00004E-4	2.98410E-5	2.98397E-1
8.33811E-1	7.76138E-1	2.98808E+2	1.00004E-4	2.98265E-5	2.98252E-1
8.45603E-1	7.88405E-1	2.98805E+2	1.00005E-4	2.95870E-5	2.95856E-1
8.58791E-1	8.00731E-1	2.98802E+2	1.00005E-4	2.95917E-5	2.95904E-1
8.71395E-1	8.13184E-1	2.98799E+2	1.00004E-4	2.96791E-5	2.96778E-1
8.84432E-1	8.25525E-1	2.98796E+2	1.00004E-4	2.96223E-5	2.96210E-1
8.96930E-1	8.37889E-1	2.98794E+2	1.00004E-4	2.98311E-5	2.98298E-1
9.09664E-1	8.50431E-1	2.98792E+2	1.00004E-4	2.99852E-5	2.99839E-1
9.22767E-1	8.62868E-1	2.98787E+2	1.00004E-4	2.98434E-5	2.98421E-1
9.35044E-1	8.75274E-1	2.98785E+2	1.00004E-4	2.98380E-5	2.98366E-1
9.47982E-1	8.87761E-1	2.98782E+2	1.00004E-4	2.96686E-5	2.96672E-1
9.60702E-1	9.00447E-1	2.98779E+2	1.00004E-4	2.94774E-5	2.94760E-1
9.72965E-1	9.13212E-1	2.98777E+2	1.00004E-4	2.97285E-5	2.97272E-1
9.85213E-1	9.25886E-1	2.98775E+2	1.00004E-4	2.98100E-5	2.98087E-1
9.96655E-1	9.38323E-1	2.98773E+2	1.00004E-4	2.98334E-5	2.98321E-1
1.00032E+0	9.49063E-1	2.98770E+2	1.00004E-4	2.98490E-5	2.98477E-1
1.00052E+0	9.56658E-1	2.98768E+2	1.00004E-4	2.97296E-5	2.97283E-1
1.00052E+0	9.61482E-1	2.98766E+2	1.00005E-4	2.99158E-5	2.99144E-1
1.00052E+0	9.64085E-1	2.98764E+2	1.00004E-4	2.98370E-5	2.98357E-1
1.00052E+0	9.65344E-1	2.98764E+2	1.00004E-4	2.97142E-5	2.97129E-1
9.98610E-1	9.65956E-1	2.98762E+2	1.00005E-4	2.97347E-5	2.97333E-1
9.89397E-1	9.66119E-1	2.98760E+2	1.00005E-4	2.96957E-5	2.96943E-1
9.76375E-1	9.65623E-1	2.98759E+2	1.00004E-4	2.96561E-5	2.96548E-1
9.63740E-1	9.63816E-1	2.98756E+2	1.00004E-4	2.98042E-5	2.98029E-1
9.51473E-1	9.57979E-1	2.98755E+2	1.00005E-4	2.99227E-5	2.99213E-1
9.38917E-1	9.46653E-1	2.98755E+2	1.00004E-4	2.99912E-5	2.99899E-1
9.26278E-1	9.32989E-1	2.98755E+2	1.00004E-4	3.00247E-5	3.00234E-1
9.13330E-1	9.19156E-1	2.98755E+2	1.00004E-4	2.98296E-5	2.98283E-1
9.00670E-1	9.05763E-1	2.98756E+2	1.00004E-4	2.96605E-5	2.96592E-1
8.88185E-1	8.92871E-1	2.98758E+2	1.00004E-4	2.98368E-5	2.98355E-1
8.75491E-1	8.80249E-1	2.98758E+2	1.00005E-4	2.97811E-5	2.97798E-1
8.62891E-1	8.67672E-1	2.98760E+2	1.00005E-4	2.97504E-5	2.97491E-1
8.50182E-1	8.55213E-1	2.98763E+2	1.00004E-4	2.99310E-5	2.99297E-1
8.37619E-1	8.42811E-1	2.98765E+2	1.00004E-4	3.00011E-5	2.99998E-1
8.24471E-1	8.30418E-1	2.98768E+2	1.00004E-4	2.99821E-5	2.99808E-1
8.12070E-1	8.18110E-1	2.98771E+2	1.00004E-4	2.98595E-5	2.98581E-1
7.99549E-1	8.05681E-1	2.98774E+2	1.00004E-4	2.97901E-5	2.97887E-1
7.86658E-1	7.93385E-1	2.98779E+2	1.00005E-4	2.96993E-5	2.96979E-1
7.74617E-1	7.81180E-1	2.98782E+2	1.00005E-4	2.97132E-5	2.97119E-1
7.61807E-1	7.68859E-1	2.98785E+2	1.00005E-4	2.96688E-5	2.96675E-1
7.48898E-1	7.56585E-1	2.98789E+2	1.00004E-4	2.97312E-5	2.97299E-1
7.36625E-1	7.44330E-1	2.98795E+2	1.00004E-4	2.99356E-5	2.99343E-1
7.23938E-1	7.32066E-1	2.98801E+2	1.00004E-4	2.99682E-5	2.99669E-1
7.11431E-1	7.19948E-1	2.98807E+2	1.00005E-4	2.97529E-5	2.97515E-1
6.98457E-1	7.07817E-1	2.98814E+2	1.00005E-4	2.97267E-5	2.97253E-1
6.85581E-1	6.95524E-1	2.98820E+2	1.00004E-4	2.99262E-5	2.99249E-1
6.73111E-1	6.83308E-1	2.98826E+2	1.00004E-4	3.00007E-5	2.99994E-1
6.60469E-1	6.71239E-1	2.98833E+2	1.00004E-4	2.99082E-5	2.99069E-1
6.48030E-1	6.59162E-1	2.98841E+2	1.00004E-4	2.97390E-5	2.97377E-1
6.35289E-1	6.47074E-1	2.98850E+2	1.00004E-4	2.97937E-5	2.97924E-1
6.22441E-1	6.34850E-1	2.98859E+2	1.00004E-4	2.97656E-5	2.97643E-1
6.09751E-1	6.22626E-1	2.98866E+2	1.00004E-4	2.98513E-5	2.98499E-1
5.96904E-1	6.10542E-1	2.98874E+2	1.00004E-4	3.00117E-5	3.00104E-1
5.83951E-1	5.98479E-1	2.98883E+2	1.00004E-4	2.98936E-5	2.98923E-1
5.71198E-1	5.86475E-1	2.98893E+2	1.00004E-4	2.97940E-5	2.97927E-1
5.59037E-1	5.74345E-1	2.98904E+2	1.00004E-4	2.99226E-5	2.99213E-1
5.46234E-1	5.62219E-1	2.98912E+2	1.00004E-4	3.00292E-5	3.00279E-1
5.33593E-1	5.50113E-1	2.98922E+2	1.00004E-4	2.99873E-5	2.99860E-1
5.21738E-1	5.38068E-1	2.98932E+2	1.00004E-4	2.98799E-5	2.98787E-1
5.08903E-1	5.25962E-1	2.98941E+2	1.00004E-4	2.97867E-5	2.97855E-1
4.95998E-1	5.13835E-1	2.98951E+2	1.00004E-4	2.98694E-5	2.98681E-1
4.83246E-1	5.01797E-1	2.98959E+2	1.00005E-4	2.99332E-5	2.99318E-1
4.70285E-1	4.89756E-1	2.98966E+2	1.00004E-4	2.99045E-5	2.99032E-1
4.57163E-1	4.77592E-1	2.98976E+2	1.00004E-4	2.98716E-5	2.98703E-1
4.44716E-1	4.65448E-1	2.98985E+2	1.00004E-4	2.98748E-5	2.98735E-1
4.32419E-1	4.53429E-1	2.98994E+2	1.00004E-4	2.99262E-5	2.99249E-1
4.19710E-1	4.41333E-1	2.99001E+2	1.00004E-4	2.99908E-5	2.99895E-1
4.07699E-1	4.29072E-1	2.99009E+2	1.00004E-4	2.98904E-5	2.98891E-1
3.94815E-1	4.16793E-1	2.99017E+2	1.00004E-4	2.98050E-5	2.98037E-1
3.81571E-1	4.04760E-1	2.99025E+2	1.00004E-4	2.98785E-5	2.98772E-1
3.69202E-1	3.92632E-1	2.99032E+2	1.00004E-4	2.99862E-5	2.99849E-1
3.56496E-1	3.80349E-1	2.99040E+2	1.00004E-4	2.99476E-5	2.99463E-1
3.43721E-1	3.67767E-1	2.99049E+2	1.00004E-4	2.98830E-5	2.98817E-1
3.30960E-1	3.55358E-1	2.99056E+2	1.00004E-4	2.99201E-5	2.99188E-1
3.18524E-1	3.43228E-1	2.99063E+2	1.00004E-4	3.00025E-5	3.00012E-1
3.05753E-1	3.30887E-1	2.99071E+2	1.00004E-4	3.00445E-5	3.00432E-1
2.92865E-1	3.18596E-1	2.99079E+2	1.00004E-4	2.99231E-5	2.99217E-1
2.80463E-1	3.06401E-1	2.99086E+2	1.00005E-4	2.99340E-5	2.99326E-1
2.68009E-1	2.94130E-1	2.99094E+2	1.00004E-4	3.00286E-5	3.00273E-1
2.55092E-1	2.81719E-1	2.99101E+2	1.00004E-4	2.99670E-5	2.99657E-1
2.42373E-1	2.69286E-1	2.99108E+2	1.00004E-4	2.99768E-5	2.99755E-1
2.30059E-1	2.56934E-1	2.99115E+2	1.00004E-4	3.00042E-5	3.00029E-1
2.17622E-1	2.44546E-1	2.99121E+2	1.00004E-4	2.99691E-5	2.99678E-1
2.04695E-1	2.32121E-1	2.99127E+2	1.00005E-4	2.99624E-5	2.99611E-1
1.92128E-1	2.19694E-1	2.99135E+2	1.00004E-4	2.99707E-5	2.99693E-1
1.79420E-1	2.07305E-1	2.99142E+2	1.00004E-4	2.99644E-5	2.99631E-1
1.66485E-1	1.94897E-1	2.99149E+2	1.00005E-4	2.99641E-5	2.99628E-1
1.53727E-1	1.82431E-1	2.99155E+2	1.00004E-4	2.99984E-5	2.99971E-1
1.41461E-1	1.70001E-1	2.99160E+2	1.00004E-4	2.99926E-5	2.99913E-1
1.28847E-1	1.57442E-1	2.99166E+2	1.00004E-4	2.99657E-5	2.99644E-1
1.15955E-1	1.44796E-1	2.99173E+2	1.00005E-4	2.99901E-5	2.99888E-1
1.03350E-1	1.32251E-1	2.99178E+2	1.00005E-4	3.00132E-5	3.00118E-1
9.06536E-2	1.19673E-1	2.99185E+2	1.00004E-4	3.00241E-5	3.00227E-1
7.82588E-2	1.07490E-1	2.99193E+2	1.00004E-4	3.00074E-5	3.00061E-1
6.57165E-2	9.52393E-2	2.99199E+2	1.00005E-4	3.00083E-5	3.00069E-1
5.30506E-2	8.25282E-2	2.99202E+2	1.00005E-4	3.00366E-5	3.00352E-1
4.03117E-2	6.98821E-2	2.99206E+2	1.00004E-4	3.00385E-5	3.00372E-1
2.75570E-2	5.73382E-2	2.99213E+2	1.00004E-4	3.00312E-5	3.00298E-1
1.47699E-2	4.48709E-2	2.99220E+2	1.00004E-4	3.00333E-5	3.00319E-1
3.54165E-3	3.28206E-2	2.99224E+2	1.00004E-4	3.00333E-5	3.00320E-1
4.70000E-4	2.25017E-2	2.99230E+2	1.00004E-4	3.00383E-5	3.00370E-1
4.70000E-4	1.54450E-2	2.99234E+2	1.00004E-4	3.00628E-5	3.00615E-1
4.70000E-4	1.10703E-2	2.99238E+2	1.00004E-4	3.00687E-5	3.00674E-1
4.70000E-4	8.94388E-3	2.99244E+2	1.00004E-4	3.00710E-5	3.00697E-1
4.70000E-4	7.97502E-3	2.99249E+2	1.00004E-4	3.00486E-5	3.00472E-1
-5.92125E-3	7.17349E-3	2.99254E+2	1.00005E-4	3.00428E-5	3.00414E-1
-1.54614E-2	5.36185E-3	2.99258E+2	1.00004E-4	3.00625E-5	3.00612E-1
-2.79142E-2	1.12168E-4	2.99261E+2	1.00004E-4	3.00690E-5	3.00677E-1
-4.10419E-2	-9.45901E-3	2.99265E+2	1.00004E-4	3.00697E-5	3.00683E-1
-5.36498E-2	-2.11577E-2	2.99269E+2	1.00004E-4	3.00817E-5	3.00803E-1
-6.62157E-2	-3.36633E-2	2.99272E+2	1.00005E-4	3.00746E-5	3.00732E-1
-7.87588E-2	-4.59286E-2	2.99276E+2	1.00005E-4	3.00542E-5	3.00528E-1
-9.16998E-2	-5.82020E-2	2.99280E+2	1.00004E-4	3.00614E-5	3.00600E-1
-1.04198E-1	-7.08487E-2	2.99284E+2	1.00004E-4	3.00532E-5	3.00519E-1
-1.16769E-1	-8.34831E-2	2.99289E+2	1.00004E-4	3.00611E-5	3.00598E-1
-1.29449E-1	-9.60625E-2	2.99293E+2	1.00005E-4	3.00646E-5	3.00632E-1
-1.41648E-1	-1.08676E-1	2.99297E+2	1.00005E-4	3.00389E-5	3.00376E-1
-1.54650E-1	-1.21100E-1	2.99302E+2	1.00004E-4	3.00654E-5	3.00641E-1
-1.66991E-1	-1.33385E-1	2.99306E+2	1.00004E-4	3.00902E-5	3.00889E-1
-1.79632E-1	-1.45631E-1	2.99309E+2	1.00004E-4	3.00575E-5	3.00562E-1
-1.92269E-1	-1.57788E-1	2.99311E+2	1.00004E-4	3.00918E-5	3.00906E-1
-2.05169E-1	-1.69730E-1	2.99316E+2	1.00004E-4	3.00993E-5	3.00979E-1
-2.18168E-1	-1.81469E-1	2.99320E+2	1.00004E-4	3.00641E-5	3.00628E-1
-2.31024E-1	-1.93250E-1	2.99322E+2	1.00004E-4	3.00437E-5	3.00424E-1
-2.43509E-1	-2.05223E-1	2.99327E+2	1.00004E-4	3.01076E-5	3.01063E-1
-2.55929E-1	-2.17326E-1	2.99331E+2	1.00004E-4	3.01863E-5	3.01850E-1
-2.68844E-1	-2.29505E-1	2.99332E+2	1.00004E-4	3.01069E-5	3.01056E-1
-2.81680E-1	-2.41863E-1	2.99335E+2	1.00004E-4	3.00945E-5	3.00931E-1
-2.94051E-1	-2.54360E-1	2.99338E+2	1.00004E-4	3.01548E-5	3.01535E-1
-3.06638E-1	-2.66876E-1	2.99342E+2	1.00004E-4	3.01466E-5	3.01452E-1
-3.19528E-1	-2.79510E-1	2.99341E+2	1.00005E-4	3.01156E-5	3.01143E-1
-3.32034E-1	-2.92141E-1	2.99342E+2	1.00005E-4	3.01551E-5	3.01537E-1
-3.44300E-1	-3.04602E-1	2.99347E+2	1.00005E-4	3.02591E-5	3.02577E-1
-3.56913E-1	-3.17169E-1	2.99349E+2	1.00004E-4	3.01997E-5	3.01984E-1
-3.69668E-1	-3.29552E-1	2.99350E+2	1.00004E-4	3.01571E-5	3.01558E-1
-3.82679E-1	-3.41933E-1	2.99351E+2	1.00005E-4	3.02322E-5	3.02308E-1
-3.95120E-1	-3.54355E-1	2.99351E+2	1.00004E-4	3.02379E-5	3.02365E-1
-4.07889E-1	-3.64694E-1	2.99353E+2	1.00004E-4	3.02406E-5	3.02393E-1
-4.20772E-1	-3.75936E-1	2.99355E+2	1.00004E-4	3.02567E-5	3.02554E-1
-4.33620E-1	-3.89730E-1	2.99354E+2	1.00004E-4	3.01695E-5	3.01683E-1
-4.45928E-1	-4.03095E-1	2.99355E+2	1.00004E-4	3.01479E-5	3.01466E-1
-4.58660E-1	-4.16506E-1	2.99355E+2	1.00004E-4	3.02243E-5	3.02230E-1
-4.71537E-1	-4.29377E-1	2.99357E+2	1.00004E-4	3.01374E-5	3.01361E-1
-4.84231E-1	-4.41600E-1	2.99357E+2	1.00004E-4	3.01633E-5	3.01620E-1
-4.96825E-1	-4.53750E-1	2.99357E+2	1.00004E-4	3.02697E-5	3.02683E-1
-5.09355E-1	-4.65926E-1	2.99355E+2	1.00004E-4	3.01445E-5	3.01432E-1
-5.22025E-1	-4.78003E-1	2.99355E+2	1.00004E-4	3.01941E-5	3.01928E-1
-5.34400E-1	-4.89985E-1	2.99355E+2	1.00004E-4	3.03668E-5	3.03655E-1
-5.46934E-1	-5.01889E-1	2.99356E+2	1.00004E-4	3.03261E-5	3.03247E-1
-5.59891E-1	-5.13967E-1	2.99356E+2	1.00004E-4	3.03163E-5	3.03149E-1
-5.71610E-1	-5.26139E-1	2.99355E+2	1.00005E-4	3.03638E-5	3.03624E-1
-5.84503E-1	-5.38147E-1	2.99354E+2	1.00005E-4	3.03909E-5	3.03895E-1
-5.97554E-1	-5.50274E-1	2.99355E+2	1.00004E-4	3.03723E-5	3.03709E-1
-6.10522E-1	-5.62456E-1	2.99356E+2	1.00004E-4	3.02597E-5	3.02584E-1
-6.23320E-1	-5.74535E-1	2.99354E+2	1.00004E-4	3.01410E-5	3.01397E-1
-6.35825E-1	-5.86580E-1	2.99354E+2	1.00004E-4	3.01418E-5	3.01404E-1
-6.48341E-1	-5.98636E-1	2.99355E+2	1.00005E-4	3.02367E-5	3.02353E-1
-6.61012E-1	-6.10761E-1	2.99354E+2	1.00004E-4	3.02859E-5	3.02845E-1
-6.73993E-1	-6.22928E-1	2.99355E+2	1.00004E-4	3.02019E-5	3.02006E-1
-6.86221E-1	-6.35080E-1	2.99355E+2	1.00004E-4	3.02275E-5	3.02261E-1
-6.98992E-1	-6.47313E-1	2.99353E+2	1.00004E-4	3.01874E-5	3.01861E-1
-7.12231E-1	-6.59596E-1	2.99353E+2	1.00005E-4	3.02091E-5	3.02077E-1
-7.23985E-1	-6.71697E-1	2.99355E+2	1.00005E-4	3.03589E-5	3.03575E-1
-7.37055E-1	-6.83723E-1	2.99355E+2	1.00004E-4	3.02826E-5	3.02812E-1
-7.49597E-1	-6.95877E-1	2.99354E+2	1.00005E-4	3.02283E-5	3.02269E-1
-7.62813E-1	-7.08186E-1	2.99355E+2	1.00005E-4	3.03186E-5	3.03173E-1
-7.75089E-1	-7.20422E-1	2.99354E+2	1.00004E-4	3.04222E-5	3.04208E-1
-7.87627E-1	-7.32653E-1	2.99353E+2	1.00004E-4	3.04830E-5	3.04817E-1
-8.00553E-1	-7.44845E-1	2.99355E+2	1.00004E-4	3.04513E-5	3.04500E-1
-8.12902E-1	-7.57045E-1	2.99354E+2	1.00004E-4	3.04001E-5	3.03988E-1
-8.25777E-1	-7.69276E-1	2.99354E+2	1.00004E-4	3.03611E-5	3.03598E-1
-8.38353E-1	-7.81485E-1	2.99354E+2	1.00004E-4	3.03722E-5	3.03709E-1
-8.51091E-1	-7.93876E-1	2.99354E+2	1.00004E-4	3.03398E-5	3.03385E-1
-8.63820E-1	-8.06185E-1	2.99356E+2	1.00004E-4	3.01913E-5	3.01899E-1
-8.75421E-1	-8.18362E-1	2.99359E+2	1.00004E-4	3.02473E-5	3.02459E-1
-8.88490E-1	-8.30775E-1	2.99358E+2	1.00004E-4	3.04467E-5	3.04453E-1
-9.01049E-1	-8.43172E-1	2.99358E+2	1.00004E-4	3.04217E-5	3.04204E-1
-9.14154E-1	-8.55497E-1	2.99357E+2	1.00004E-4	3.02204E-5	3.02190E-1
-9.27019E-1	-8.67980E-1	2.99358E+2	1.00004E-4	3.02225E-5	3.02211E-1
-9.39903E-1	-8.80535E-1	2.99358E+2	1.00005E-4	3.01994E-5	3.01980E-1
-9.52701E-1	-8.93104E-1	2.99357E+2	1.00005E-4	3.01069E-5	3.01055E-1
-9.64372E-1	-9.05584E-1	2.99358E+2	1.00004E-4	3.03394E-5	3.03381E-1
-9.76776E-1	-9.18120E-1	2.99358E+2	1.00005E-4	3.04397E-5	3.04383E-1
-9.90141E-1	-9.30870E-1	2.99359E+2	1.00005E-4	3.01272E-5	3.01258E-1
-9.97638E-1	-9.42982E-1	2.99360E+2	1.00004E-4	3.00306E-5	3.00293E-1
-1.00052E+0	-9.52495E-1	2.99359E+2	1.00004E-4	3.00465E-5	3.00452E-1
-1.00052E+0	-9.58882E-1	2.99359E+2	1.00004E-4	3.01016E-5	3.01003E-1
-1.00018E+0	-9.62940E-1	2.99361E+2	1.00004E-4	3.02864E-5	3.02851E-1
-1.00038E+0	-9.65132E-1	2.99360E+2	1.00004E-4	3.03489E-5	3.03476E-1
-9.99688E-1	-9.66164E-1	2.99361E+2	1.00004E-4	3.04551E-5	3.04537E-1
-9.92941E-1	-9.66538E-1	2.99363E+2	1.00004E-4	3.05909E-5	3.05895E-1
-9.80939E-1	-9.66216E-1	2.99363E+2	1.00005E-4	3.04246E-5	3.04232E-1
-9.68110E-1	-9.64823E-1	2.99363E+2	1.00004E-4	3.02737E-5	3.02724E-1
-9.55132E-1	-9.60097E-1	2.99363E+2	1.00004E-4	3.03064E-5	3.03051E-1
-9.42715E-1	-9.49932E-1	2.99363E+2	1.00005E-4	3.02069E-5	3.02055E-1
-9.30314E-1	-9.36724E-1	2.99364E+2	1.00005E-4	3.02168E-5	3.02154E-1
-9.16991E-1	-9.23074E-1	2.99364E+2	1.00004E-4	3.02436E-5	3.02423E-1
-9.04062E-1	-9.09598E-1	2.99364E+2	1.00004E-4	3.01573E-5	3.01560E-1
-8.92105E-1	-8.96612E-1	2.99363E+2	1.00005E-4	3.02764E-5	3.02751E-1
-8.79331E-1	-8.83839E-1	2.99364E+2	1.00004E-4	3.02547E-5	3.02534E-1
-8.66365E-1	-8.71329E-1	2.99365E+2	1.00005E-4	3.01921E-5	3.01907E-1
-8.53653E-1	-8.58998E-1	2.99365E+2	1.00005E-4	3.03238E-5	3.03224E-1
-8.40848E-1	-8.46688E-1	2.99366E+2	1.00004E-4	3.03636E-5	3.03623E-1
-8.28513E-1	-8.34233E-1	2.99367E+2	1.00004E-4	3.03179E-5	3.03165E-1
-8.15740E-1	-8.21799E-1	2.99368E+2	1.00005E-4	3.02522E-5	3.02508E-1
-8.03738E-1	-8.09525E-1	2.99368E+2	1.00005E-4	3.02514E-5	3.02500E-1
-7.90898E-1	-7.97363E-1	2.99370E+2	1.00004E-4	3.01867E-5	3.01853E-1
-7.77814E-1	-7.85105E-1	2.99372E+2	1.00004E-4	3.02377E-5	3.02364E-1
-7.65036E-1	-7.72758E-1	2.99372E+2	1.00005E-4	3.03889E-5	3.03875E-1
-7.52528E-1	-7.60651E-1	2.99372E+2	1.00005E-4	3.02636E-5	3.02622E-1
-7.40160E-1	-7.48535E-1	2.99374E+2	1.00004E-4	3.03507E-5	3.03493E-1
-7.27286E-1	-7.36327E-1	2.99375E+2	1.00005E-4	3.04456E-5	3.04443E-1
-7.14985E-1	-7.24123E-1	2.99376E+2	1.00005E-4	3.03327E-5	3.03313E-1
-7.02141E-1	-7.11961E-1	2.99378E+2	1.00004E-4	3.02044E-5	3.02031E-1
-6.89035E-1	-6.99684E-1	2.99379E+2	1.00004E-4	3.01852E-5	3.01839E-1
-6.76679E-1	-6.87501E-1	2.99381E+2	1.00004E-4	3.02046E-5	3.02032E-1
-6.63869E-1	-6.75315E-1	2.99383E+2	1.00005E-4	3.02418E-5	3.02404E-1
-6.51664E-1	-6.63100E-1	2.99385E+2	1.00004E-4	3.03325E-5	3.03311E-1
-6.39026E-1	-6.50957E-1	2.99385E+2	1.00005E-4	3.02118E-5	3.02104E-1
-6.26021E-1	-6.38727E-1	2.99386E+2	1.00004E-4	3.02202E-5	3.02189E-1
-6.13879E-1	-6.26591E-1	2.99388E+2	1.00004E-4	3.03388E-5	3.03375E-1
-6.01216E-1	-6.14545E-1	2.99389E+2	1.00004E-4	3.04108E-5	3.04094E-1
-5.88739E-1	-6.02315E-1	2.99392E+2	1.00005E-4	3.02912E-5	3.02898E-1
-5.75820E-1	-5.90032E-1	2.99393E+2	1.00005E-4	3.01259E-5	3.01245E-1
-5.62732E-1	-5.77953E-1	2.99393E+2	1.00004E-4	3.01548E-5	3.01534E-1
-5.49570E-1	-5.65857E-1	2.99396E+2	1.00004E-4	3.00688E-5	3.00674E-1
-5.37231E-1	-5.53601E-1	2.99396E+2	1.00004E-4	3.00434E-5	3.00421E-1
-5.24822E-1	-5.41385E-1	2.99396E+2	1.00005E-4	3.00944E-5	3.00931E-1
-5.11820E-1	-5.29306E-1	2.99397E+2	1.00004E-4	3.01681E-5	3.01668E-1
-4.99738E-1	-5.17087E-1	2.99399E+2	1.00005E-4	3.01834E-5	3.01821E-1
-4.86805E-1	-5.04786E-1	2.99399E+2	1.00005E-4	3.01785E-5	3.01771E-1
-4.73961E-1	-4.92586E-1	2.99402E+2	1.00005E-4	3.02622E-5	3.02609E-1
-4.61790E-1	-4.80464E-1	2.99403E+2	1.00004E-4	3.02250E-5	3.02237E-1
-4.48812E-1	-4.68200E-1	2.99405E+2	1.00004E-4	3.01498E-5	3.01484E-1
-4.36397E-1	-4.55909E-1	2.99406E+2	1.00004E-4	3.01709E-5	3.01696E-1
-4.23747E-1	-4.43773E-1	2.99405E+2	1.00004E-4	3.01163E-5	3.01150E-1
-4.11020E-1	-4.31480E-1	2.99406E+2	1.00005E-4	3.01640E-5	3.01626E-1
-3.98278E-1	-4.19181E-1	2.99407E+2	1.00005E-4	3.02435E-5	3.02422E-1
-3.86014E-1	-4.06942E-1	2.99407E+2	1.00004E-4	3.02342E-5	3.02329E-1
-3.73442E-1	-3.94501E-1	2.99409E+2	1.00004E-4	3.01846E-5	3.01833E-1
-3.60150E-1	-3.82034E-1	2.99408E+2	1.00004E-4	3.01468E-5	3.01455E-1
-3.47449E-1	-3.69353E-1	2.99409E+2	1.00005E-4	3.00917E-5	3.00903E-1
-3.34686E-1	-3.56721E-1	2.99409E+2	1.00005E-4	3.00671E-5	3.00657E-1
-3.22183E-1	-3.44453E-1	2.99410E+2	1.00004E-4	3.01465E-5	3.01451E-1
-3.09938E-1	-3.32115E-1	2.99409E+2	1.00004E-4	3.01780E-5	3.01767E-1
-2.97079E-1	-3.19614E-1	2.99409E+2	1.00004E-4	3.01655E-5	3.01641E-1
-2.84434E-1	-3.07133E-1	2.99409E+2	1.00004E-4	3.02247E-5	3.02234E-1
-2.71656E-1	-2.94711E-1	2.99409E+2	1.00004E-4	3.02336E-5	3.02323E-1
-2.58821E-1	-2.82300E-1	2.99408E+2	1.00004E-4	3.02005E-5	3.01992E-1
-2.46506E-1	-2.69803E-1	2.99409E+2	1.00004E-4	3.01821E-5	3.01808E-1
-2.33833E-1	-2.57237E-1	2.99408E+2	1.00004E-4	3.01543E-5	3.01529E-1
-2.21026E-1	-2.44656E-1	2.99407E+2	1.00004E-4	3.01321E-5	3.01307E-1
-2.08413E-1	-2.32177E-1	2.99407E+2	1.00004E-4	3.01343E-5	3.01330E-1
-1.96238E-1	-2.19702E-1	2.99406E+2	1.00004E-4	3.01327E-5	3.01313E-1
-1.83582E-1	-2.07079E-1	2.99404E+2	1.00004E-4	3.01427E-5	3.01414E-1
-1.70251E-1	-1.94397E-1	2.99403E+2	1.00004E-4	3.01464E-5	3.01450E-1
-1.57653E-1	-1.81709E-1	2.99402E+2	1.00005E-4	3.01363E-5	3.01349E-1
-1.45075E-1	-1.69174E-1	2.99400E+2	1.00005E-4	3.01468E-5	3.01454E-1
-1.32484E-1	-1.56634E-1	2.99400E+2	1.00004E-4	3.01554E-5	3.01540E-1
-1.19830E-1	-1.43991E-1	2.99400E+2	1.00004E-4	3.01105E-5	3.01091E-1
-1.07607E-1	-1.31351E-1	2.99399E+2	1.00004E-4	3.01424E-5	3.01411E-1
-9.48805E-2	-1.18709E-1	2.99397E+2	1.00004E-4	3.01728E-5	3.01715E-1
-8.13099E-2	-1.06181E-1	2.99396E+2	1.00004E-4	3.01512E-5	3.01498E-1
-6.84272E-2	-9.34789E-2	2.99394E+2	1.00004E-4	3.01302E-5	3.01289E-1
-5.60475E-2	-8.07468E-2	2.99394E+2	1.00004E-4	3.01210E-5	3.01197E-1
-4.37940E-2	-6.82074E-2	2.99394E+2	1.00004E-4	3.01101E-5	3.01088E-1
-3.14573E-2	-5.54547E-2	2.99392E+2	1.00005E-4	3.00947E-5	3.00933E-1
-1.89060E-2	-4.27910E-2	2.99391E+2	1.00005E-4	3.00958E-5	3.00944E-1
-7.04865E-3	-3.05501E-2	2.99389E+2	1.00005E-4	3.01003E-5	3.00990E-1
-1.63921E-3	-1.94862E-2	2.99388E+2	1.00004E-4	3.00962E-5	3.00949E-1
-1.17901E-3	-1.14236E-2	2.99386E+2	1.00004E-4	3.00887E-5	3.00874E-1
-9.50000E-4	-6.31772E-3	2.99384E+2	1.00004E-4	3.00828E-5	3.00815E-1
-4.54919E-4	-3.63226E-3	2.99382E+2	1.00004E-4	3.00914E-5	3.00901E-1
-2.55199E-4	-2.43715E-3	2.99381E+2	1.00004E-4	3.00883E-5	3.00870E-1
5.71322E-4	-1.71358E-3	2.99380E+2	1.00005E-4	3.00867E-5	3.00853E-1
8.99343E-3	-6.95565E-4	2.99379E+2	1.00005E-4	3.00869E-5	3.00855E-1
2.14775E-2	2.49942E-3	2.99378E+2	1.00005E-4	3.00724E-5	3.00710E-1
3.42635E-2	1.01290E-2	2.99375E+2	1.00005E-4	3.00646E-5	3.00633E-1
4.71718E-2	2.09543E-2	2.99373E+2	1.00005E-4	3.00870E-5	3.00856E-1
5.98627E-2	3.29759E-2	2.99372E+2	1.00004E-4	3.01204E-5	3.01190E-1
7.23018E-2	4.52998E-2	2.99371E+2	1.00004E-4	3.00939E-5	3.00925E-1
8.49739E-2	5.79342E-2	2.99369E+2	1.00005E-4	3.00725E-5	3.00711E-1
9.75577E-2	7.08054E-2	2.99368E+2	1.00005E-4	3.00796E-5	3.00783E-1
1.10270E-1	8.34471E-2	2.99367E+2	1.00004E-4	3.00879E-5	3.00866E-1
1.23279E-1	9.60346E-2	2.99367E+2	1.00004E-4	3.00951E-5	3.00938E-1
1.35985E-1	1.08573E-1	2.99365E+2	1.00004E-4	3.00928E-5	3.00915E-1
1.48425E-1	1.20941E-1	2.99364E+2	1.00004E-4	3.00921E-5	3.00908E-1
1.61081E-1	1.33055E-1	2.99363E+2	1.00004E-4	3.00929E-5	3.00915E-1
1.73769E-1	1.45017E-1	2.99362E+2	1.00004E-4	3.00781E-5	3.00767E-1
1.86641E-1	1.57107E-1	2.99362E+2	1.00004E-4	3.00536E-5	3.00523E-1
1.98981E-1	1.69156E-1	2.99361E+2	1.00004E-4	3.00451E-5	3.00438E-1
2.11341E-1	1.81050E-1	2.99361E+2	1.00004E-4	3.00138E-5	3.00125E-1
2.24111E-1	1.92750E-1	2.99360E+2	1.00004E-4	3.00110E-5	3.00097E-1
2.37020E-1	2.04437E-1	2.99357E+2	1.00004E-4	3.00474E-5	3.00461E-1
2.49665E-1	2.16278E-1	2.99356E+2	1.00004E-4	3.00532E-5	3.00518E-1
2.62035E-1	2.28251E-1	2.99356E+2	1.00005E-4	3.00204E-5	3.00191E-1
2.74752E-1	2.40355E-1	2.99354E+2	1.00004E-4	3.00187E-5	3.00174E-1
2.87333E-1	2.52676E-1	2.99354E+2	1.00004E-4	3.00216E-5	3.00202E-1
2.99880E-1	2.65088E-1	2.99355E+2	1.00004E-4	3.00386E-5	3.00373E-1
3.12555E-1	2.77460E-1	2.99353E+2	1.00004E-4	3.00661E-5	3.00648E-1
3.25434E-1	2.89866E-1	2.99352E+2	1.00004E-4	3.00682E-5	3.00669E-1
3.37923E-1	3.02183E-1	2.99350E+2	1.00005E-4	3.00743E-5	3.00729E-1
3.50444E-1	3.14442E-1	2.99349E+2	1.00005E-4	3.00816E-5	3.00803E-1
3.63145E-1	3.26779E-1	2.99349E+2	1.00005E-4	3.00749E-5	3.00735E-1
3.75925E-1	3.39048E-1	2.99347E+2	1.00005E-4	3.00615E-5	3.00601E-1
3.88237E-1	3.51371E-1	2.99345E+2	1.00004E-4	3.00363E-5	3.00350E-1
4.01041E-1	3.63531E-1	2.99344E+2	1.00005E-4	3.00226E-5	3.00212E-1
4.13789E-1	3.75575E-1	2.99342E+2	1.00005E-4	2.99865E-5	2.99852E-1
4.26451E-1	3.87866E-1	2.99342E+2	1.00004E-4	3.00123E-5	3.00110E-1
4.39038E-1	4.00047E-1	2.99341E+2	1.00004E-4	3.01107E-5	3.01094E-1
4.51577E-1	4.12067E-1	2.99338E+2	1.00004E-4	3.00751E-5	3.00737E-1
4.64785E-1	4.24623E-1	2.99337E+2	1.00004E-4	2.99879E-5	2.99866E-1
4.77394E-1	4.37010E-1	2.99335E+2	1.00004E-4	2.99283E-5	2.99270E-1
4.90145E-1	4.49041E-1	2.99334E+2	1.00004E-4	2.98803E-5	2.98790E-1
5.02656E-1	4.61218E-1	2.99334E+2	1.00004E-4	2.98957E-5	2.98944E-1
5.14907E-1	4.73346E-1	2.99332E+2	1.00004E-4	2.98822E-5	2.98809E-1
5.27497E-1	4.85259E-1	2.99329E+2	1.00004E-4	2.99151E-5	2.99139E-1
5.40561E-1	4.97290E-1	2.99327E+2	1.00004E-4	3.00644E-5	3.00631E-1
5.53720E-1	5.09375E-1	2.99326E+2	1.00004E-4	2.99600E-5	2.99586E-1
5.66286E-1	5.21404E-1	2.99323E+2	1.00004E-4	2.99778E-5	2.99764E-1
5.78683E-1	5.33474E-1	2.99320E+2	1.00004E-4	3.00778E-5	3.00764E-1
5.91677E-1	5.45490E-1	2.99321E+2	1.00004E-4	2.99538E-5	2.99524E-1
6.03815E-1	5.57543E-1	2.99320E+2	1.00005E-4	3.00308E-5	3.00295E-1
6.16868E-1	5.69696E-1	2.99318E+2	1.00004E-4	2.99434E-5	2.99420E-1
6.29072E-1	5.81823E-1	2.99317E+2	1.00004E-4	2.98020E-5	2.98007E-1
6.42145E-1	5.92776E-1	2.99316E+2	1.00004E-4	2.99403E-5	2.99390E-1
6.54871E-1	6.03592E-1	2.99315E+2	1.00004E-4	2.99391E-5	2.99378E-1
6.67263E-1	6.16467E-1	2.99313E+2	1.00004E-4	2.98107E-5	2.98094E-1
6.80206E-1	6.29985E-1	2.99313E+2	1.00004E-4	2.98747E-5	2.98733E-1
6.92501E-1	6.42986E-1	2.99313E+2	1.00004E-4	3.00024E-5	3.00011E-1
7.05697E-1	6.55537E-1	2.99310E+2	1.00005E-4	2.99182E-5	2.99168E-1
7.18076E-1	6.67767E-1	2.99310E+2	1.00004E-4	2.99352E-5	2.99339E-1
7.30701E-1	6.79788E-1	2.99310E+2	1.00004E-4	3.00076E-5	3.00063E-1
7.43738E-1	6.91732E-1	2.99309E+2	1.00004E-4	2.99382E-5	2.99369E-1
7.56343E-1	7.03758E-1	2.99307E+2	1.00004E-4	3.00191E-5	3.00178E-1
7.68375E-1	7.15699E-1	2.99306E+2	1.00004E-4	2.98810E-5	2.98797E-1
7.80969E-1	7.27697E-1	2.99305E+2	1.00004E-4	2.96882E-5	2.96869E-1
7.94318E-1	7.39820E-1	2.99304E+2	1.00004E-4	2.97366E-5	2.97353E-1
8.06863E-1	7.51842E-1	2.99303E+2	1.00004E-4	2.97987E-5	2.97973E-1
8.19780E-1	7.63918E-1	2.99301E+2	1.00004E-4	2.98130E-5	2.98116E-1
8.32231E-1	7.76192E-1	2.99302E+2	1.00004E-4	2.96976E-5	2.96963E-1
8.44202E-1	7.88553E-1	2.99303E+2	1.00005E-4	2.98064E-5	2.98050E-1
8.56975E-1	8.00985E-1	2.99303E+2	1.00005E-4	3.00326E-5	3.00313E-1
8.69249E-1	8.13292E-1	2.99302E+2	1.00005E-4	3.00370E-5	3.00356E-1
8.82428E-1	8.25639E-1	2.99302E+2	1.00004E-4	2.99224E-5	2.99211E-1
8.95504E-1	8.38226E-1	2.99302E+2	1.00004E-4	2.99389E-5	2.99376E-1
9.07541E-1	8.50670E-1	2.99301E+2	1.00005E-4	2.99564E-5	2.99551E-1
9.20391E-1	8.63025E-1	2.99300E+2	1.00004E-4	2.97814E-5	2.97800E-1
9.32631E-1	8.75586E-1	2.99300E+2	1.00005E-4	2.97993E-5	2.97980E-1
9.45749E-1	8.88267E-1	2.99300E+2	1.00005E-4	2.96949E-5	2.96935E-1
9.58740E-1	9.00824E-1	2.99299E+2	1.00004E-4	2.97089E-5	2.97075E-1
9.71198E-1	9.13463E-1	2.99300E+2	1.00005E-4	2.98960E-5	2.98946E-1
9.83618E-1	9.26138E-1	2.99301E+2	1.00005E-4	2.99123E-5	2.99110E-1
9.95677E-1	9.38677E-1	2.99301E+2	1.00004E-4	2.97409E-5	2.97396E-1
1.00024E+0	9.49765E-1	2.99300E+2	1.00004E-4	2.96447E-5	2.96434E-1
1.00004E+0	9.57747E-1	2.99301E+2	1.00004E-4	2.96084E-5	2.96071E-1
1.00054E+0	9.62831E-1	2.99301E+2	1.00004E-4	2.97377E-5	2.97364E-1
1.00069E+0	9.65886E-1	2.99300E+2	1.00004E-4	2.98720E-5	2.98707E-1
1.00089E+0	9.67405E-1	2.99301E+2	1.00004E-4	2.97770E-5	2.97757E-1
9.98067E-1	9.68155E-1	2.99301E+2	1.00004E-4	2.99721E-5	2.99708E-1
9.90342E-1	9.68376E-1	2.99302E+2	1.00004E-4	2.99120E-5	2.99107E-1
9.77232E-1	9.67860E-1	2.99301E+2	1.00004E-4	2.97839E-5	2.97826E-1
9.64361E-1	9.66036E-1	2.99302E+2	1.00005E-4	3.00992E-5	3.00978E-1
9.52613E-1	9.60019E-1	2.99303E+2	1.00004E-4	3.00217E-5	3.00203E-1
9.39917E-1	9.48904E-1	2.99303E+2	1.00005E-4	2.99913E-5	2.99899E-1
9.26945E-1	9.35352E-1	2.99304E+2	1.00005E-4	2.99094E-5	2.99081E-1
9.14253E-1	9.21600E-1	2.99305E+2	1.00004E-4	2.97601E-5	2.97588E-1
9.01746E-1	9.08321E-1	2.99304E+2	1.00004E-4	2.99404E-5	2.99390E-1
8.89450E-1	8.95413E-1	2.99303E+2	1.00004E-4	3.00534E-5	3.00521E-1
8.76556E-1	8.82715E-1	2.99304E+2	1.00004E-4	2.99891E-5	2.99878E-1
8.63843E-1	8.70049E-1	2.99305E+2	1.00004E-4	2.99181E-5	2.99169E-1
8.50955E-1	8.57627E-1	2.99306E+2	1.00004E-4	2.99999E-5	2.99986E-1
8.38451E-1	8.45228E-1	2.99308E+2	1.00004E-4	2.99705E-5	2.99691E-1
8.25436E-1	8.32818E-1	2.99309E+2	1.00004E-4	2.99418E-5	2.99404E-1
8.13043E-1	8.20486E-1	2.99310E+2	1.00004E-4	2.98695E-5	2.98682E-1
8.00477E-1	8.08187E-1	2.99311E+2	1.00004E-4	2.98262E-5	2.98249E-1
7.87642E-1	7.95991E-1	2.99312E+2	1.00004E-4	2.98322E-5	2.98309E-1
7.74875E-1	7.83619E-1	2.99314E+2	1.00004E-4	2.97649E-5	2.97636E-1
7.62057E-1	7.71211E-1	2.99317E+2	1.00004E-4	2.97280E-5	2.97267E-1
7.49555E-1	7.59048E-1	2.99318E+2	1.00004E-4	2.96803E-5	2.96789E-1
7.37356E-1	7.46869E-1	2.99317E+2	1.00005E-4	2.98295E-5	2.98281E-1
7.24406E-1	7.34523E-1	2.99318E+2	1.00005E-4	2.98546E-5	2.98532E-1
7.11742E-1	7.22380E-1	2.99321E+2	1.00005E-4	2.98730E-5	2.98716E-1
6.99211E-1	7.10289E-1	2.99325E+2	1.00005E-4	2.99133E-5	2.99119E-1
6.86514E-1	6.98122E-1	2.99326E+2	1.00004E-4	2.98300E-5	2.98286E-1
6.73574E-1	6.85921E-1	2.99327E+2	1.00005E-4	2.97859E-5	2.97846E-1
6.60892E-1	6.73716E-1	2.99328E+2	1.00004E-4	2.98611E-5	2.98597E-1
6.48638E-1	6.61613E-1	2.99330E+2	1.00004E-4	2.99273E-5	2.99259E-1
6.36098E-1	6.49499E-1	2.99333E+2	1.00005E-4	2.98131E-5	2.98118E-1
6.23390E-1	6.37371E-1	2.99334E+2	1.00005E-4	2.98020E-5	2.98007E-1
6.10200E-1	6.25211E-1	2.99336E+2	1.00004E-4	2.98652E-5	2.98639E-1
5.97435E-1	6.12986E-1	2.99340E+2	1.00005E-4	2.99217E-5	2.99203E-1
5.85049E-1	6.00922E-1	2.99342E+2	1.00004E-4	2.99647E-5	2.99634E-1
5.72703E-1	5.88854E-1	2.99342E+2	1.00004E-4	2.99635E-5	2.99622E-1
5.60314E-1	5.76770E-1	2.99344E+2	1.00005E-4	2.99187E-5	2.99173E-1
5.46999E-1	5.64665E-1	2.99347E+2	1.00005E-4	2.99695E-5	2.99681E-1
5.34596E-1	5.52560E-1	2.99348E+2	1.00004E-4	3.00216E-5	3.00203E-1
5.22193E-1	5.40407E-1	2.99349E+2	1.00004E-4	3.00707E-5	3.00693E-1
5.09573E-1	5.28335E-1	2.99351E+2	1.00005E-4	2.99552E-5	2.99539E-1
4.96941E-1	5.16271E-1	2.99353E+2	1.00004E-4	2.98222E-5	2.98209E-1
4.84210E-1	5.04179E-1	2.99354E+2	1.00004E-4	2.99425E-5	2.99412E-1
4.71769E-1	4.92147E-1	2.99354E+2	1.00004E-4	3.00474E-5	3.00461E-1
4.58256E-1	4.80026E-1	2.99356E+2	1.00004E-4	3.00129E-5	3.00116E-1
4.45713E-1	4.67791E-1	2.99357E+2	1.00004E-4	3.00534E-5	3.00521E-1
4.33550E-1	4.55573E-1	2.99358E+2	1.00005E-4	3.00119E-5	3.00106E-1
4.21040E-1	4.43560E-1	2.99360E+2	1.00005E-4	2.99590E-5	2.99576E-1
4.08378E-1	4.31480E-1	2.99361E+2	1.00005E-4	2.99588E-5	2.99574E-1
3.95276E-1	4.19292E-1	2.99361E+2	1.00005E-4	2.99765E-5	2.99751E-1
3.82628E-1	4.07136E-1	2.99363E+2	1.00005E-4	3.00133E-5	3.00119E-1
3.70162E-1	3.94877E-1	2.99363E+2	1.00005E-4	2.99811E-5	2.99797E-1
3.57560E-1	3.82706E-1	2.99363E+2	1.00005E-4	2.99596E-5	2.99582E-1
3.44553E-1	3.70207E-1	2.99364E+2	1.00005E-4	2.99855E-5	2.99842E-1
3.31487E-1	3.57599E-1	2.99364E+2	1.00004E-4	3.00025E-5	3.00012E-1
3.19383E-1	3.45463E-1	2.99364E+2	1.00004E-4	3.00195E-5	3.00182E-1
3.06811E-1	3.33199E-1	2.99366E+2	1.00004E-4	3.01105E-5	3.01092E-1
2.94152E-1	3.21010E-1	2.99366E+2	1.00004E-4	3.00394E-5	3.00380E-1
2.81532E-1	3.08758E-1	2.99364E+2	1.00004E-4	2.99855E-5	2.99841E-1
2.68233E-1	2.96427E-1	2.99365E+2	1.00004E-4	2.99862E-5	2.99849E-1
2.55905E-1	2.84069E-1	2.99365E+2	1.00005E-4	2.99991E-5	2.99978E-1
2.43134E-1	2.71704E-1	2.99365E+2	1.00005E-4	3.00490E-5	3.00476E-1
2.30605E-1	2.59324E-1	2.99364E+2	1.00005E-4	3.00229E-5	3.00215E-1
2.18000E-1	2.46836E-1	2.99362E+2	1.00004E-4	3.00288E-5	3.00275E-1
2.05301E-1	2.34449E-1	2.99364E+2	1.00004E-4	3.00570E-5	3.00557E-1
1.93170E-1	2.22047E-1	2.99364E+2	1.00004E-4	3.00899E-5	3.00886E-1
1.81016E-1	2.09602E-1	2.99363E+2	1.00004E-4	3.00751E-5	3.00738E-1
1.67958E-1	1.97173E-1	2.99362E+2	1.00004E-4	3.00466E-5	3.00453E-1
1.55324E-1	1.84750E-1	2.99363E+2	1.00004E-4	3.00830E-5	3.00817E-1
1.42796E-1	1.72318E-1	2.99363E+2	1.00004E-4	3.00871E-5	3.00857E-1
1.30220E-1	1.59809E-1	2.99363E+2	1.00004E-4	3.00694E-5	3.00681E-1
1.17325E-1	1.47171E-1	2.99362E+2	1.00004E-4	3.00661E-5	3.00648E-1
1.04311E-1	1.34677E-1	2.99360E+2	1.00004E-4	3.00472E-5	3.00459E-1
9.14711E-2	1.22111E-1	2.99358E+2	1.00004E-4	3.00833E-5	3.00819E-1
7.87801E-2	1.09805E-1	2.99359E+2	1.00005E-4	3.01143E-5	3.01129E-1
6.60416E-2	9.73859E-2	2.99358E+2	1.00004E-4	3.00923E-5	3.00910E-1
5.35629E-2	8.47421E-2	2.99358E+2	1.00004E-4	3.00821E-5	3.00807E-1
4.10013E-2	7.22530E-2	2.99357E+2	1.00004E-4	3.00978E-5	3.00965E-1
2.84421E-2	5.95886E-2	2.99355E+2	1.00004E-4	3.00978E-5	3.00964E-1
1.58431E-2	4.69829E-2	2.99354E+2	1.00005E-4	3.01053E-5	3.01040E-1
4.14908E-3	3.48513E-2	2.99353E+2	1.00005E-4	3.00986E-5	3.00972E-1
6.05688E-4	2.43542E-2	2.99352E+2	1.00005E-4	3.01095E-5	3.01081E-1
4.70000E-4	1.70824E-2	2.99350E+2	1.00004E-4	3.01269E-5	3.01256E-1
7.57571E-4	1.25937E-2	2.99349E+2	1.00004E-4	3.00941E-5	3.00928E-1
