B_digital_(T)	B_analog_(T)	T_sample_(K)	I_s	V_nv	R_nv
-0.00000E+0	2.42331E-3	2.99124E+2	1.00004E-4	1.70668E-3	1.70661E+1
-4.70000E-4	2.42848E-3	2.99124E+2	1.00004E-4	1.70677E-3	1.70670E+1
9.42245E-3	2.64957E-3	2.99125E+2	1.00004E-4	1.70650E-3	1.70643E+1
2.01999E-2	3.55815E-3	2.99126E+2	1.00004E-4	1.70565E-3	1.70557E+1
3.28146E-2	6.81685E-3	2.99125E+2	1.00004E-4	1.70556E-3	1.70549E+1
4.53543E-2	1.51728E-2	2.99126E+2	1.00004E-4	1.70563E-3	1.70556E+1
5.79074E-2	2.80517E-2	2.99129E+2	1.00004E-4	1.70610E-3	1.70602E+1
7.04230E-2	4.15417E-2	2.99130E+2	1.00004E-4	1.70696E-3	1.70689E+1
8.35806E-2	5.47551E-2	2.99132E+2	1.00004E-4	1.70617E-3	1.70610E+1
9.62648E-2	6.76564E-2	2.99134E+2	1.00004E-4	1.70694E-3	1.70687E+1
1.08507E-1	8.03578E-2	2.99137E+2	1.00004E-4	1.70814E-3	1.70807E+1
1.21250E-1	9.30887E-2	2.99140E+2	1.00004E-4	1.70698E-3	1.70690E+1
1.33861E-1	1.05919E-1	2.99144E+2	1.00004E-4	1.70690E-3	1.70683E+1
1.46645E-1	1.18632E-1	2.99147E+2	1.00004E-4	1.70745E-3	1.70739E+1
1.59638E-1	1.30651E-1	2.99149E+2	1.00004E-4	1.70648E-3	1.70641E+1
1.72317E-1	1.42779E-1	2.99153E+2	1.00004E-4	1.70606E-3	1.70598E+1
1.85167E-1	1.55215E-1	2.99154E+2	1.00004E-4	1.70725E-3	1.70718E+1
1.97593E-1	1.67452E-1	2.99154E+2	1.00004E-4	1.70803E-3	1.70796E+1
2.10128E-1	1.79863E-1	2.99155E+2	1.00004E-4	1.70749E-3	1.70742E+1
2.23072E-1	1.92314E-1	2.99155E+2	1.00004E-4	1.70815E-3	1.70808E+1
2.35467E-1	2.04524E-1	2.99157E+2	1.00004E-4	1.70774E-3	1.70766E+1
2.48018E-1	2.16680E-1	2.99159E+2	1.00004E-4	1.70718E-3	1.70711E+1
2.60677E-1	2.28846E-1	2.99158E+2	1.00004E-4	1.70732E-3	1.70725E+1
2.73386E-1	2.41064E-1	2.99158E+2	1.00004E-4	1.70694E-3	1.70687E+1
2.86305E-1	2.53266E-1	2.99156E+2	1.00004E-4	1.70664E-3	1.70656E+1
2.98732E-1	2.65266E-1	2.99154E+2	1.00004E-4	1.70630E-3	1.70623E+1
3.11216E-1	2.77149E-1	2.99154E+2	1.00004E-4	1.70732E-3	1.70725E+1
3.23881E-1	2.89185E-1	2.99153E+2	1.00004E-4	1.70777E-3	1.70770E+1
3.36946E-1	3.01286E-1	2.99152E+2	1.00004E-4	1.70710E-3	1.70703E+1
3.49744E-1	3.13186E-1	2.99147E+2	1.00004E-4	1.70730E-3	1.70723E+1
3.62174E-1	3.25063E-1	2.99145E+2	1.00004E-4	1.70789E-3	1.70781E+1
3.74684E-1	3.37187E-1	2.99143E+2	1.00004E-4	1.70717E-3	1.70710E+1
3.86835E-1	3.49287E-1	2.99139E+2	1.00004E-4	1.70753E-3	1.70746E+1
3.99697E-1	3.61175E-1	2.99135E+2	1.00004E-4	1.70808E-3	1.70801E+1
4.12625E-1	3.73267E-1	2.99132E+2	1.00004E-4	1.70797E-3	1.70790E+1
4.25402E-1	3.85471E-1	2.99127E+2	1.00004E-4	1.70745E-3	1.70738E+1
4.38153E-1	3.97519E-1	2.99121E+2	1.00004E-4	1.70715E-3	1.70708E+1
4.49974E-1	4.09524E-1	2.99117E+2	1.00004E-4	1.70695E-3	1.70688E+1
4.63107E-1	4.22006E-1	2.99114E+2	1.00004E-4	1.70600E-3	1.70593E+1
4.75735E-1	4.34545E-1	2.99107E+2	1.00004E-4	1.70527E-3	1.70520E+1
4.88742E-1	4.46713E-1	2.99099E+2	1.00004E-4	1.70561E-3	1.70554E+1
5.01029E-1	4.58723E-1	2.99093E+2	1.00004E-4	1.70532E-3	1.70525E+1
5.14073E-1	4.70874E-1	2.99088E+2	1.00004E-4	1.70442E-3	1.70435E+1
5.26925E-1	4.82976E-1	2.99081E+2	1.00004E-4	1.70443E-3	1.70436E+1
5.38740E-1	4.94902E-1	2.99074E+2	1.00004E-4	1.70424E-3	1.70417E+1
5.51320E-1	5.07022E-1	2.99069E+2	1.00004E-4	1.70502E-3	1.70494E+1
5.64479E-1	5.19076E-1	2.99061E+2	1.00004E-4	1.70505E-3	1.70498E+1
5.76751E-1	5.31108E-1	2.99051E+2	1.00004E-4	1.70453E-3	1.70446E+1
5.89393E-1	5.43139E-1	2.99042E+2	1.00004E-4	1.70528E-3	1.70520E+1
6.03052E-1	5.55170E-1	2.99034E+2	1.00004E-4	1.70527E-3	1.70520E+1
6.15711E-1	5.67276E-1	2.99027E+2	1.00004E-4	1.70545E-3	1.70538E+1
6.27713E-1	5.79231E-1	2.99018E+2	1.00004E-4	1.70561E-3	1.70554E+1
6.40620E-1	5.91201E-1	2.99010E+2	1.00004E-4	1.70471E-3	1.70464E+1
6.53226E-1	6.03341E-1	2.99002E+2	1.00004E-4	1.70461E-3	1.70454E+1
6.66297E-1	6.15514E-1	2.98993E+2	1.00004E-4	1.70597E-3	1.70589E+1
6.79095E-1	6.27570E-1	2.98986E+2	1.00004E-4	1.70611E-3	1.70604E+1
6.91181E-1	6.39534E-1	2.98976E+2	1.00004E-4	1.70553E-3	1.70546E+1
7.03753E-1	6.51633E-1	2.98967E+2	1.00004E-4	1.70544E-3	1.70537E+1
7.16091E-1	6.63830E-1	2.98961E+2	1.00004E-4	1.70510E-3	1.70503E+1
7.29283E-1	6.75914E-1	2.98954E+2	1.00004E-4	1.70495E-3	1.70488E+1
7.41516E-1	6.87935E-1	2.98944E+2	1.00004E-4	1.70603E-3	1.70596E+1
7.53783E-1	7.00006E-1	2.98937E+2	1.00004E-4	1.70531E-3	1.70523E+1
7.66940E-1	7.12224E-1	2.98934E+2	1.00004E-4	1.70405E-3	1.70397E+1
7.79259E-1	7.24518E-1	2.98925E+2	1.00004E-4	1.70573E-3	1.70566E+1
7.92310E-1	7.36655E-1	2.98918E+2	1.00004E-4	1.70634E-3	1.70627E+1
8.05139E-1	7.48866E-1	2.98911E+2	1.00004E-4	1.70478E-3	1.70471E+1
8.18376E-1	7.61088E-1	2.98905E+2	1.00004E-4	1.70405E-3	1.70398E+1
8.31202E-1	7.73304E-1	2.98899E+2	1.00004E-4	1.70418E-3	1.70411E+1
8.43079E-1	7.85653E-1	2.98893E+2	1.00004E-4	1.70467E-3	1.70460E+1
8.55772E-1	7.98023E-1	2.98889E+2	1.00004E-4	1.70475E-3	1.70467E+1
8.68278E-1	8.10330E-1	2.98885E+2	1.00004E-4	1.70501E-3	1.70494E+1
8.81289E-1	8.22595E-1	2.98880E+2	1.00004E-4	1.70473E-3	1.70466E+1
8.93942E-1	8.34952E-1	2.98876E+2	1.00004E-4	1.70478E-3	1.70470E+1
9.05998E-1	8.47351E-1	2.98872E+2	1.00004E-4	1.70513E-3	1.70506E+1
9.18729E-1	8.59858E-1	2.98870E+2	1.00004E-4	1.70345E-3	1.70338E+1
9.31630E-1	8.72405E-1	2.98865E+2	1.00004E-4	1.70298E-3	1.70291E+1
9.44467E-1	8.84886E-1	2.98862E+2	1.00004E-4	1.70234E-3	1.70227E+1
9.56815E-1	8.97539E-1	2.98862E+2	1.00004E-4	1.70250E-3	1.70244E+1
9.69966E-1	9.10170E-1	2.98860E+2	1.00004E-4	1.70481E-3	1.70474E+1
9.83007E-1	9.22681E-1	2.98859E+2	1.00004E-4	1.70527E-3	1.70520E+1
9.95180E-1	9.35372E-1	2.98858E+2	1.00004E-4	1.70554E-3	1.70547E+1
1.00791E+0	9.48138E-1	2.98858E+2	1.00004E-4	1.70505E-3	1.70498E+1
1.02067E+0	9.60952E-1	2.98859E+2	1.00004E-4	1.70462E-3	1.70455E+1
1.03331E+0	9.73821E-1	2.98860E+2	1.00004E-4	1.70411E-3	1.70404E+1
1.04606E+0	9.86558E-1	2.98859E+2	1.00004E-4	1.70405E-3	1.70398E+1
1.05831E+0	9.99183E-1	2.98861E+2	1.00004E-4	1.70504E-3	1.70497E+1
1.07137E+0	1.01175E+0	2.98864E+2	1.00004E-4	1.70539E-3	1.70532E+1
1.08376E+0	1.02425E+0	2.98867E+2	1.00004E-4	1.70547E-3	1.70541E+1
1.09648E+0	1.03655E+0	2.98870E+2	1.00004E-4	1.70609E-3	1.70602E+1
1.10935E+0	1.04867E+0	2.98873E+2	1.00004E-4	1.70563E-3	1.70556E+1
1.12098E+0	1.06081E+0	2.98876E+2	1.00004E-4	1.70611E-3	1.70604E+1
1.13421E+0	1.07307E+0	2.98879E+2	1.00004E-4	1.70714E-3	1.70707E+1
1.14671E+0	1.08545E+0	2.98883E+2	1.00004E-4	1.70512E-3	1.70505E+1
1.15952E+0	1.09775E+0	2.98886E+2	1.00004E-4	1.70260E-3	1.70253E+1
1.17227E+0	1.11007E+0	2.98892E+2	1.00004E-4	1.70200E-3	1.70193E+1
1.18576E+0	1.12247E+0	2.98898E+2	1.00004E-4	1.70235E-3	1.70228E+1
1.19800E+0	1.13467E+0	2.98903E+2	1.00004E-4	1.70343E-3	1.70336E+1
1.20946E+0	1.14695E+0	2.98910E+2	1.00004E-4	1.70382E-3	1.70374E+1
1.22311E+0	1.15925E+0	2.98914E+2	1.00004E-4	1.70334E-3	1.70326E+1
1.23562E+0	1.17149E+0	2.98919E+2	1.00004E-4	1.70356E-3	1.70349E+1
1.24777E+0	1.18381E+0	2.98926E+2	1.00004E-4	1.70320E-3	1.70313E+1
1.26048E+0	1.19608E+0	2.98931E+2	1.00004E-4	1.70269E-3	1.70262E+1
1.27379E+0	1.20829E+0	2.98938E+2	1.00004E-4	1.70269E-3	1.70262E+1
1.28673E+0	1.22060E+0	2.98948E+2	1.00004E-4	1.70254E-3	1.70247E+1
1.29895E+0	1.23287E+0	2.98955E+2	1.00004E-4	1.70282E-3	1.70275E+1
1.31182E+0	1.24508E+0	2.98959E+2	1.00004E-4	1.70287E-3	1.70280E+1
1.32421E+0	1.25744E+0	2.98965E+2	1.00004E-4	1.70239E-3	1.70232E+1
1.33686E+0	1.26976E+0	2.98972E+2	1.00004E-4	1.70298E-3	1.70291E+1
1.34963E+0	1.28197E+0	2.98979E+2	1.00004E-4	1.70381E-3	1.70374E+1
1.36164E+0	1.29431E+0	2.98989E+2	1.00004E-4	1.70326E-3	1.70319E+1
1.37494E+0	1.30660E+0	2.98998E+2	1.00004E-4	1.70229E-3	1.70222E+1
1.38766E+0	1.31901E+0	2.99005E+2	1.00004E-4	1.70210E-3	1.70202E+1
1.40038E+0	1.33154E+0	2.99011E+2	1.00004E-4	1.70227E-3	1.70219E+1
1.41301E+0	1.34391E+0	2.99019E+2	1.00004E-4	1.70290E-3	1.70283E+1
1.42505E+0	1.35628E+0	2.99027E+2	1.00004E-4	1.70361E-3	1.70354E+1
1.43850E+0	1.36853E+0	2.99034E+2	1.00004E-4	1.70318E-3	1.70311E+1
1.45106E+0	1.38082E+0	2.99042E+2	1.00004E-4	1.70326E-3	1.70319E+1
1.46384E+0	1.39317E+0	2.99050E+2	1.00004E-4	1.70392E-3	1.70385E+1
1.47626E+0	1.40544E+0	2.99058E+2	1.00004E-4	1.70431E-3	1.70424E+1
1.48820E+0	1.41780E+0	2.99066E+2	1.00004E-4	1.70556E-3	1.70549E+1
1.50127E+0	1.43012E+0	2.99074E+2	1.00004E-4	1.70640E-3	1.70632E+1
1.51406E+0	1.44237E+0	2.99082E+2	1.00004E-4	1.70526E-3	1.70519E+1
1.52708E+0	1.45473E+0	2.99090E+2	1.00004E-4	1.70564E-3	1.70556E+1
1.53975E+0	1.46711E+0	2.99098E+2	1.00004E-4	1.70529E-3	1.70521E+1
1.55268E+0	1.47943E+0	2.99106E+2	1.00004E-4	1.70442E-3	1.70435E+1
1.56520E+0	1.49185E+0	2.99115E+2	1.00004E-4	1.70507E-3	1.70500E+1
1.57724E+0	1.50418E+0	2.99122E+2	1.00004E-4	1.70497E-3	1.70490E+1
1.59016E+0	1.51645E+0	2.99128E+2	1.00004E-4	1.70388E-3	1.70381E+1
1.60255E+0	1.52876E+0	2.99137E+2	1.00004E-4	1.70411E-3	1.70404E+1
1.61542E+0	1.54116E+0	2.99146E+2	1.00004E-4	1.70563E-3	1.70556E+1
1.62854E+0	1.55360E+0	2.99154E+2	1.00004E-4	1.70574E-3	1.70567E+1
1.64132E+0	1.56591E+0	2.99162E+2	1.00004E-4	1.70581E-3	1.70574E+1
1.65410E+0	1.57818E+0	2.99171E+2	1.00004E-4	1.70621E-3	1.70613E+1
1.66582E+0	1.59057E+0	2.99179E+2	1.00004E-4	1.70479E-3	1.70472E+1
1.67851E+0	1.60305E+0	2.99185E+2	1.00004E-4	1.70306E-3	1.70299E+1
1.69130E+0	1.61548E+0	2.99193E+2	1.00004E-4	1.70287E-3	1.70280E+1
1.70427E+0	1.62771E+0	2.99200E+2	1.00004E-4	1.70511E-3	1.70503E+1
1.71710E+0	1.64009E+0	2.99207E+2	1.00004E-4	1.70710E-3	1.70702E+1
1.72881E+0	1.65260E+0	2.99215E+2	1.00004E-4	1.70545E-3	1.70538E+1
1.74194E+0	1.66497E+0	2.99221E+2	1.00004E-4	1.70454E-3	1.70447E+1
1.75468E+0	1.67733E+0	2.99228E+2	1.00004E-4	1.70467E-3	1.70460E+1
1.76767E+0	1.68975E+0	2.99236E+2	1.00004E-4	1.70456E-3	1.70448E+1
1.78009E+0	1.70206E+0	2.99242E+2	1.00004E-4	1.70431E-3	1.70423E+1
1.79227E+0	1.71436E+0	2.99249E+2	1.00004E-4	1.70363E-3	1.70356E+1
1.80578E+0	1.72683E+0	2.99257E+2	1.00004E-4	1.70354E-3	1.70346E+1
1.81807E+0	1.73924E+0	2.99263E+2	1.00004E-4	1.70314E-3	1.70306E+1
1.83083E+0	1.75154E+0	2.99269E+2	1.00004E-4	1.70252E-3	1.70245E+1
1.84349E+0	1.76397E+0	2.99275E+2	1.00004E-4	1.70337E-3	1.70329E+1
1.85511E+0	1.77644E+0	2.99283E+2	1.00004E-4	1.70329E-3	1.70321E+1
1.86853E+0	1.78884E+0	2.99291E+2	1.00004E-4	1.70278E-3	1.70271E+1
1.88095E+0	1.80119E+0	2.99298E+2	1.00004E-4	1.70349E-3	1.70341E+1
1.89388E+0	1.81358E+0	2.99303E+2	1.00004E-4	1.70288E-3	1.70281E+1
1.90676E+0	1.82601E+0	2.99307E+2	1.00004E-4	1.70265E-3	1.70258E+1
1.91978E+0	1.83848E+0	2.99314E+2	1.00004E-4	1.70370E-3	1.70363E+1
1.93241E+0	1.85098E+0	2.99320E+2	1.00004E-4	1.70319E-3	1.70312E+1
1.94423E+0	1.86344E+0	2.99323E+2	1.00004E-4	1.70379E-3	1.70372E+1
1.95732E+0	1.87584E+0	2.99329E+2	1.00004E-4	1.70443E-3	1.70436E+1
1.96974E+0	1.88826E+0	2.99337E+2	1.00004E-4	1.70428E-3	1.70421E+1
1.98268E+0	1.90068E+0	2.99342E+2	1.00004E-4	1.70358E-3	1.70351E+1
1.99549E+0	1.91312E+0	2.99345E+2	1.00004E-4	1.70239E-3	1.70232E+1
2.00113E+0	1.92431E+0	2.99351E+2	1.00004E-4	1.70206E-3	1.70199E+1
2.00182E+0	1.93260E+0	2.99355E+2	1.00004E-4	1.70272E-3	1.70265E+1
2.00170E+0	1.93805E+0	2.99360E+2	1.00004E-4	1.70363E-3	1.70356E+1
2.00126E+0	1.94128E+0	2.99365E+2	1.00004E-4	1.70360E-3	1.70353E+1
2.00158E+0	1.94288E+0	2.99370E+2	1.00004E-4	1.70307E-3	1.70300E+1
2.00086E+0	1.94368E+0	2.99374E+2	1.00004E-4	1.70243E-3	1.70235E+1
1.99324E+0	1.94396E+0	2.99376E+2	1.00004E-4	1.70172E-3	1.70164E+1
1.98067E+0	1.94362E+0	2.99381E+2	1.00004E-4	1.70284E-3	1.70277E+1
1.96821E+0	1.94239E+0	2.99386E+2	1.00004E-4	1.70382E-3	1.70375E+1
1.95456E+0	1.93780E+0	2.99388E+2	1.00004E-4	1.70395E-3	1.70388E+1
1.94151E+0	1.92781E+0	2.99391E+2	1.00004E-4	1.70315E-3	1.70308E+1
1.92987E+0	1.91492E+0	2.99394E+2	1.00004E-4	1.70296E-3	1.70289E+1
1.91703E+0	1.90164E+0	2.99396E+2	1.00004E-4	1.70290E-3	1.70283E+1
1.90491E+0	1.88871E+0	2.99399E+2	1.00004E-4	1.70267E-3	1.70260E+1
1.89180E+0	1.87611E+0	2.99402E+2	1.00004E-4	1.70320E-3	1.70313E+1
1.87842E+0	1.86360E+0	2.99407E+2	1.00004E-4	1.70396E-3	1.70389E+1
1.86683E+0	1.85127E+0	2.99410E+2	1.00004E-4	1.70383E-3	1.70376E+1
1.85461E+0	1.83885E+0	2.99411E+2	1.00004E-4	1.70366E-3	1.70358E+1
1.84215E+0	1.82643E+0	2.99414E+2	1.00004E-4	1.70374E-3	1.70367E+1
1.82800E+0	1.81406E+0	2.99417E+2	1.00004E-4	1.70371E-3	1.70364E+1
1.81511E+0	1.80177E+0	2.99421E+2	1.00004E-4	1.70329E-3	1.70322E+1
1.80377E+0	1.78958E+0	2.99423E+2	1.00004E-4	1.70336E-3	1.70328E+1
1.79073E+0	1.77726E+0	2.99425E+2	1.00004E-4	1.70296E-3	1.70289E+1
1.77823E+0	1.76482E+0	2.99427E+2	1.00004E-4	1.70302E-3	1.70295E+1
1.76504E+0	1.75251E+0	2.99427E+2	1.00004E-4	1.70390E-3	1.70383E+1
1.75248E+0	1.74021E+0	2.99431E+2	1.00004E-4	1.70331E-3	1.70323E+1
1.73972E+0	1.72782E+0	2.99435E+2	1.00004E-4	1.70272E-3	1.70265E+1
1.72684E+0	1.71548E+0	2.99435E+2	1.00004E-4	1.70329E-3	1.70322E+1
1.71476E+0	1.70305E+0	2.99438E+2	1.00004E-4	1.70299E-3	1.70292E+1
1.70191E+0	1.69065E+0	2.99441E+2	1.00004E-4	1.70317E-3	1.70310E+1
1.68932E+0	1.67836E+0	2.99442E+2	1.00004E-4	1.70380E-3	1.70373E+1
1.67616E+0	1.66604E+0	2.99444E+2	1.00004E-4	1.70312E-3	1.70305E+1
1.66370E+0	1.65370E+0	2.99447E+2	1.00004E-4	1.70279E-3	1.70272E+1
1.65148E+0	1.64135E+0	2.99448E+2	1.00004E-4	1.70292E-3	1.70285E+1
1.63826E+0	1.62904E+0	2.99450E+2	1.00004E-4	1.70323E-3	1.70316E+1
1.62634E+0	1.61668E+0	2.99451E+2	1.00004E-4	1.70288E-3	1.70281E+1
1.61345E+0	1.60419E+0	2.99452E+2	1.00004E-4	1.70263E-3	1.70255E+1
1.60037E+0	1.59182E+0	2.99453E+2	1.00004E-4	1.70292E-3	1.70285E+1
1.58777E+0	1.57958E+0	2.99454E+2	1.00004E-4	1.70253E-3	1.70245E+1
1.57545E+0	1.56715E+0	2.99455E+2	1.00004E-4	1.70239E-3	1.70232E+1
1.56300E+0	1.55479E+0	2.99456E+2	1.00004E-4	1.70330E-3	1.70323E+1
1.54999E+0	1.54246E+0	2.99459E+2	1.00004E-4	1.70350E-3	1.70343E+1
1.53728E+0	1.53016E+0	2.99458E+2	1.00004E-4	1.70373E-3	1.70366E+1
1.52455E+0	1.51776E+0	2.99457E+2	1.00004E-4	1.70438E-3	1.70431E+1
1.51186E+0	1.50535E+0	2.99457E+2	1.00004E-4	1.70386E-3	1.70379E+1
1.49886E+0	1.49311E+0	2.99458E+2	1.00004E-4	1.70455E-3	1.70448E+1
1.48614E+0	1.48081E+0	2.99459E+2	1.00004E-4	1.70455E-3	1.70448E+1
1.47412E+0	1.46835E+0	2.99460E+2	1.00004E-4	1.70340E-3	1.70333E+1
1.46130E+0	1.45598E+0	2.99459E+2	1.00004E-4	1.70396E-3	1.70388E+1
1.44834E+0	1.44373E+0	2.99459E+2	1.00004E-4	1.70420E-3	1.70413E+1
1.43518E+0	1.43129E+0	2.99459E+2	1.00004E-4	1.70441E-3	1.70434E+1
1.42263E+0	1.41893E+0	2.99458E+2	1.00004E-4	1.70439E-3	1.70432E+1
1.41087E+0	1.40668E+0	2.99456E+2	1.00004E-4	1.70420E-3	1.70412E+1
1.39804E+0	1.39439E+0	2.99453E+2	1.00004E-4	1.70290E-3	1.70283E+1
1.38581E+0	1.38205E+0	2.99453E+2	1.00004E-4	1.70169E-3	1.70162E+1
1.37285E+0	1.36958E+0	2.99452E+2	1.00004E-4	1.70159E-3	1.70152E+1
1.35990E+0	1.35725E+0	2.99452E+2	1.00004E-4	1.70236E-3	1.70229E+1
1.34778E+0	1.34500E+0	2.99450E+2	1.00004E-4	1.70276E-3	1.70269E+1
1.33478E+0	1.33263E+0	2.99448E+2	1.00004E-4	1.70260E-3	1.70253E+1
1.32201E+0	1.32031E+0	2.99448E+2	1.00004E-4	1.70345E-3	1.70338E+1
1.30931E+0	1.30809E+0	2.99447E+2	1.00004E-4	1.70362E-3	1.70355E+1
1.29684E+0	1.29574E+0	2.99444E+2	1.00004E-4	1.70323E-3	1.70315E+1
1.28368E+0	1.28336E+0	2.99442E+2	1.00004E-4	1.70340E-3	1.70333E+1
1.27104E+0	1.27109E+0	2.99441E+2	1.00004E-4	1.70399E-3	1.70392E+1
1.25901E+0	1.25877E+0	2.99438E+2	1.00004E-4	1.70352E-3	1.70345E+1
1.24630E+0	1.24645E+0	2.99438E+2	1.00004E-4	1.70341E-3	1.70334E+1
1.23382E+0	1.23405E+0	2.99436E+2	1.00004E-4	1.70404E-3	1.70397E+1
1.22069E+0	1.22165E+0	2.99432E+2	1.00004E-4	1.70370E-3	1.70363E+1
1.20764E+0	1.20937E+0	2.99430E+2	1.00004E-4	1.70246E-3	1.70239E+1
1.19523E+0	1.19704E+0	2.99429E+2	1.00004E-4	1.70178E-3	1.70170E+1
1.18262E+0	1.18473E+0	2.99431E+2	1.00004E-4	1.70272E-3	1.70264E+1
1.17010E+0	1.17249E+0	2.99427E+2	1.00004E-4	1.70351E-3	1.70344E+1
1.15729E+0	1.15996E+0	2.99423E+2	1.00004E-4	1.70287E-3	1.70280E+1
1.14482E+0	1.14754E+0	2.99420E+2	1.00004E-4	1.70375E-3	1.70368E+1
1.13175E+0	1.13529E+0	2.99419E+2	1.00004E-4	1.70444E-3	1.70437E+1
1.11897E+0	1.12291E+0	2.99416E+2	1.00004E-4	1.70422E-3	1.70415E+1
1.10763E+0	1.11066E+0	2.99414E+2	1.00004E-4	1.70440E-3	1.70433E+1
1.09460E+0	1.09844E+0	2.99411E+2	1.00004E-4	1.70449E-3	1.70442E+1
1.08074E+0	1.08613E+0	2.99409E+2	1.00004E-4	1.70487E-3	1.70480E+1
1.06805E+0	1.07382E+0	2.99405E+2	1.00004E-4	1.70484E-3	1.70477E+1
1.05585E+0	1.06145E+0	2.99400E+2	1.00004E-4	1.70423E-3	1.70416E+1
1.04369E+0	1.04911E+0	2.99398E+2	1.00004E-4	1.70386E-3	1.70379E+1
1.03077E+0	1.03687E+0	2.99398E+2	1.00004E-4	1.70423E-3	1.70415E+1
1.01826E+0	1.02463E+0	2.99394E+2	1.00004E-4	1.70495E-3	1.70488E+1
1.00561E+0	1.01203E+0	2.99389E+2	1.00004E-4	1.70492E-3	1.70485E+1
9.93062E-1	9.99222E-1	2.99387E+2	1.00004E-4	1.70449E-3	1.70442E+1
9.80912E-1	9.86416E-1	2.99384E+2	1.00004E-4	1.70419E-3	1.70412E+1
9.68002E-1	9.73535E-1	2.99381E+2	1.00004E-4	1.70416E-3	1.70409E+1
9.54968E-1	9.60641E-1	2.99379E+2	1.00004E-4	1.70446E-3	1.70439E+1
9.42348E-1	9.47846E-1	2.99379E+2	1.00004E-4	1.70459E-3	1.70452E+1
9.29717E-1	9.35185E-1	2.99376E+2	1.00004E-4	1.70465E-3	1.70458E+1
9.16666E-1	9.22345E-1	2.99371E+2	1.00004E-4	1.70503E-3	1.70496E+1
9.03706E-1	9.09528E-1	2.99367E+2	1.00004E-4	1.70500E-3	1.70493E+1
8.91338E-1	8.96903E-1	2.99364E+2	1.00004E-4	1.70412E-3	1.70405E+1
8.78580E-1	8.84382E-1	2.99361E+2	1.00004E-4	1.70515E-3	1.70507E+1
8.66265E-1	8.71920E-1	2.99357E+2	1.00004E-4	1.70580E-3	1.70573E+1
8.53353E-1	8.59412E-1	2.99357E+2	1.00004E-4	1.70525E-3	1.70517E+1
8.40678E-1	8.46836E-1	2.99355E+2	1.00004E-4	1.70552E-3	1.70544E+1
8.28504E-1	8.34321E-1	2.99350E+2	1.00004E-4	1.70564E-3	1.70557E+1
8.15544E-1	8.21863E-1	2.99347E+2	1.00004E-4	1.70471E-3	1.70463E+1
8.02884E-1	8.09487E-1	2.99344E+2	1.00004E-4	1.70472E-3	1.70464E+1
7.90035E-1	7.97148E-1	2.99342E+2	1.00004E-4	1.70552E-3	1.70544E+1
7.77276E-1	7.84717E-1	2.99339E+2	1.00004E-4	1.70566E-3	1.70559E+1
7.64275E-1	7.72362E-1	2.99337E+2	1.00004E-4	1.70461E-3	1.70454E+1
7.51651E-1	7.60042E-1	2.99332E+2	1.00004E-4	1.70412E-3	1.70405E+1
7.39792E-1	7.47740E-1	2.99330E+2	1.00004E-4	1.70395E-3	1.70388E+1
7.27124E-1	7.35533E-1	2.99327E+2	1.00004E-4	1.70443E-3	1.70436E+1
7.14731E-1	7.23377E-1	2.99324E+2	1.00004E-4	1.70476E-3	1.70468E+1
7.01880E-1	7.11148E-1	2.99321E+2	1.00004E-4	1.70474E-3	1.70467E+1
6.88916E-1	6.98926E-1	2.99318E+2	1.00004E-4	1.70471E-3	1.70464E+1
6.76696E-1	6.86686E-1	2.99317E+2	1.00004E-4	1.70452E-3	1.70444E+1
6.63619E-1	6.74445E-1	2.99315E+2	1.00004E-4	1.70452E-3	1.70445E+1
6.51061E-1	6.62250E-1	2.99312E+2	1.00004E-4	1.70369E-3	1.70361E+1
6.38321E-1	6.50145E-1	2.99309E+2	1.00004E-4	1.70292E-3	1.70284E+1
6.25798E-1	6.38118E-1	2.99305E+2	1.00004E-4	1.70340E-3	1.70332E+1
6.13442E-1	6.25950E-1	2.99301E+2	1.00004E-4	1.70402E-3	1.70395E+1
6.00431E-1	6.13790E-1	2.99299E+2	1.00004E-4	1.70463E-3	1.70456E+1
5.87998E-1	6.01651E-1	2.99298E+2	1.00004E-4	1.70669E-3	1.70662E+1
5.75189E-1	5.89499E-1	2.99295E+2	1.00004E-4	1.70713E-3	1.70706E+1
5.61988E-1	5.77442E-1	2.99292E+2	1.00004E-4	1.70547E-3	1.70540E+1
5.49152E-1	5.65300E-1	2.99290E+2	1.00004E-4	1.70382E-3	1.70375E+1
5.36459E-1	5.53128E-1	2.99288E+2	1.00004E-4	1.70197E-3	1.70190E+1
5.23930E-1	5.41096E-1	2.99285E+2	1.00004E-4	1.70243E-3	1.70236E+1
5.10757E-1	5.29026E-1	2.99282E+2	1.00004E-4	1.70359E-3	1.70352E+1
4.98282E-1	5.16944E-1	2.99280E+2	1.00004E-4	1.70291E-3	1.70284E+1
4.86162E-1	5.04763E-1	2.99277E+2	1.00004E-4	1.70193E-3	1.70186E+1
4.73695E-1	4.92588E-1	2.99274E+2	1.00004E-4	1.70224E-3	1.70217E+1
4.61218E-1	4.80584E-1	2.99272E+2	1.00004E-4	1.70279E-3	1.70272E+1
4.48452E-1	4.68424E-1	2.99270E+2	1.00004E-4	1.70411E-3	1.70403E+1
4.35743E-1	4.56220E-1	2.99268E+2	1.00004E-4	1.70340E-3	1.70333E+1
4.23020E-1	4.44156E-1	2.99267E+2	1.00004E-4	1.70178E-3	1.70171E+1
4.10289E-1	4.31975E-1	2.99264E+2	1.00004E-4	1.70142E-3	1.70135E+1
3.97428E-1	4.19793E-1	2.99260E+2	1.00004E-4	1.70103E-3	1.70096E+1
3.84742E-1	4.07653E-1	2.99258E+2	1.00004E-4	1.70090E-3	1.70083E+1
3.72179E-1	3.95437E-1	2.99256E+2	1.00004E-4	1.70083E-3	1.70075E+1
3.59990E-1	3.83271E-1	2.99255E+2	1.00004E-4	1.70072E-3	1.70065E+1
3.47387E-1	3.70806E-1	2.99253E+2	1.00004E-4	1.70156E-3	1.70149E+1
3.34283E-1	3.58386E-1	2.99251E+2	1.00004E-4	1.70174E-3	1.70167E+1
3.21866E-1	3.46164E-1	2.99248E+2	1.00004E-4	1.70132E-3	1.70125E+1
3.09294E-1	3.33903E-1	2.99247E+2	1.00004E-4	1.70178E-3	1.70170E+1
2.96255E-1	3.21773E-1	2.99247E+2	1.00004E-4	1.70135E-3	1.70128E+1
2.83904E-1	3.09502E-1	2.99245E+2	1.00004E-4	1.70067E-3	1.70060E+1
2.71403E-1	2.97133E-1	2.99243E+2	1.00004E-4	1.70085E-3	1.70078E+1
2.58463E-1	2.84913E-1	2.99241E+2	1.00004E-4	1.70181E-3	1.70173E+1
2.45796E-1	2.72639E-1	2.99239E+2	1.00004E-4	1.70289E-3	1.70282E+1
2.32956E-1	2.60213E-1	2.99237E+2	1.00004E-4	1.70301E-3	1.70294E+1
2.20303E-1	2.47827E-1	2.99236E+2	1.00004E-4	1.70194E-3	1.70187E+1
2.07954E-1	2.35427E-1	2.99234E+2	1.00004E-4	1.70128E-3	1.70121E+1
1.95308E-1	2.23008E-1	2.99231E+2	1.00004E-4	1.70131E-3	1.70124E+1
1.83412E-1	2.10627E-1	2.99230E+2	1.00004E-4	1.70173E-3	1.70166E+1
1.70333E-1	1.98121E-1	2.99229E+2	1.00004E-4	1.70249E-3	1.70242E+1
1.57079E-1	1.85701E-1	2.99227E+2	1.00004E-4	1.70260E-3	1.70253E+1
1.44328E-1	1.73305E-1	2.99227E+2	1.00004E-4	1.70238E-3	1.70231E+1
1.31586E-1	1.60815E-1	2.99225E+2	1.00004E-4	1.70237E-3	1.70230E+1
1.19256E-1	1.48267E-1	2.99223E+2	1.00004E-4	1.70138E-3	1.70130E+1
1.06742E-1	1.35685E-1	2.99222E+2	1.00004E-4	1.70021E-3	1.70013E+1
9.38821E-2	1.23068E-1	2.99220E+2	1.00004E-4	1.70042E-3	1.70035E+1
8.13996E-2	1.10831E-1	2.99218E+2	1.00004E-4	1.70094E-3	1.70086E+1
6.83748E-2	9.85497E-2	2.99217E+2	1.00004E-4	1.70142E-3	1.70135E+1
5.59307E-2	8.60337E-2	2.99217E+2	1.00004E-4	1.70244E-3	1.70237E+1
4.37368E-2	7.33969E-2	2.99215E+2	1.00004E-4	1.70185E-3	1.70178E+1
3.10373E-2	6.08150E-2	2.99213E+2	1.00004E-4	1.70170E-3	1.70163E+1
1.84339E-2	4.83519E-2	2.99212E+2	1.00004E-4	1.70275E-3	1.70268E+1
6.44607E-3	3.60858E-2	2.99212E+2	1.00004E-4	1.70365E-3	1.70357E+1
1.20718E-3	2.51955E-2	2.99210E+2	1.00004E-4	1.70348E-3	1.70341E+1
7.08379E-4	1.69843E-2	2.99209E+2	1.00004E-4	1.70152E-3	1.70145E+1
0.00000E+0	1.19112E-2	2.99208E+2	1.00004E-4	1.70086E-3	1.70079E+1
4.06358E-4	9.14658E-3	2.99207E+2	1.00004E-4	1.70136E-3	1.70129E+1
4.70000E-4	7.90613E-3	2.99207E+2	1.00004E-4	1.70177E-3	1.70170E+1
-4.80755E-3	7.01890E-3	2.99205E+2	1.00004E-4	1.70249E-3	1.70242E+1
-1.48954E-2	5.14679E-3	2.99202E+2	1.00004E-4	1.70314E-3	1.70307E+1
-2.78227E-2	-4.88383E-5	2.99202E+2	1.00004E-4	1.70328E-3	1.70321E+1
-4.06419E-2	-9.79898E-3	2.99199E+2	1.00004E-4	1.70279E-3	1.70271E+1
-5.28043E-2	-2.14389E-2	2.99199E+2	1.00004E-4	1.70183E-3	1.70176E+1
-6.53701E-2	-3.35570E-2	2.99198E+2	1.00004E-4	1.70174E-3	1.70167E+1
-7.81783E-2	-4.54477E-2	2.99196E+2	1.00004E-4	1.70244E-3	1.70236E+1
-9.07996E-2	-5.76891E-2	2.99195E+2	1.00004E-4	1.70235E-3	1.70228E+1
-1.03668E-1	-7.04197E-2	2.99194E+2	1.00004E-4	1.70246E-3	1.70239E+1
-1.16190E-1	-8.30717E-2	2.99195E+2	1.00004E-4	1.70267E-3	1.70259E+1
-1.28519E-1	-9.57221E-2	2.99195E+2	1.00004E-4	1.70233E-3	1.70226E+1
-1.41309E-1	-1.08312E-1	2.99194E+2	1.00004E-4	1.70190E-3	1.70183E+1
-1.54567E-1	-1.20766E-1	2.99195E+2	1.00004E-4	1.70331E-3	1.70324E+1
-1.67345E-1	-1.32974E-1	2.99195E+2	1.00004E-4	1.70359E-3	1.70352E+1
-1.79810E-1	-1.45261E-1	2.99194E+2	1.00004E-4	1.70195E-3	1.70187E+1
-1.92341E-1	-1.57454E-1	2.99196E+2	1.00004E-4	1.70240E-3	1.70233E+1
-2.05152E-1	-1.69334E-1	2.99195E+2	1.00004E-4	1.70371E-3	1.70364E+1
-2.17644E-1	-1.81160E-1	2.99194E+2	1.00004E-4	1.70391E-3	1.70383E+1
-2.29904E-1	-1.92889E-1	2.99195E+2	1.00004E-4	1.70297E-3	1.70289E+1
-2.42539E-1	-2.04675E-1	2.99194E+2	1.00004E-4	1.70327E-3	1.70320E+1
-2.55766E-1	-2.16701E-1	2.99194E+2	1.00004E-4	1.70371E-3	1.70363E+1
-2.68809E-1	-2.28939E-1	2.99195E+2	1.00004E-4	1.70375E-3	1.70368E+1
-2.81031E-1	-2.41386E-1	2.99194E+2	1.00004E-4	1.70329E-3	1.70322E+1
-2.93676E-1	-2.53929E-1	2.99194E+2	1.00004E-4	1.70230E-3	1.70223E+1
-3.06610E-1	-2.66523E-1	2.99195E+2	1.00004E-4	1.70237E-3	1.70230E+1
-3.18841E-1	-2.79051E-1	2.99196E+2	1.00004E-4	1.70320E-3	1.70313E+1
-3.31113E-1	-2.91503E-1	2.99196E+2	1.00004E-4	1.70316E-3	1.70309E+1
-3.43918E-1	-3.04071E-1	2.99195E+2	1.00004E-4	1.70278E-3	1.70271E+1
-3.56609E-1	-3.16644E-1	2.99193E+2	1.00004E-4	1.70184E-3	1.70177E+1
-3.69335E-1	-3.29029E-1	2.99193E+2	1.00004E-4	1.70143E-3	1.70135E+1
-3.81992E-1	-3.39150E-1	2.99192E+2	1.00004E-4	1.70232E-3	1.70225E+1
-3.95091E-1	-3.50527E-1	2.99190E+2	1.00004E-4	1.70343E-3	1.70336E+1
-4.08045E-1	-3.64579E-1	2.99189E+2	1.00004E-4	1.70386E-3	1.70379E+1
-4.20259E-1	-3.77860E-1	2.99189E+2	1.00004E-4	1.70326E-3	1.70318E+1
-4.32770E-1	-3.90832E-1	2.99190E+2	1.00004E-4	1.70273E-3	1.70266E+1
-4.45206E-1	-4.03309E-1	2.99190E+2	1.00004E-4	1.70260E-3	1.70252E+1
-4.57875E-1	-4.15983E-1	2.99188E+2	1.00004E-4	1.70180E-3	1.70173E+1
-4.70669E-1	-4.28570E-1	2.99186E+2	1.00004E-4	1.70174E-3	1.70167E+1
-4.83790E-1	-4.40686E-1	2.99185E+2	1.00004E-4	1.70177E-3	1.70169E+1
-4.96580E-1	-4.52783E-1	2.99185E+2	1.00004E-4	1.70130E-3	1.70123E+1
-5.08818E-1	-4.64894E-1	2.99185E+2	1.00004E-4	1.70235E-3	1.70227E+1
-5.21191E-1	-4.76968E-1	2.99183E+2	1.00004E-4	1.70265E-3	1.70258E+1
-5.34320E-1	-4.88951E-1	2.99181E+2	1.00004E-4	1.70271E-3	1.70264E+1
-5.47216E-1	-5.00974E-1	2.99180E+2	1.00004E-4	1.70301E-3	1.70294E+1
-5.59739E-1	-5.13067E-1	2.99178E+2	1.00004E-4	1.70229E-3	1.70222E+1
-5.72529E-1	-5.25231E-1	2.99177E+2	1.00004E-4	1.70150E-3	1.70143E+1
-5.84894E-1	-5.37428E-1	2.99176E+2	1.00004E-4	1.70155E-3	1.70148E+1
-5.97187E-1	-5.49496E-1	2.99177E+2	1.00004E-4	1.70176E-3	1.70169E+1
-6.10358E-1	-5.61631E-1	2.99177E+2	1.00004E-4	1.70155E-3	1.70148E+1
-6.23089E-1	-5.73771E-1	2.99175E+2	1.00004E-4	1.70142E-3	1.70135E+1
-6.35570E-1	-5.85937E-1	2.99174E+2	1.00004E-4	1.70166E-3	1.70158E+1
-6.48154E-1	-5.98104E-1	2.99173E+2	1.00004E-4	1.70204E-3	1.70197E+1
-6.60612E-1	-6.10117E-1	2.99170E+2	1.00004E-4	1.70298E-3	1.70291E+1
-6.73080E-1	-6.22229E-1	2.99170E+2	1.00004E-4	1.70395E-3	1.70388E+1
-6.85795E-1	-6.34406E-1	2.99171E+2	1.00004E-4	1.70432E-3	1.70425E+1
-6.99005E-1	-6.46521E-1	2.99172E+2	1.00004E-4	1.70402E-3	1.70395E+1
-7.11709E-1	-6.58676E-1	2.99172E+2	1.00004E-4	1.70398E-3	1.70391E+1
-7.24275E-1	-6.70932E-1	2.99170E+2	1.00004E-4	1.70338E-3	1.70331E+1
-7.36989E-1	-6.83063E-1	2.99170E+2	1.00004E-4	1.70394E-3	1.70386E+1
-7.49306E-1	-6.95151E-1	2.99170E+2	1.00004E-4	1.70420E-3	1.70412E+1
-7.61969E-1	-7.07345E-1	2.99170E+2	1.00004E-4	1.70321E-3	1.70314E+1
-7.74929E-1	-7.19514E-1	2.99170E+2	1.00004E-4	1.70272E-3	1.70265E+1
-7.87649E-1	-7.31684E-1	2.99169E+2	1.00004E-4	1.70308E-3	1.70301E+1
-8.00089E-1	-7.43943E-1	2.99169E+2	1.00004E-4	1.70422E-3	1.70415E+1
-8.12270E-1	-7.56288E-1	2.99169E+2	1.00004E-4	1.70393E-3	1.70386E+1
-8.24941E-1	-7.68528E-1	2.99170E+2	1.00004E-4	1.70338E-3	1.70330E+1
-8.37846E-1	-7.80738E-1	2.99171E+2	1.00004E-4	1.70241E-3	1.70234E+1
-8.50780E-1	-7.93029E-1	2.99171E+2	1.00004E-4	1.70160E-3	1.70152E+1
-8.63499E-1	-8.05238E-1	2.99170E+2	1.00004E-4	1.70193E-3	1.70186E+1
-8.75694E-1	-8.17597E-1	2.99171E+2	1.00004E-4	1.70263E-3	1.70256E+1
-8.88463E-1	-8.29955E-1	2.99173E+2	1.00004E-4	1.70292E-3	1.70285E+1
-9.01224E-1	-8.42202E-1	2.99174E+2	1.00004E-4	1.70337E-3	1.70330E+1
-9.13397E-1	-8.54681E-1	2.99175E+2	1.00004E-4	1.70371E-3	1.70364E+1
-9.26789E-1	-8.67153E-1	2.99176E+2	1.00004E-4	1.70318E-3	1.70311E+1
-9.40040E-1	-8.79619E-1	2.99175E+2	1.00004E-4	1.70235E-3	1.70228E+1
-9.52078E-1	-8.92114E-1	2.99176E+2	1.00004E-4	1.70258E-3	1.70251E+1
-9.63881E-1	-9.04589E-1	2.99177E+2	1.00004E-4	1.70324E-3	1.70317E+1
-9.77083E-1	-9.17272E-1	2.99179E+2	1.00004E-4	1.70339E-3	1.70332E+1
-9.90135E-1	-9.29987E-1	2.99180E+2	1.00004E-4	1.70327E-3	1.70319E+1
-1.00269E+0	-9.42672E-1	2.99180E+2	1.00004E-4	1.70342E-3	1.70335E+1
-1.01542E+0	-9.55301E-1	2.99182E+2	1.00004E-4	1.70366E-3	1.70359E+1
-1.02788E+0	-9.68107E-1	2.99183E+2	1.00004E-4	1.70345E-3	1.70337E+1
-1.04055E+0	-9.80989E-1	2.99182E+2	1.00004E-4	1.70240E-3	1.70232E+1
-1.05296E+0	-9.93806E-1	2.99184E+2	1.00004E-4	1.70228E-3	1.70220E+1
-1.06546E+0	-1.00640E+0	2.99186E+2	1.00004E-4	1.70175E-3	1.70168E+1
-1.07866E+0	-1.01877E+0	2.99187E+2	1.00004E-4	1.70079E-3	1.70072E+1
-1.09200E+0	-1.03125E+0	2.99189E+2	1.00004E-4	1.70082E-3	1.70075E+1
-1.10434E+0	-1.04389E+0	2.99191E+2	1.00004E-4	1.70122E-3	1.70115E+1
-1.11594E+0	-1.05645E+0	2.99191E+2	1.00004E-4	1.70230E-3	1.70223E+1
-1.12906E+0	-1.06889E+0	2.99192E+2	1.00004E-4	1.70179E-3	1.70172E+1
-1.14203E+0	-1.08136E+0	2.99195E+2	1.00004E-4	1.70171E-3	1.70163E+1
-1.15485E+0	-1.09363E+0	2.99194E+2	1.00004E-4	1.70163E-3	1.70156E+1
-1.16784E+0	-1.10584E+0	2.99196E+2	1.00004E-4	1.70080E-3	1.70073E+1
-1.17987E+0	-1.11818E+0	2.99198E+2	1.00004E-4	1.70113E-3	1.70106E+1
-1.19249E+0	-1.13039E+0	2.99199E+2	1.00004E-4	1.70144E-3	1.70137E+1
-1.20526E+0	-1.14270E+0	2.99200E+2	1.00004E-4	1.70141E-3	1.70134E+1
-1.21831E+0	-1.15499E+0	2.99203E+2	1.00004E-4	1.70089E-3	1.70082E+1
-1.23113E+0	-1.16714E+0	2.99204E+2	1.00004E-4	1.70023E-3	1.70015E+1
-1.24280E+0	-1.17956E+0	2.99206E+2	1.00004E-4	1.69944E-3	1.69936E+1
-1.25569E+0	-1.19195E+0	2.99207E+2	1.00004E-4	1.69925E-3	1.69918E+1
-1.26826E+0	-1.20412E+0	2.99209E+2	1.00004E-4	1.70007E-3	1.70000E+1
-1.28097E+0	-1.21636E+0	2.99213E+2	1.00004E-4	1.70099E-3	1.70092E+1
-1.29414E+0	-1.22877E+0	2.99213E+2	1.00004E-4	1.70100E-3	1.70093E+1
-1.30711E+0	-1.24112E+0	2.99214E+2	1.00004E-4	1.70078E-3	1.70071E+1
-1.31932E+0	-1.25326E+0	2.99217E+2	1.00004E-4	1.70042E-3	1.70035E+1
-1.33156E+0	-1.26556E+0	2.99219E+2	1.00004E-4	1.70109E-3	1.70102E+1
-1.34484E+0	-1.27787E+0	2.99220E+2	1.00004E-4	1.70094E-3	1.70087E+1
-1.35761E+0	-1.29018E+0	2.99223E+2	1.00004E-4	1.70038E-3	1.70031E+1
-1.37054E+0	-1.30254E+0	2.99223E+2	1.00004E-4	1.70072E-3	1.70065E+1
-1.38246E+0	-1.31501E+0	2.99222E+2	1.00004E-4	1.70048E-3	1.70041E+1
-1.39489E+0	-1.32747E+0	2.99227E+2	1.00004E-4	1.70127E-3	1.70120E+1
-1.40843E+0	-1.33973E+0	2.99231E+2	1.00004E-4	1.70193E-3	1.70186E+1
-1.42056E+0	-1.35217E+0	2.99230E+2	1.00004E-4	1.70187E-3	1.70180E+1
-1.43357E+0	-1.36463E+0	2.99231E+2	1.00004E-4	1.70228E-3	1.70221E+1
-1.44595E+0	-1.37691E+0	2.99234E+2	1.00004E-4	1.70206E-3	1.70199E+1
-1.45918E+0	-1.38926E+0	2.99236E+2	1.00004E-4	1.70174E-3	1.70167E+1
-1.47204E+0	-1.40161E+0	2.99238E+2	1.00004E-4	1.70227E-3	1.70219E+1
-1.48401E+0	-1.41384E+0	2.99241E+2	1.00004E-4	1.70230E-3	1.70223E+1
-1.49664E+0	-1.42615E+0	2.99242E+2	1.00004E-4	1.70186E-3	1.70179E+1
-1.50882E+0	-1.43858E+0	2.99242E+2	1.00004E-4	1.70176E-3	1.70169E+1
-1.52218E+0	-1.45084E+0	2.99244E+2	1.00004E-4	1.70172E-3	1.70165E+1
-1.53494E+0	-1.46310E+0	2.99247E+2	1.00004E-4	1.70188E-3	1.70181E+1
-1.54656E+0	-1.47557E+0	2.99248E+2	1.00004E-4	1.70157E-3	1.70150E+1
-1.55930E+0	-1.48793E+0	2.99249E+2	1.00004E-4	1.70111E-3	1.70104E+1
-1.57228E+0	-1.50025E+0	2.99250E+2	1.00004E-4	1.70073E-3	1.70066E+1
-1.58507E+0	-1.51257E+0	2.99252E+2	1.00004E-4	1.70102E-3	1.70094E+1
-1.59792E+0	-1.52489E+0	2.99255E+2	1.00004E-4	1.70116E-3	1.70108E+1
-1.61097E+0	-1.53724E+0	2.99256E+2	1.00004E-4	1.70148E-3	1.70141E+1
-1.62345E+0	-1.54967E+0	2.99256E+2	1.00004E-4	1.70154E-3	1.70146E+1
-1.63514E+0	-1.56216E+0	2.99258E+2	1.00004E-4	1.70100E-3	1.70092E+1
-1.64796E+0	-1.57457E+0	2.99261E+2	1.00004E-4	1.70145E-3	1.70138E+1
-1.66088E+0	-1.58687E+0	2.99263E+2	1.00004E-4	1.70215E-3	1.70207E+1
-1.67374E+0	-1.59923E+0	2.99264E+2	1.00004E-4	1.70235E-3	1.70228E+1
-1.68647E+0	-1.61165E+0	2.99266E+2	1.00004E-4	1.70163E-3	1.70155E+1
-1.69900E+0	-1.62396E+0	2.99266E+2	1.00004E-4	1.70069E-3	1.70061E+1
-1.71179E+0	-1.63631E+0	2.99265E+2	1.00004E-4	1.70083E-3	1.70076E+1
-1.72466E+0	-1.64867E+0	2.99268E+2	1.00004E-4	1.70168E-3	1.70161E+1
-1.73742E+0	-1.66107E+0	2.99271E+2	1.00004E-4	1.70301E-3	1.70294E+1
-1.74980E+0	-1.67352E+0	2.99271E+2	1.00004E-4	1.70314E-3	1.70307E+1
-1.76152E+0	-1.68588E+0	2.99273E+2	1.00004E-4	1.70180E-3	1.70173E+1
-1.77445E+0	-1.69826E+0	2.99274E+2	1.00004E-4	1.70044E-3	1.70037E+1
-1.78767E+0	-1.71069E+0	2.99276E+2	1.00004E-4	1.69990E-3	1.69983E+1
-1.80076E+0	-1.72305E+0	2.99276E+2	1.00004E-4	1.69940E-3	1.69933E+1
-1.81310E+0	-1.73544E+0	2.99277E+2	1.00004E-4	1.69929E-3	1.69921E+1
-1.82591E+0	-1.74800E+0	2.99279E+2	1.00004E-4	1.69945E-3	1.69938E+1
-1.83864E+0	-1.76038E+0	2.99280E+2	1.00004E-4	1.69989E-3	1.69982E+1
-1.85072E+0	-1.77273E+0	2.99281E+2	1.00004E-4	1.70019E-3	1.70011E+1
-1.86369E+0	-1.78519E+0	2.99285E+2	1.00004E-4	1.70006E-3	1.69999E+1
-1.87653E+0	-1.79759E+0	2.99285E+2	1.00004E-4	1.69960E-3	1.69953E+1
-1.88959E+0	-1.81009E+0	2.99285E+2	1.00004E-4	1.69972E-3	1.69965E+1
-1.90230E+0	-1.82257E+0	2.99287E+2	1.00004E-4	1.70047E-3	1.70040E+1
-1.91435E+0	-1.83491E+0	2.99288E+2	1.00004E-4	1.70068E-3	1.70061E+1
-1.92685E+0	-1.84739E+0	2.99289E+2	1.00004E-4	1.70089E-3	1.70082E+1
-1.93879E+0	-1.85991E+0	2.99290E+2	1.00004E-4	1.70130E-3	1.70123E+1
-1.95233E+0	-1.87237E+0	2.99289E+2	1.00004E-4	1.70160E-3	1.70153E+1
-1.96513E+0	-1.88475E+0	2.99292E+2	1.00004E-4	1.70129E-3	1.70122E+1
-1.97643E+0	-1.89709E+0	2.99293E+2	1.00004E-4	1.70099E-3	1.70092E+1
-1.98987E+0	-1.90959E+0	2.99292E+2	1.00004E-4	1.70212E-3	1.70205E+1
-1.99937E+0	-1.92152E+0	2.99293E+2	1.00004E-4	1.70365E-3	1.70357E+1
-2.00176E+0	-1.93106E+0	2.99295E+2	1.00004E-4	1.70311E-3	1.70303E+1
-2.00176E+0	-1.93745E+0	2.99297E+2	1.00004E-4	1.70231E-3	1.70223E+1
-2.00152E+0	-1.94141E+0	2.99298E+2	1.00004E-4	1.70273E-3	1.70266E+1
-2.00180E+0	-1.94362E+0	2.99299E+2	1.00004E-4	1.70262E-3	1.70255E+1
-2.00166E+0	-1.94465E+0	2.99300E+2	1.00004E-4	1.70259E-3	1.70251E+1
-1.99513E+0	-1.94508E+0	2.99299E+2	1.00004E-4	1.70248E-3	1.70240E+1
-1.98346E+0	-1.94491E+0	2.99299E+2	1.00004E-4	1.70261E-3	1.70253E+1
-1.97053E+0	-1.94396E+0	2.99299E+2	1.00004E-4	1.70276E-3	1.70269E+1
-1.95865E+0	-1.94060E+0	2.99301E+2	1.00004E-4	1.70256E-3	1.70248E+1
-1.94574E+0	-1.93191E+0	2.99302E+2	1.00004E-4	1.70283E-3	1.70276E+1
-1.93298E+0	-1.91947E+0	2.99301E+2	1.00004E-4	1.70247E-3	1.70240E+1
-1.91996E+0	-1.90621E+0	2.99302E+2	1.00004E-4	1.70182E-3	1.70174E+1
-1.90711E+0	-1.89300E+0	2.99302E+2	1.00004E-4	1.70179E-3	1.70172E+1
-1.89425E+0	-1.88030E+0	2.99303E+2	1.00004E-4	1.70235E-3	1.70228E+1
-1.88223E+0	-1.86784E+0	2.99302E+2	1.00004E-4	1.70373E-3	1.70365E+1
-1.87025E+0	-1.85545E+0	2.99304E+2	1.00004E-4	1.70375E-3	1.70367E+1
-1.85700E+0	-1.84305E+0	2.99304E+2	1.00004E-4	1.70333E-3	1.70325E+1
-1.84456E+0	-1.83055E+0	2.99304E+2	1.00004E-4	1.70219E-3	1.70212E+1
-1.83157E+0	-1.81815E+0	2.99304E+2	1.00004E-4	1.70050E-3	1.70043E+1
-1.81921E+0	-1.80587E+0	2.99307E+2	1.00004E-4	1.70054E-3	1.70047E+1
-1.80653E+0	-1.79363E+0	2.99309E+2	1.00004E-4	1.70091E-3	1.70084E+1
-1.79329E+0	-1.78122E+0	2.99309E+2	1.00004E-4	1.70052E-3	1.70045E+1
-1.78115E+0	-1.76876E+0	2.99310E+2	1.00004E-4	1.70193E-3	1.70186E+1
-1.76808E+0	-1.75640E+0	2.99309E+2	1.00004E-4	1.70356E-3	1.70348E+1
-1.75544E+0	-1.74411E+0	2.99308E+2	1.00004E-4	1.70289E-3	1.70282E+1
-1.74218E+0	-1.73184E+0	2.99309E+2	1.00004E-4	1.70344E-3	1.70337E+1
-1.73007E+0	-1.71950E+0	2.99311E+2	1.00004E-4	1.70424E-3	1.70417E+1
-1.71861E+0	-1.70699E+0	2.99312E+2	1.00004E-4	1.70413E-3	1.70406E+1
-1.70536E+0	-1.69445E+0	2.99313E+2	1.00004E-4	1.70326E-3	1.70318E+1
-1.69251E+0	-1.68217E+0	2.99315E+2	1.00004E-4	1.70249E-3	1.70242E+1
-1.67942E+0	-1.66986E+0	2.99316E+2	1.00004E-4	1.70291E-3	1.70283E+1
-1.66679E+0	-1.65743E+0	2.99318E+2	1.00004E-4	1.70191E-3	1.70184E+1
-1.65519E+0	-1.64505E+0	2.99318E+2	1.00004E-4	1.70117E-3	1.70110E+1
-1.64195E+0	-1.63268E+0	2.99319E+2	1.00004E-4	1.70315E-3	1.70307E+1
-1.62931E+0	-1.62033E+0	2.99320E+2	1.00004E-4	1.70385E-3	1.70378E+1
-1.61660E+0	-1.60789E+0	2.99321E+2	1.00004E-4	1.70264E-3	1.70256E+1
-1.60362E+0	-1.59545E+0	2.99322E+2	1.00004E-4	1.70149E-3	1.70142E+1
-1.59169E+0	-1.58310E+0	2.99325E+2	1.00004E-4	1.70190E-3	1.70182E+1
-1.57900E+0	-1.57080E+0	2.99325E+2	1.00004E-4	1.70135E-3	1.70128E+1
-1.56601E+0	-1.55849E+0	2.99326E+2	1.00004E-4	1.70176E-3	1.70168E+1
-1.55280E+0	-1.54603E+0	2.99325E+2	1.00004E-4	1.70250E-3	1.70243E+1
-1.54024E+0	-1.53356E+0	2.99327E+2	1.00004E-4	1.70193E-3	1.70186E+1
-1.52774E+0	-1.52128E+0	2.99327E+2	1.00004E-4	1.70129E-3	1.70122E+1
-1.51525E+0	-1.50901E+0	2.99328E+2	1.00004E-4	1.70101E-3	1.70094E+1
-1.50282E+0	-1.49666E+0	2.99329E+2	1.00004E-4	1.70181E-3	1.70173E+1
-1.49005E+0	-1.48427E+0	2.99328E+2	1.00004E-4	1.70149E-3	1.70142E+1
-1.47753E+0	-1.47191E+0	2.99328E+2	1.00004E-4	1.70195E-3	1.70188E+1
-1.46428E+0	-1.45949E+0	2.99329E+2	1.00004E-4	1.70237E-3	1.70230E+1
-1.45181E+0	-1.44699E+0	2.99331E+2	1.00004E-4	1.70100E-3	1.70093E+1
-1.43978E+0	-1.43459E+0	2.99331E+2	1.00004E-4	1.70050E-3	1.70042E+1
-1.42656E+0	-1.42229E+0	2.99330E+2	1.00004E-4	1.70059E-3	1.70052E+1
-1.41393E+0	-1.41005E+0	2.99331E+2	1.00004E-4	1.70048E-3	1.70041E+1
-1.40087E+0	-1.39763E+0	2.99332E+2	1.00004E-4	1.70135E-3	1.70128E+1
-1.38851E+0	-1.38519E+0	2.99331E+2	1.00004E-4	1.70189E-3	1.70181E+1
-1.37570E+0	-1.37294E+0	2.99330E+2	1.00004E-4	1.70258E-3	1.70251E+1
-1.36293E+0	-1.36061E+0	2.99330E+2	1.00004E-4	1.70323E-3	1.70316E+1
-1.35063E+0	-1.34829E+0	2.99329E+2	1.00004E-4	1.70379E-3	1.70372E+1
-1.33770E+0	-1.33598E+0	2.99328E+2	1.00004E-4	1.70417E-3	1.70410E+1
-1.32527E+0	-1.32351E+0	2.99329E+2	1.00004E-4	1.70261E-3	1.70253E+1
-1.31228E+0	-1.31109E+0	2.99331E+2	1.00004E-4	1.70277E-3	1.70270E+1
-1.30043E+0	-1.29881E+0	2.99330E+2	1.00004E-4	1.70388E-3	1.70381E+1
-1.28797E+0	-1.28652E+0	2.99328E+2	1.00004E-4	1.70366E-3	1.70358E+1
-1.27481E+0	-1.27421E+0	2.99327E+2	1.00004E-4	1.70343E-3	1.70335E+1
-1.26218E+0	-1.26176E+0	2.99327E+2	1.00004E-4	1.70216E-3	1.70209E+1
-1.24919E+0	-1.24940E+0	2.99326E+2	1.00004E-4	1.70206E-3	1.70199E+1
-1.23701E+0	-1.23709E+0	2.99327E+2	1.00004E-4	1.70256E-3	1.70249E+1
-1.22453E+0	-1.22473E+0	2.99325E+2	1.00004E-4	1.70310E-3	1.70303E+1
-1.21156E+0	-1.21245E+0	2.99323E+2	1.00004E-4	1.70338E-3	1.70330E+1
-1.19924E+0	-1.20003E+0	2.99322E+2	1.00004E-4	1.70288E-3	1.70281E+1
-1.18635E+0	-1.18762E+0	2.99320E+2	1.00004E-4	1.70221E-3	1.70214E+1
-1.17337E+0	-1.17532E+0	2.99321E+2	1.00004E-4	1.70200E-3	1.70193E+1
-1.15991E+0	-1.16288E+0	2.99321E+2	1.00004E-4	1.70198E-3	1.70191E+1
-1.14777E+0	-1.15048E+0	2.99320E+2	1.00004E-4	1.70198E-3	1.70191E+1
-1.13584E+0	-1.13817E+0	2.99319E+2	1.00004E-4	1.70196E-3	1.70189E+1
-1.12278E+0	-1.12580E+0	2.99318E+2	1.00004E-4	1.70271E-3	1.70263E+1
-1.11038E+0	-1.11346E+0	2.99316E+2	1.00004E-4	1.70354E-3	1.70347E+1
-1.09704E+0	-1.10116E+0	2.99315E+2	1.00004E-4	1.70323E-3	1.70315E+1
-1.08470E+0	-1.08876E+0	2.99316E+2	1.00004E-4	1.70252E-3	1.70245E+1
-1.07301E+0	-1.07636E+0	2.99315E+2	1.00004E-4	1.70216E-3	1.70209E+1
-1.06020E+0	-1.06386E+0	2.99314E+2	1.00004E-4	1.70222E-3	1.70215E+1
-1.04719E+0	-1.05122E+0	2.99313E+2	1.00004E-4	1.70247E-3	1.70240E+1
-1.03376E+0	-1.03872E+0	2.99311E+2	1.00004E-4	1.70271E-3	1.70264E+1
-1.02146E+0	-1.02620E+0	2.99309E+2	1.00004E-4	1.70276E-3	1.70270E+1
-1.00843E+0	-1.01362E+0	2.99310E+2	1.00004E-4	1.70230E-3	1.70223E+1
-9.95845E-1	-1.00099E+0	2.99310E+2	1.00004E-4	1.70251E-3	1.70244E+1
-9.83922E-1	-9.88345E-1	2.99309E+2	1.00004E-4	1.70237E-3	1.70230E+1
-9.70996E-1	-9.75550E-1	2.99308E+2	1.00004E-4	1.70163E-3	1.70155E+1
-9.58257E-1	-9.62501E-1	2.99306E+2	1.00004E-4	1.70147E-3	1.70140E+1
-9.45464E-1	-9.49592E-1	2.99304E+2	1.00004E-4	1.70131E-3	1.70124E+1
-9.32717E-1	-9.36851E-1	2.99303E+2	1.00004E-4	1.70210E-3	1.70202E+1
-9.20242E-1	-9.24180E-1	2.99303E+2	1.00004E-4	1.70235E-3	1.70228E+1
-9.07594E-1	-9.11433E-1	2.99302E+2	1.00004E-4	1.70140E-3	1.70133E+1
-8.94898E-1	-8.98655E-1	2.99301E+2	1.00004E-4	1.70133E-3	1.70126E+1
-8.82005E-1	-8.86044E-1	2.99299E+2	1.00004E-4	1.70208E-3	1.70201E+1
-8.69214E-1	-8.73642E-1	2.99299E+2	1.00004E-4	1.70200E-3	1.70193E+1
-8.56267E-1	-8.61215E-1	2.99298E+2	1.00004E-4	1.70148E-3	1.70140E+1
-8.43845E-1	-8.48659E-1	2.99295E+2	1.00004E-4	1.70137E-3	1.70129E+1
-8.31881E-1	-8.36244E-1	2.99294E+2	1.00004E-4	1.70224E-3	1.70217E+1
-8.18785E-1	-8.23820E-1	2.99296E+2	1.00004E-4	1.70197E-3	1.70190E+1
-8.06204E-1	-8.11334E-1	2.99294E+2	1.00004E-4	1.70125E-3	1.70118E+1
-7.93466E-1	-7.99077E-1	2.99292E+2	1.00004E-4	1.70124E-3	1.70117E+1
-7.81000E-1	-7.86882E-1	2.99290E+2	1.00004E-4	1.70113E-3	1.70106E+1
-7.68778E-1	-7.74480E-1	2.99290E+2	1.00004E-4	1.70215E-3	1.70208E+1
-7.56085E-1	-7.62164E-1	2.99290E+2	1.00004E-4	1.70326E-3	1.70319E+1
-7.43098E-1	-7.49833E-1	2.99289E+2	1.00004E-4	1.70301E-3	1.70294E+1
-7.29821E-1	-7.37536E-1	2.99287E+2	1.00004E-4	1.70306E-3	1.70298E+1
-7.17544E-1	-7.25310E-1	2.99287E+2	1.00004E-4	1.70313E-3	1.70306E+1
-7.05089E-1	-7.13153E-1	2.99286E+2	1.00004E-4	1.70259E-3	1.70252E+1
-6.92247E-1	-7.00954E-1	2.99285E+2	1.00004E-4	1.70274E-3	1.70267E+1
-6.79667E-1	-6.88752E-1	2.99284E+2	1.00004E-4	1.70273E-3	1.70266E+1
-6.66519E-1	-6.76506E-1	2.99286E+2	1.00004E-4	1.70249E-3	1.70242E+1
-6.54332E-1	-6.64226E-1	2.99286E+2	1.00004E-4	1.70320E-3	1.70313E+1
-6.41739E-1	-6.52136E-1	2.99282E+2	1.00004E-4	1.70292E-3	1.70285E+1
-6.28661E-1	-6.40044E-1	2.99281E+2	1.00004E-4	1.70147E-3	1.70140E+1
-6.16528E-1	-6.27891E-1	2.99281E+2	1.00004E-4	1.70088E-3	1.70081E+1
-6.03903E-1	-6.15558E-1	2.99279E+2	1.00004E-4	1.70080E-3	1.70073E+1
-5.91022E-1	-6.03273E-1	2.99278E+2	1.00004E-4	1.70024E-3	1.70017E+1
-5.78213E-1	-5.91086E-1	2.99278E+2	1.00004E-4	1.69950E-3	1.69943E+1
-5.65145E-1	-5.78999E-1	2.99278E+2	1.00004E-4	1.69932E-3	1.69924E+1
-5.53391E-1	-5.66905E-1	2.99276E+2	1.00004E-4	1.69918E-3	1.69911E+1
-5.40585E-1	-5.54611E-1	2.99275E+2	1.00004E-4	1.69960E-3	1.69952E+1
-5.27469E-1	-5.42421E-1	2.99274E+2	1.00004E-4	1.70009E-3	1.70001E+1
-5.15005E-1	-5.30190E-1	2.99274E+2	1.00004E-4	1.69985E-3	1.69978E+1
-5.02698E-1	-5.17948E-1	2.99274E+2	1.00004E-4	1.69894E-3	1.69886E+1
-4.89097E-1	-5.05801E-1	2.99273E+2	1.00004E-4	1.69879E-3	1.69872E+1
-4.76165E-1	-4.93507E-1	2.99272E+2	1.00004E-4	1.69980E-3	1.69973E+1
-4.64415E-1	-4.81182E-1	2.99271E+2	1.00004E-4	1.69998E-3	1.69991E+1
-4.51859E-1	-4.69019E-1	2.99271E+2	1.00004E-4	1.69982E-3	1.69975E+1
-4.38876E-1	-4.56759E-1	2.99270E+2	1.00004E-4	1.69935E-3	1.69928E+1
-4.25698E-1	-4.44450E-1	2.99268E+2	1.00004E-4	1.69813E-3	1.69806E+1
-4.13526E-1	-4.32191E-1	2.99267E+2	1.00004E-4	1.69635E-3	1.69627E+1
-4.01328E-1	-4.19945E-1	2.99267E+2	1.00004E-4	1.69616E-3	1.69609E+1
-3.88656E-1	-4.07636E-1	2.99266E+2	1.00004E-4	1.69751E-3	1.69744E+1
-3.75847E-1	-3.95241E-1	2.99265E+2	1.00004E-4	1.69759E-3	1.69752E+1
-3.62846E-1	-3.82965E-1	2.99265E+2	1.00004E-4	1.69797E-3	1.69789E+1
-3.50176E-1	-3.70309E-1	2.99264E+2	1.00004E-4	1.69897E-3	1.69889E+1
-3.37920E-1	-3.57637E-1	2.99265E+2	1.00004E-4	1.69928E-3	1.69921E+1
-3.25184E-1	-3.45275E-1	2.99264E+2	1.00004E-4	1.69864E-3	1.69856E+1
-3.12233E-1	-3.32869E-1	2.99263E+2	1.00004E-4	1.69873E-3	1.69866E+1
-2.99493E-1	-3.20484E-1	2.99264E+2	1.00004E-4	1.69901E-3	1.69893E+1
-2.87050E-1	-3.08118E-1	2.99264E+2	1.00004E-4	1.69961E-3	1.69954E+1
-2.74194E-1	-2.95683E-1	2.99261E+2	1.00004E-4	1.70026E-3	1.70019E+1
-2.61433E-1	-2.83245E-1	2.99260E+2	1.00004E-4	1.69974E-3	1.69966E+1
-2.48745E-1	-2.70778E-1	2.99261E+2	1.00004E-4	1.69930E-3	1.69923E+1
-2.36198E-1	-2.58135E-1	2.99262E+2	1.00004E-4	1.69976E-3	1.69969E+1
-2.23775E-1	-2.45644E-1	2.99260E+2	1.00004E-4	1.69927E-3	1.69920E+1
-2.10757E-1	-2.33181E-1	2.99260E+2	1.00004E-4	1.69962E-3	1.69955E+1
-1.98285E-1	-2.20589E-1	2.99259E+2	1.00004E-4	1.69997E-3	1.69990E+1
-1.86070E-1	-2.08053E-1	2.99260E+2	1.00004E-4	1.69980E-3	1.69972E+1
-1.73128E-1	-1.95395E-1	2.99261E+2	1.00004E-4	1.69986E-3	1.69978E+1
-1.60282E-1	-1.82825E-1	2.99260E+2	1.00004E-4	1.69972E-3	1.69965E+1
-1.47819E-1	-1.70217E-1	2.99257E+2	1.00004E-4	1.69977E-3	1.69971E+1
-1.35964E-1	-1.57502E-1	2.99257E+2	1.00004E-4	1.70037E-3	1.70030E+1
-1.23214E-1	-1.44953E-1	2.99258E+2	1.00004E-4	1.70114E-3	1.70107E+1
-1.10046E-1	-1.32296E-1	2.99259E+2	1.00004E-4	1.70120E-3	1.70113E+1
-9.73249E-2	-1.19573E-1	2.99257E+2	1.00004E-4	1.70232E-3	1.70225E+1
-8.47796E-2	-1.07006E-1	2.99256E+2	1.00004E-4	1.70231E-3	1.70224E+1
-7.21986E-2	-9.45460E-2	2.99257E+2	1.00004E-4	1.70036E-3	1.70029E+1
-5.95993E-2	-8.20147E-2	2.99258E+2	1.00004E-4	1.70002E-3	1.69995E+1
-4.66152E-2	-6.92351E-2	2.99257E+2	1.00004E-4	1.70054E-3	1.70047E+1
-3.34366E-2	-5.64798E-2	2.99253E+2	1.00004E-4	1.70181E-3	1.70174E+1
-2.12401E-2	-4.39461E-2	2.99254E+2	1.00004E-4	1.70228E-3	1.70221E+1
-9.52895E-3	-3.17622E-2	2.99255E+2	1.00004E-4	1.70023E-3	1.70015E+1
-1.86105E-3	-2.03769E-2	2.99254E+2	1.00004E-4	1.69968E-3	1.69961E+1
-4.70000E-4	-1.12745E-2	2.99253E+2	1.00004E-4	1.69985E-3	1.69978E+1
-4.70000E-4	-5.41223E-3	2.99255E+2	1.00004E-4	1.69970E-3	1.69963E+1
-7.59178E-4	-2.14392E-3	2.99254E+2	1.00004E-4	1.70019E-3	1.70012E+1
-6.46403E-4	-5.58469E-4	2.99255E+2	1.00004E-4	1.70077E-3	1.70070E+1
-9.50000E-4	2.39336E-4	2.99254E+2	1.00004E-4	1.70128E-3	1.70121E+1
8.10969E-3	1.17734E-3	2.99253E+2	1.00004E-4	1.70186E-3	1.70179E+1
1.96382E-2	3.92234E-3	2.99252E+2	1.00004E-4	1.70198E-3	1.70191E+1
3.23901E-2	1.06417E-2	2.99253E+2	1.00004E-4	1.70169E-3	1.70162E+1
4.50437E-2	2.13128E-2	2.99254E+2	1.00004E-4	1.70146E-3	1.70139E+1
5.79248E-2	3.32107E-2	2.99253E+2	1.00004E-4	1.70074E-3	1.70067E+1
7.06626E-2	4.50362E-2	2.99252E+2	1.00004E-4	1.70075E-3	1.70068E+1
8.29022E-2	5.70701E-2	2.99251E+2	1.00004E-4	1.70214E-3	1.70207E+1
9.49567E-2	6.95450E-2	2.99250E+2	1.00004E-4	1.70244E-3	1.70237E+1
1.07747E-1	8.22038E-2	2.99251E+2	1.00004E-4	1.70184E-3	1.70177E+1
1.20893E-1	9.49915E-2	2.99253E+2	1.00004E-4	1.70138E-3	1.70130E+1
1.33877E-1	1.07612E-1	2.99252E+2	1.00004E-4	1.70221E-3	1.70214E+1
1.46287E-1	1.20086E-1	2.99253E+2	1.00004E-4	1.70316E-3	1.70308E+1
1.58592E-1	1.32057E-1	2.99254E+2	1.00004E-4	1.70207E-3	1.70199E+1
1.71046E-1	1.44045E-1	2.99253E+2	1.00004E-4	1.70082E-3	1.70075E+1
1.83741E-1	1.56193E-1	2.99253E+2	1.00004E-4	1.70137E-3	1.70130E+1
1.96702E-1	1.68064E-1	2.99254E+2	1.00004E-4	1.70235E-3	1.70228E+1
2.09237E-1	1.79851E-1	2.99255E+2	1.00004E-4	1.70243E-3	1.70236E+1
2.21724E-1	1.91566E-1	2.99256E+2	1.00004E-4	1.70259E-3	1.70252E+1
2.34584E-1	2.03204E-1	2.99255E+2	1.00004E-4	1.70233E-3	1.70226E+1
2.47208E-1	2.14929E-1	2.99256E+2	1.00004E-4	1.70170E-3	1.70163E+1
2.59595E-1	2.27016E-1	2.99259E+2	1.00004E-4	1.70132E-3	1.70124E+1
2.72372E-1	2.39190E-1	2.99259E+2	1.00004E-4	1.70117E-3	1.70110E+1
2.85271E-1	2.51380E-1	2.99259E+2	1.00004E-4	1.70263E-3	1.70256E+1
2.98694E-1	2.63732E-1	2.99258E+2	1.00004E-4	1.70360E-3	1.70353E+1
3.11440E-1	2.76285E-1	2.99259E+2	1.00004E-4	1.70374E-3	1.70367E+1
3.23718E-1	2.88699E-1	2.99259E+2	1.00004E-4	1.70304E-3	1.70297E+1
3.36649E-1	3.00985E-1	2.99259E+2	1.00004E-4	1.70284E-3	1.70276E+1
3.48985E-1	3.13419E-1	2.99260E+2	1.00004E-4	1.70287E-3	1.70280E+1
3.61343E-1	3.25738E-1	2.99260E+2	1.00004E-4	1.70236E-3	1.70229E+1
3.73842E-1	3.37948E-1	2.99259E+2	1.00004E-4	1.70313E-3	1.70305E+1
3.86531E-1	3.50119E-1	2.99260E+2	1.00004E-4	1.70178E-3	1.70171E+1
3.99673E-1	3.62229E-1	2.99260E+2	1.00004E-4	1.70092E-3	1.70085E+1
4.12015E-1	3.72288E-1	2.99259E+2	1.00004E-4	1.70163E-3	1.70156E+1
4.24284E-1	3.83604E-1	2.99257E+2	1.00004E-4	1.70232E-3	1.70225E+1
4.37331E-1	3.97409E-1	2.99257E+2	1.00004E-4	1.70367E-3	1.70359E+1
4.50133E-1	4.10597E-1	2.99257E+2	1.00004E-4	1.70272E-3	1.70265E+1
4.62678E-1	4.23668E-1	2.99256E+2	1.00004E-4	1.70131E-3	1.70124E+1
4.74802E-1	4.36288E-1	2.99256E+2	1.00004E-4	1.70121E-3	1.70114E+1
4.87980E-1	4.48353E-1	2.99255E+2	1.00004E-4	1.70090E-3	1.70082E+1
5.00503E-1	4.60414E-1	2.99255E+2	1.00004E-4	1.70080E-3	1.70073E+1
5.13096E-1	4.72431E-1	2.99254E+2	1.00004E-4	1.70142E-3	1.70135E+1
5.25704E-1	4.84286E-1	2.99252E+2	1.00004E-4	1.70323E-3	1.70316E+1
5.38294E-1	4.96247E-1	2.99251E+2	1.00004E-4	1.70244E-3	1.70237E+1
5.51271E-1	5.08221E-1	2.99249E+2	1.00004E-4	1.70158E-3	1.70150E+1
5.63568E-1	5.20030E-1	2.99249E+2	1.00004E-4	1.70238E-3	1.70231E+1
5.76259E-1	5.31975E-1	2.99249E+2	1.00004E-4	1.70110E-3	1.70102E+1
5.88941E-1	5.44014E-1	2.99248E+2	1.00004E-4	1.69909E-3	1.69902E+1
6.01215E-1	5.55988E-1	2.99247E+2	1.00004E-4	1.70011E-3	1.70003E+1
6.14393E-1	5.68032E-1	2.99245E+2	1.00004E-4	1.70057E-3	1.70050E+1
6.27403E-1	5.80104E-1	2.99242E+2	1.00004E-4	1.70024E-3	1.70016E+1
6.40121E-1	5.92134E-1	2.99241E+2	1.00004E-4	1.69880E-3	1.69872E+1
6.52510E-1	6.04309E-1	2.99242E+2	1.00004E-4	1.69698E-3	1.69692E+1
6.65115E-1	6.16407E-1	2.99242E+2	1.00004E-4	1.69684E-3	1.69677E+1
6.78313E-1	6.28368E-1	2.99242E+2	1.00004E-4	1.69679E-3	1.69671E+1
6.90493E-1	6.40457E-1	2.99241E+2	1.00004E-4	1.69786E-3	1.69779E+1
7.03023E-1	6.52608E-1	2.99239E+2	1.00004E-4	1.69868E-3	1.69861E+1
7.16248E-1	6.64714E-1	2.99238E+2	1.00004E-4	1.69933E-3	1.69926E+1
7.28923E-1	6.76874E-1	2.99238E+2	1.00004E-4	1.70064E-3	1.70057E+1
7.41040E-1	6.89140E-1	2.99237E+2	1.00004E-4	1.70119E-3	1.70111E+1
7.53075E-1	7.01353E-1	2.99238E+2	1.00004E-4	1.69983E-3	1.69976E+1
7.66615E-1	7.13512E-1	2.99238E+2	1.00004E-4	1.70000E-3	1.69993E+1
7.79429E-1	7.25614E-1	2.99236E+2	1.00004E-4	1.70052E-3	1.70045E+1
7.91994E-1	7.37817E-1	2.99234E+2	1.00004E-4	1.70007E-3	1.70000E+1
8.04349E-1	7.50104E-1	2.99233E+2	1.00004E-4	1.69954E-3	1.69947E+1
8.17590E-1	7.62298E-1	2.99234E+2	1.00004E-4	1.69913E-3	1.69906E+1
8.30625E-1	7.74631E-1	2.99233E+2	1.00004E-4	1.69875E-3	1.69868E+1
8.42565E-1	7.86951E-1	2.99233E+2	1.00004E-4	1.69911E-3	1.69904E+1
8.55177E-1	7.99183E-1	2.99231E+2	1.00004E-4	1.70012E-3	1.70004E+1
8.68050E-1	8.11511E-1	2.99232E+2	1.00004E-4	1.70076E-3	1.70069E+1
8.80503E-1	8.23880E-1	2.99234E+2	1.00004E-4	1.70264E-3	1.70257E+1
8.93142E-1	8.36266E-1	2.99234E+2	1.00004E-4	1.70153E-3	1.70146E+1
9.05048E-1	8.48744E-1	2.99234E+2	1.00004E-4	1.69918E-3	1.69911E+1
9.18308E-1	8.61185E-1	2.99233E+2	1.00004E-4	1.69928E-3	1.69920E+1
9.30982E-1	8.73630E-1	2.99232E+2	1.00004E-4	1.69868E-3	1.69861E+1
9.43872E-1	8.86120E-1	2.99233E+2	1.00004E-4	1.70045E-3	1.70038E+1
9.56416E-1	8.98670E-1	2.99234E+2	1.00004E-4	1.70327E-3	1.70320E+1
9.69651E-1	9.11297E-1	2.99233E+2	1.00004E-4	1.70330E-3	1.70323E+1
9.82458E-1	9.24010E-1	2.99234E+2	1.00004E-4	1.70111E-3	1.70103E+1
9.94274E-1	9.36738E-1	2.99234E+2	1.00004E-4	1.69975E-3	1.69968E+1
1.00707E+0	9.49411E-1	2.99233E+2	1.00004E-4	1.69985E-3	1.69978E+1
1.01958E+0	9.62213E-1	2.99233E+2	1.00004E-4	1.70036E-3	1.70029E+1
1.03209E+0	9.74965E-1	2.99234E+2	1.00004E-4	1.70119E-3	1.70112E+1
1.04503E+0	9.87656E-1	2.99235E+2	1.00004E-4	1.70180E-3	1.70172E+1
1.05741E+0	1.00054E+0	2.99233E+2	1.00004E-4	1.70089E-3	1.70082E+1
1.07025E+0	1.01341E+0	2.99232E+2	1.00004E-4	1.70005E-3	1.69998E+1
1.08309E+0	1.02589E+0	2.99235E+2	1.00004E-4	1.69973E-3	1.69966E+1
1.09574E+0	1.03810E+0	2.99234E+2	1.00004E-4	1.69978E-3	1.69971E+1
1.10863E+0	1.05027E+0	2.99235E+2	1.00004E-4	1.70099E-3	1.70091E+1
1.12072E+0	1.06245E+0	2.99235E+2	1.00004E-4	1.70087E-3	1.70080E+1
1.13356E+0	1.07475E+0	2.99235E+2	1.00004E-4	1.69995E-3	1.69987E+1
1.14660E+0	1.08707E+0	2.99234E+2	1.00004E-4	1.70183E-3	1.70176E+1
1.15947E+0	1.09926E+0	2.99235E+2	1.00004E-4	1.70185E-3	1.70178E+1
1.17213E+0	1.11155E+0	2.99235E+2	1.00004E-4	1.70070E-3	1.70062E+1
1.18478E+0	1.12386E+0	2.99235E+2	1.00004E-4	1.70155E-3	1.70147E+1
1.19700E+0	1.13597E+0	2.99237E+2	1.00004E-4	1.70148E-3	1.70141E+1
1.20910E+0	1.14826E+0	2.99237E+2	1.00004E-4	1.70095E-3	1.70088E+1
1.22224E+0	1.16058E+0	2.99237E+2	1.00004E-4	1.70066E-3	1.70059E+1
1.23514E+0	1.17278E+0	2.99239E+2	1.00004E-4	1.70162E-3	1.70154E+1
1.24826E+0	1.18512E+0	2.99240E+2	1.00004E-4	1.70197E-3	1.70190E+1
1.26075E+0	1.19739E+0	2.99240E+2	1.00004E-4	1.70173E-3	1.70165E+1
1.27247E+0	1.20954E+0	2.99240E+2	1.00004E-4	1.70208E-3	1.70201E+1
1.28523E+0	1.22180E+0	2.99241E+2	1.00004E-4	1.70241E-3	1.70234E+1
1.29818E+0	1.23417E+0	2.99242E+2	1.00004E-4	1.70205E-3	1.70198E+1
1.31132E+0	1.24647E+0	2.99243E+2	1.00004E-4	1.70187E-3	1.70180E+1
1.32334E+0	1.25867E+0	2.99243E+2	1.00004E-4	1.70269E-3	1.70262E+1
1.33530E+0	1.27087E+0	2.99245E+2	1.00004E-4	1.70405E-3	1.70397E+1
1.34881E+0	1.28323E+0	2.99246E+2	1.00004E-4	1.70418E-3	1.70411E+1
1.36138E+0	1.29554E+0	2.99244E+2	1.00004E-4	1.70355E-3	1.70348E+1
1.37432E+0	1.30780E+0	2.99244E+2	1.00004E-4	1.70278E-3	1.70270E+1
1.38699E+0	1.32034E+0	2.99244E+2	1.00004E-4	1.70292E-3	1.70285E+1
1.39987E+0	1.33283E+0	2.99245E+2	1.00004E-4	1.70264E-3	1.70256E+1
1.41256E+0	1.34507E+0	2.99245E+2	1.00004E-4	1.70117E-3	1.70110E+1
1.42463E+0	1.35730E+0	2.99246E+2	1.00004E-4	1.70139E-3	1.70132E+1
1.43770E+0	1.36972E+0	2.99247E+2	1.00004E-4	1.70170E-3	1.70162E+1
1.45049E+0	1.38215E+0	2.99246E+2	1.00004E-4	1.70192E-3	1.70185E+1
1.46317E+0	1.39441E+0	2.99247E+2	1.00004E-4	1.70312E-3	1.70305E+1
1.47612E+0	1.40675E+0	2.99248E+2	1.00004E-4	1.70272E-3	1.70265E+1
1.48826E+0	1.41902E+0	2.99249E+2	1.00004E-4	1.70309E-3	1.70302E+1
1.50103E+0	1.43124E+0	2.99250E+2	1.00004E-4	1.70352E-3	1.70345E+1
1.51361E+0	1.44355E+0	2.99250E+2	1.00004E-4	1.70297E-3	1.70290E+1
1.52614E+0	1.45595E+0	2.99250E+2	1.00004E-4	1.70300E-3	1.70293E+1
1.53864E+0	1.46829E+0	2.99249E+2	1.00004E-4	1.70319E-3	1.70311E+1
1.55176E+0	1.48061E+0	2.99252E+2	1.00004E-4	1.70303E-3	1.70296E+1
1.56467E+0	1.49297E+0	2.99253E+2	1.00004E-4	1.70343E-3	1.70336E+1
1.57674E+0	1.50535E+0	2.99253E+2	1.00004E-4	1.70390E-3	1.70383E+1
1.58959E+0	1.51767E+0	2.99252E+2	1.00004E-4	1.70346E-3	1.70339E+1
1.60209E+0	1.52987E+0	2.99253E+2	1.00004E-4	1.70315E-3	1.70308E+1
1.61472E+0	1.54224E+0	2.99252E+2	1.00004E-4	1.70248E-3	1.70241E+1
1.62745E+0	1.55458E+0	2.99253E+2	1.00004E-4	1.70225E-3	1.70218E+1
1.63973E+0	1.56703E+0	2.99253E+2	1.00004E-4	1.70269E-3	1.70262E+1
1.65259E+0	1.57939E+0	2.99254E+2	1.00004E-4	1.70254E-3	1.70247E+1
1.66557E+0	1.59165E+0	2.99254E+2	1.00004E-4	1.70199E-3	1.70192E+1
1.67838E+0	1.60410E+0	2.99256E+2	1.00004E-4	1.70214E-3	1.70207E+1
1.69111E+0	1.61640E+0	2.99256E+2	1.00004E-4	1.70238E-3	1.70231E+1
1.70264E+0	1.62881E+0	2.99256E+2	1.00004E-4	1.70222E-3	1.70215E+1
1.71571E+0	1.64135E+0	2.99255E+2	1.00004E-4	1.70216E-3	1.70209E+1
1.72836E+0	1.65357E+0	2.99256E+2	1.00004E-4	1.70298E-3	1.70290E+1
1.74110E+0	1.66582E+0	2.99256E+2	1.00004E-4	1.70383E-3	1.70376E+1
1.75406E+0	1.67827E+0	2.99257E+2	1.00004E-4	1.70384E-3	1.70377E+1
1.76750E+0	1.69066E+0	2.99258E+2	1.00004E-4	1.70374E-3	1.70367E+1
1.78024E+0	1.70311E+0	2.99257E+2	1.00004E-4	1.70330E-3	1.70323E+1
1.79163E+0	1.71552E+0	2.99257E+2	1.00004E-4	1.70250E-3	1.70243E+1
1.80478E+0	1.72779E+0	2.99258E+2	1.00004E-4	1.70249E-3	1.70242E+1
1.81745E+0	1.74017E+0	2.99257E+2	1.00004E-4	1.70223E-3	1.70216E+1
1.83063E+0	1.75271E+0	2.99258E+2	1.00004E-4	1.70195E-3	1.70187E+1
1.84338E+0	1.76515E+0	2.99258E+2	1.00004E-4	1.70267E-3	1.70260E+1
1.85442E+0	1.77745E+0	2.99260E+2	1.00004E-4	1.70200E-3	1.70192E+1
1.86763E+0	1.78985E+0	2.99260E+2	1.00004E-4	1.70146E-3	1.70139E+1
1.88044E+0	1.80222E+0	2.99260E+2	1.00004E-4	1.70241E-3	1.70234E+1
1.89344E+0	1.81465E+0	2.99261E+2	1.00004E-4	1.70173E-3	1.70166E+1
1.90645E+0	1.82712E+0	2.99260E+2	1.00004E-4	1.70088E-3	1.70081E+1
1.91927E+0	1.83955E+0	2.99260E+2	1.00004E-4	1.70154E-3	1.70147E+1
1.93183E+0	1.85192E+0	2.99258E+2	1.00004E-4	1.70238E-3	1.70231E+1
1.94346E+0	1.86440E+0	2.99259E+2	1.00004E-4	1.70279E-3	1.70272E+1
1.95696E+0	1.87686E+0	2.99261E+2	1.00004E-4	1.70323E-3	1.70315E+1
1.96955E+0	1.88918E+0	2.99260E+2	1.00004E-4	1.70302E-3	1.70295E+1
1.98214E+0	1.90161E+0	2.99259E+2	1.00004E-4	1.70226E-3	1.70219E+1
1.99482E+0	1.91409E+0	2.99260E+2	1.00004E-4	1.70195E-3	1.70188E+1
2.00117E+0	1.92529E+0	2.99260E+2	1.00004E-4	1.70150E-3	1.70143E+1
2.00171E+0	1.93374E+0	2.99263E+2	1.00004E-4	1.70176E-3	1.70169E+1
2.00181E+0	1.93922E+0	2.99263E+2	1.00004E-4	1.70224E-3	1.70217E+1
2.00173E+0	1.94252E+0	2.99262E+2	1.00004E-4	1.70254E-3	1.70247E+1
2.00181E+0	1.94410E+0	2.99264E+2	1.00004E-4	1.70277E-3	1.70270E+1
1.99946E+0	1.94485E+0	2.99263E+2	1.00004E-4	1.70256E-3	1.70249E+1
1.99115E+0	1.94510E+0	2.99263E+2	1.00004E-4	1.70285E-3	1.70278E+1
1.97803E+0	1.94465E+0	2.99263E+2	1.00004E-4	1.70280E-3	1.70272E+1
1.96538E+0	1.94307E+0	2.99263E+2	1.00004E-4	1.70193E-3	1.70186E+1
1.95297E+0	1.93749E+0	2.99264E+2	1.00004E-4	1.70178E-3	1.70171E+1
1.94029E+0	1.92686E+0	2.99264E+2	1.00004E-4	1.70031E-3	1.70024E+1
1.92822E+0	1.91382E+0	2.99264E+2	1.00004E-4	1.70055E-3	1.70047E+1
1.91503E+0	1.90073E+0	2.99262E+2	1.00004E-4	1.70236E-3	1.70228E+1
1.90225E+0	1.88786E+0	2.99263E+2	1.00004E-4	1.70232E-3	1.70224E+1
1.88988E+0	1.87514E+0	2.99265E+2	1.00004E-4	1.70180E-3	1.70173E+1
1.87748E+0	1.86260E+0	2.99265E+2	1.00004E-4	1.70191E-3	1.70183E+1
1.86443E+0	1.85032E+0	2.99265E+2	1.00004E-4	1.70266E-3	1.70259E+1
1.85134E+0	1.83795E+0	2.99264E+2	1.00004E-4	1.70285E-3	1.70278E+1
1.83915E+0	1.82560E+0	2.99265E+2	1.00004E-4	1.70245E-3	1.70238E+1
1.82663E+0	1.81327E+0	2.99267E+2	1.00004E-4	1.70337E-3	1.70329E+1
1.81426E+0	1.80085E+0	2.99267E+2	1.00004E-4	1.70438E-3	1.70431E+1
1.80100E+0	1.78858E+0	2.99268E+2	1.00004E-4	1.70388E-3	1.70381E+1
1.78816E+0	1.77633E+0	2.99269E+2	1.00004E-4	1.70333E-3	1.70326E+1
1.77594E+0	1.76396E+0	2.99268E+2	1.00004E-4	1.70364E-3	1.70357E+1
1.76349E+0	1.75159E+0	2.99269E+2	1.00004E-4	1.70419E-3	1.70412E+1
1.75101E+0	1.73925E+0	2.99272E+2	1.00004E-4	1.70318E-3	1.70311E+1
1.73797E+0	1.72679E+0	2.99273E+2	1.00004E-4	1.70234E-3	1.70227E+1
1.72507E+0	1.71439E+0	2.99274E+2	1.00004E-4	1.70315E-3	1.70308E+1
1.71257E+0	1.70203E+0	2.99274E+2	1.00004E-4	1.70362E-3	1.70355E+1
1.69959E+0	1.68957E+0	2.99273E+2	1.00004E-4	1.70359E-3	1.70352E+1
1.68759E+0	1.67724E+0	2.99275E+2	1.00004E-4	1.70382E-3	1.70375E+1
1.67430E+0	1.66493E+0	2.99276E+2	1.00004E-4	1.70280E-3	1.70273E+1
1.66200E+0	1.65264E+0	2.99279E+2	1.00004E-4	1.70191E-3	1.70184E+1
1.64905E+0	1.64027E+0	2.99281E+2	1.00004E-4	1.70240E-3	1.70233E+1
1.63640E+0	1.62791E+0	2.99283E+2	1.00004E-4	1.70310E-3	1.70303E+1
1.62410E+0	1.61552E+0	2.99283E+2	1.00004E-4	1.70287E-3	1.70280E+1
1.61086E+0	1.60313E+0	2.99282E+2	1.00004E-4	1.70188E-3	1.70180E+1
1.59833E+0	1.59079E+0	2.99283E+2	1.00004E-4	1.70276E-3	1.70269E+1
1.58563E+0	1.57848E+0	2.99286E+2	1.00004E-4	1.70337E-3	1.70330E+1
1.57315E+0	1.56611E+0	2.99285E+2	1.00004E-4	1.70306E-3	1.70299E+1
1.56021E+0	1.55376E+0	2.99287E+2	1.00004E-4	1.70338E-3	1.70330E+1
1.54748E+0	1.54146E+0	2.99289E+2	1.00004E-4	1.70381E-3	1.70373E+1
1.53571E+0	1.52901E+0	2.99290E+2	1.00004E-4	1.70409E-3	1.70402E+1
1.52280E+0	1.51662E+0	2.99292E+2	1.00004E-4	1.70317E-3	1.70310E+1
1.50979E+0	1.50436E+0	2.99292E+2	1.00004E-4	1.70312E-3	1.70304E+1
1.49659E+0	1.49196E+0	2.99293E+2	1.00004E-4	1.70362E-3	1.70355E+1
1.48407E+0	1.47953E+0	2.99294E+2	1.00004E-4	1.70356E-3	1.70349E+1
1.47206E+0	1.46713E+0	2.99294E+2	1.00004E-4	1.70411E-3	1.70404E+1
1.45918E+0	1.45469E+0	2.99293E+2	1.00004E-4	1.70327E-3	1.70320E+1
1.44659E+0	1.44248E+0	2.99293E+2	1.00004E-4	1.70220E-3	1.70213E+1
1.43355E+0	1.43025E+0	2.99295E+2	1.00004E-4	1.70243E-3	1.70236E+1
1.42097E+0	1.41780E+0	2.99295E+2	1.00004E-4	1.70192E-3	1.70185E+1
1.40893E+0	1.40539E+0	2.99296E+2	1.00004E-4	1.70140E-3	1.70133E+1
1.39602E+0	1.39313E+0	2.99296E+2	1.00004E-4	1.70176E-3	1.70168E+1
1.38324E+0	1.38076E+0	2.99297E+2	1.00004E-4	1.70097E-3	1.70090E+1
1.37045E+0	1.36834E+0	2.99297E+2	1.00004E-4	1.70180E-3	1.70173E+1
1.35788E+0	1.35608E+0	2.99298E+2	1.00004E-4	1.70397E-3	1.70389E+1
1.34497E+0	1.34390E+0	2.99299E+2	1.00004E-4	1.70449E-3	1.70441E+1
1.33216E+0	1.33155E+0	2.99298E+2	1.00004E-4	1.70427E-3	1.70420E+1
1.32010E+0	1.31922E+0	2.99297E+2	1.00004E-4	1.70404E-3	1.70396E+1
1.30735E+0	1.30684E+0	2.99296E+2	1.00004E-4	1.70483E-3	1.70475E+1
1.29481E+0	1.29447E+0	2.99296E+2	1.00004E-4	1.70462E-3	1.70454E+1
1.28192E+0	1.28222E+0	2.99298E+2	1.00004E-4	1.70391E-3	1.70383E+1
1.26934E+0	1.26991E+0	2.99297E+2	1.00004E-4	1.70341E-3	1.70334E+1
1.25698E+0	1.25757E+0	2.99298E+2	1.00004E-4	1.70330E-3	1.70323E+1
1.24430E+0	1.24527E+0	2.99298E+2	1.00004E-4	1.70353E-3	1.70346E+1
1.23141E+0	1.23286E+0	2.99298E+2	1.00004E-4	1.70318E-3	1.70311E+1
1.21842E+0	1.22044E+0	2.99298E+2	1.00004E-4	1.70316E-3	1.70309E+1
1.20556E+0	1.20813E+0	2.99296E+2	1.00004E-4	1.70308E-3	1.70301E+1
1.19333E+0	1.19588E+0	2.99296E+2	1.00004E-4	1.70348E-3	1.70340E+1
1.18053E+0	1.18353E+0	2.99296E+2	1.00004E-4	1.70463E-3	1.70456E+1
1.16837E+0	1.17124E+0	2.99296E+2	1.00004E-4	1.70496E-3	1.70489E+1
1.15571E+0	1.15875E+0	2.99297E+2	1.00004E-4	1.70443E-3	1.70436E+1
1.14246E+0	1.14626E+0	2.99296E+2	1.00004E-4	1.70450E-3	1.70443E+1
1.12952E+0	1.13403E+0	2.99294E+2	1.00004E-4	1.70425E-3	1.70417E+1
1.11723E+0	1.12178E+0	2.99295E+2	1.00004E-4	1.70342E-3	1.70335E+1
1.10477E+0	1.10950E+0	2.99295E+2	1.00004E-4	1.70357E-3	1.70350E+1
1.09186E+0	1.09709E+0	2.99293E+2	1.00004E-4	1.70463E-3	1.70455E+1
1.07953E+0	1.08466E+0	2.99294E+2	1.00004E-4	1.70477E-3	1.70470E+1
1.06675E+0	1.07234E+0	2.99295E+2	1.00004E-4	1.70448E-3	1.70441E+1
1.05394E+0	1.06016E+0	2.99294E+2	1.00004E-4	1.70462E-3	1.70455E+1
1.04156E+0	1.04793E+0	2.99294E+2	1.00004E-4	1.70426E-3	1.70419E+1
1.02850E+0	1.03561E+0	2.99295E+2	1.00004E-4	1.70316E-3	1.70308E+1
1.01604E+0	1.02318E+0	2.99293E+2	1.00004E-4	1.70298E-3	1.70291E+1
1.00368E+0	1.01056E+0	2.99293E+2	1.00004E-4	1.70402E-3	1.70395E+1
9.90842E-1	9.97737E-1	2.99292E+2	1.00004E-4	1.70467E-3	1.70460E+1
9.77793E-1	9.84969E-1	2.99294E+2	1.00004E-4	1.70280E-3	1.70273E+1
9.65190E-1	9.72256E-1	2.99295E+2	1.00004E-4	1.70208E-3	1.70201E+1
9.52984E-1	9.59403E-1	2.99294E+2	1.00004E-4	1.70257E-3	1.70250E+1
9.40444E-1	9.46516E-1	2.99293E+2	1.00004E-4	1.70281E-3	1.70274E+1
9.27636E-1	9.33664E-1	2.99293E+2	1.00004E-4	1.70335E-3	1.70328E+1
9.14535E-1	9.20958E-1	2.99292E+2	1.00004E-4	1.70346E-3	1.70339E+1
9.01898E-1	9.08231E-1	2.99292E+2	1.00004E-4	1.70445E-3	1.70438E+1
8.89480E-1	8.95596E-1	2.99293E+2	1.00004E-4	1.70367E-3	1.70360E+1
8.77043E-1	8.83036E-1	2.99293E+2	1.00004E-4	1.70181E-3	1.70174E+1
8.64745E-1	8.70353E-1	2.99293E+2	1.00004E-4	1.70121E-3	1.70114E+1
8.51588E-1	8.57735E-1	2.99292E+2	1.00004E-4	1.70211E-3	1.70204E+1
8.38930E-1	8.45230E-1	2.99293E+2	1.00004E-4	1.70315E-3	1.70307E+1
8.25697E-1	8.32779E-1	2.99294E+2	1.00004E-4	1.70286E-3	1.70279E+1
8.13138E-1	8.20420E-1	2.99293E+2	1.00004E-4	1.70261E-3	1.70253E+1
8.01402E-1	8.08014E-1	2.99295E+2	1.00004E-4	1.70300E-3	1.70293E+1
7.88362E-1	7.95657E-1	2.99294E+2	1.00004E-4	1.70314E-3	1.70307E+1
7.75332E-1	7.83304E-1	2.99292E+2	1.00004E-4	1.70301E-3	1.70294E+1
7.62701E-1	7.70953E-1	2.99293E+2	1.00004E-4	1.70319E-3	1.70311E+1
7.50439E-1	7.58654E-1	2.99295E+2	1.00004E-4	1.70315E-3	1.70308E+1
7.37823E-1	7.46293E-1	2.99293E+2	1.00004E-4	1.70362E-3	1.70355E+1
7.24910E-1	7.34058E-1	2.99291E+2	1.00004E-4	1.70371E-3	1.70364E+1
7.12201E-1	7.21901E-1	2.99292E+2	1.00004E-4	1.70330E-3	1.70323E+1
6.99441E-1	7.09677E-1	2.99293E+2	1.00004E-4	1.70311E-3	1.70304E+1
6.86955E-1	6.97399E-1	2.99292E+2	1.00004E-4	1.70324E-3	1.70317E+1
6.73773E-1	6.85110E-1	2.99293E+2	1.00004E-4	1.70356E-3	1.70349E+1
6.61115E-1	6.72994E-1	2.99295E+2	1.00004E-4	1.70332E-3	1.70325E+1
6.48841E-1	6.60832E-1	2.99294E+2	1.00004E-4	1.70322E-3	1.70315E+1
6.36372E-1	6.48593E-1	2.99293E+2	1.00004E-4	1.70345E-3	1.70338E+1
6.24113E-1	6.36494E-1	2.99293E+2	1.00004E-4	1.70293E-3	1.70286E+1
6.10733E-1	6.24460E-1	2.99294E+2	1.00004E-4	1.70286E-3	1.70279E+1
5.97866E-1	6.12361E-1	2.99292E+2	1.00004E-4	1.70261E-3	1.70253E+1
5.85294E-1	6.00151E-1	2.99292E+2	1.00004E-4	1.70238E-3	1.70231E+1
5.72600E-1	5.88028E-1	2.99294E+2	1.00004E-4	1.70312E-3	1.70305E+1
5.60271E-1	5.75842E-1	2.99294E+2	1.00004E-4	1.70273E-3	1.70266E+1
5.47193E-1	5.63747E-1	2.99294E+2	1.00004E-4	1.70190E-3	1.70182E+1
5.34309E-1	5.51772E-1	2.99294E+2	1.00004E-4	1.70238E-3	1.70230E+1
5.22284E-1	5.39579E-1	2.99295E+2	1.00004E-4	1.70349E-3	1.70342E+1
5.09803E-1	5.27385E-1	2.99294E+2	1.00004E-4	1.70375E-3	1.70368E+1
4.96968E-1	5.15252E-1	2.99294E+2	1.00004E-4	1.70293E-3	1.70286E+1
4.84283E-1	5.03207E-1	2.99297E+2	1.00004E-4	1.70306E-3	1.70299E+1
4.71710E-1	4.91063E-1	2.99295E+2	1.00004E-4	1.70326E-3	1.70319E+1
4.58880E-1	4.78935E-1	2.99295E+2	1.00004E-4	1.70295E-3	1.70288E+1
4.46231E-1	4.66827E-1	2.99297E+2	1.00004E-4	1.70322E-3	1.70315E+1
4.33859E-1	4.54659E-1	2.99296E+2	1.00004E-4	1.70345E-3	1.70337E+1
4.21518E-1	4.42585E-1	2.99295E+2	1.00004E-4	1.70272E-3	1.70265E+1
4.08322E-1	4.30385E-1	2.99295E+2	1.00004E-4	1.70236E-3	1.70229E+1
3.94975E-1	4.18134E-1	2.99294E+2	1.00004E-4	1.70308E-3	1.70301E+1
3.82054E-1	4.05974E-1	2.99296E+2	1.00004E-4	1.70284E-3	1.70277E+1
3.70218E-1	3.93923E-1	2.99298E+2	1.00004E-4	1.70249E-3	1.70242E+1
3.57737E-1	3.81804E-1	2.99299E+2	1.00004E-4	1.70267E-3	1.70260E+1
3.44938E-1	3.69230E-1	2.99299E+2	1.00004E-4	1.70224E-3	1.70217E+1
3.32613E-1	3.56634E-1	2.99298E+2	1.00004E-4	1.70273E-3	1.70266E+1
3.19864E-1	3.44441E-1	2.99299E+2	1.00004E-4	1.70308E-3	1.70300E+1
3.07399E-1	3.32197E-1	2.99298E+2	1.00004E-4	1.70316E-3	1.70309E+1
2.94692E-1	3.19949E-1	2.99298E+2	1.00004E-4	1.70288E-3	1.70281E+1
2.82179E-1	3.07676E-1	2.99299E+2	1.00004E-4	1.70309E-3	1.70302E+1
2.69496E-1	2.95309E-1	2.99300E+2	1.00004E-4	1.70261E-3	1.70254E+1
2.56783E-1	2.82984E-1	2.99299E+2	1.00004E-4	1.70154E-3	1.70146E+1
2.43742E-1	2.70659E-1	2.99302E+2	1.00004E-4	1.70167E-3	1.70159E+1
2.31031E-1	2.58372E-1	2.99301E+2	1.00004E-4	1.70239E-3	1.70232E+1
2.18320E-1	2.46002E-1	2.99301E+2	1.00004E-4	1.70317E-3	1.70310E+1
2.05505E-1	2.33543E-1	2.99303E+2	1.00004E-4	1.70238E-3	1.70231E+1
1.92979E-1	2.21053E-1	2.99302E+2	1.00004E-4	1.70205E-3	1.70198E+1
1.80302E-1	2.08660E-1	2.99303E+2	1.00004E-4	1.70262E-3	1.70255E+1
1.67411E-1	1.96272E-1	2.99305E+2	1.00004E-4	1.70242E-3	1.70235E+1
1.54867E-1	1.83704E-1	2.99305E+2	1.00004E-4	1.70239E-3	1.70232E+1
1.42214E-1	1.71242E-1	2.99304E+2	1.00004E-4	1.70306E-3	1.70299E+1
1.29909E-1	1.58833E-1	2.99305E+2	1.00004E-4	1.70380E-3	1.70373E+1
1.17396E-1	1.46253E-1	2.99306E+2	1.00004E-4	1.70489E-3	1.70482E+1
1.04718E-1	1.33730E-1	2.99307E+2	1.00004E-4	1.70541E-3	1.70533E+1
9.18001E-2	1.21241E-1	2.99307E+2	1.00004E-4	1.70434E-3	1.70427E+1
7.90348E-2	1.08860E-1	2.99308E+2	1.00004E-4	1.70332E-3	1.70325E+1
6.66535E-2	9.64463E-2	2.99307E+2	1.00004E-4	1.70316E-3	1.70309E+1
5.37935E-2	8.39159E-2	2.99305E+2	1.00004E-4	1.70298E-3	1.70291E+1
4.14773E-2	7.13649E-2	2.99308E+2	1.00004E-4	1.70288E-3	1.70281E+1
2.89087E-2	5.87790E-2	2.99309E+2	1.00004E-4	1.70286E-3	1.70278E+1
1.63595E-2	4.63076E-2	2.99309E+2	1.00004E-4	1.70258E-3	1.70251E+1
5.69548E-3	3.41931E-2	2.99310E+2	1.00004E-4	1.70304E-3	1.70297E+1
9.50000E-4	2.36659E-2	2.99309E+2	1.00004E-4	1.70320E-3	1.70313E+1
9.50000E-4	1.60613E-2	2.99309E+2	1.00004E-4	1.70290E-3	1.70282E+1
4.40515E-4	1.13260E-2	2.99310E+2	1.00004E-4	1.70299E-3	1.70292E+1
