T_sample_(K)	I_s	V_nv	R_nv
2.99151E+2	1.00004E-4	3.00841E-5	3.00828E-1
2.99154E+2	1.00004E-4	3.01025E-5	3.01012E-1
2.99157E+2	1.00004E-4	3.01274E-5	3.01261E-1
2.99160E+2	1.00004E-4	3.01321E-5	3.01308E-1
2.99163E+2	1.00004E-4	3.01252E-5	3.01239E-1
2.99167E+2	1.00004E-4	3.01309E-5	3.01295E-1
2.99169E+2	1.00004E-4	3.01312E-5	3.01299E-1
2.99171E+2	1.00004E-4	3.01283E-5	3.01269E-1
2.99175E+2	1.00004E-4	3.01240E-5	3.01226E-1
2.99177E+2	1.00004E-4	3.01100E-5	3.01087E-1
2.99177E+2	1.00005E-4	3.01286E-5	3.01273E-1
2.99177E+2	1.00005E-4	3.01409E-5	3.01395E-1
2.99176E+2	1.00005E-4	3.01617E-5	3.01603E-1
2.99177E+2	1.00005E-4	3.01518E-5	3.01504E-1
2.99175E+2	1.00004E-4	3.01338E-5	3.01324E-1
2.99172E+2	1.00004E-4	3.01283E-5	3.01269E-1
2.99167E+2	1.00005E-4	3.01210E-5	3.01196E-1
2.99162E+2	1.00005E-4	3.01185E-5	3.01171E-1
2.99156E+2	1.00005E-4	3.01021E-5	3.01007E-1
2.99148E+2	1.00004E-4	3.01175E-5	3.01161E-1
2.99140E+2	1.00004E-4	3.01436E-5	3.01423E-1
2.99130E+2	1.00004E-4	3.01581E-5	3.01567E-1
2.99118E+2	1.00004E-4	3.01535E-5	3.01521E-1
2.99105E+2	1.00004E-4	3.01643E-5	3.01629E-1
2.99090E+2	1.00005E-4	3.01441E-5	3.01428E-1
2.99074E+2	1.00004E-4	3.01361E-5	3.01347E-1
2.99057E+2	1.00005E-4	3.01447E-5	3.01433E-1
2.99040E+2	1.00004E-4	3.01274E-5	3.01260E-1
2.99020E+2	1.00005E-4	3.01150E-5	3.01136E-1
2.98999E+2	1.00004E-4	3.01099E-5	3.01086E-1
2.98975E+2	1.00004E-4	3.01323E-5	3.01310E-1
2.98950E+2	1.00004E-4	3.01255E-5	3.01242E-1
2.98924E+2	1.00004E-4	3.01055E-5	3.01042E-1
2.98896E+2	1.00004E-4	3.01332E-5	3.01319E-1
2.98866E+2	1.00004E-4	3.01143E-5	3.01130E-1
2.98836E+2	1.00004E-4	3.01039E-5	3.01026E-1
2.98804E+2	1.00005E-4	3.01289E-5	3.01275E-1
2.98769E+2	1.00005E-4	3.01395E-5	3.01381E-1
2.98733E+2	1.00005E-4	3.01340E-5	3.01326E-1
2.98696E+2	1.00005E-4	3.01479E-5	3.01465E-1
2.98658E+2	1.00004E-4	3.01694E-5	3.01681E-1
2.98617E+2	1.00004E-4	3.01669E-5	3.01656E-1
2.98576E+2	1.00004E-4	3.01717E-5	3.01704E-1
2.98532E+2	1.00004E-4	3.01784E-5	3.01770E-1
2.98487E+2	1.00004E-4	3.01695E-5	3.01682E-1
2.98440E+2	1.00004E-4	3.01461E-5	3.01447E-1
2.98391E+2	1.00005E-4	3.01556E-5	3.01542E-1
2.98341E+2	1.00004E-4	3.01896E-5	3.01882E-1
2.98291E+2	1.00004E-4	3.01947E-5	3.01934E-1
2.98238E+2	1.00004E-4	3.02041E-5	3.02027E-1
2.98183E+2	1.00005E-4	3.01774E-5	3.01760E-1
2.98127E+2	1.00005E-4	3.01515E-5	3.01501E-1
2.98069E+2	1.00005E-4	3.01692E-5	3.01679E-1
2.98010E+2	1.00004E-4	3.02053E-5	3.02039E-1
2.97950E+2	1.00005E-4	3.02157E-5	3.02143E-1
2.97889E+2	1.00005E-4	3.02066E-5	3.02053E-1
2.97826E+2	1.00005E-4	3.01814E-5	3.01801E-1
2.97761E+2	1.00005E-4	3.01686E-5	3.01672E-1
2.97694E+2	1.00005E-4	3.01706E-5	3.01692E-1
2.97627E+2	1.00004E-4	3.01732E-5	3.01719E-1
2.97558E+2	1.00004E-4	3.01529E-5	3.01516E-1
2.97487E+2	1.00004E-4	3.01586E-5	3.01573E-1
2.97416E+2	1.00005E-4	3.02115E-5	3.02101E-1
2.97342E+2	1.00005E-4	3.02064E-5	3.02051E-1
2.97269E+2	1.00004E-4	3.01925E-5	3.01912E-1
2.97196E+2	1.00004E-4	3.01983E-5	3.01970E-1
2.97118E+2	1.00004E-4	3.01756E-5	3.01742E-1
2.97040E+2	1.00005E-4	3.01894E-5	3.01880E-1
2.96964E+2	1.00004E-4	3.01986E-5	3.01973E-1
2.96889E+2	1.00004E-4	3.01936E-5	3.01923E-1
2.96814E+2	1.00004E-4	3.02144E-5	3.02130E-1
2.96733E+2	1.00004E-4	3.02031E-5	3.02018E-1
2.96650E+2	1.00004E-4	3.02045E-5	3.02032E-1
2.96570E+2	1.00005E-4	3.02327E-5	3.02313E-1
2.96487E+2	1.00005E-4	3.02258E-5	3.02244E-1
2.96402E+2	1.00005E-4	3.02243E-5	3.02230E-1
2.96318E+2	1.00004E-4	3.02313E-5	3.02300E-1
2.96233E+2	1.00004E-4	3.02524E-5	3.02511E-1
2.96149E+2	1.00004E-4	3.02555E-5	3.02542E-1
2.96061E+2	1.00005E-4	3.02138E-5	3.02125E-1
2.95973E+2	1.00004E-4	3.02234E-5	3.02220E-1
2.95886E+2	1.00004E-4	3.02441E-5	3.02428E-1
2.95799E+2	1.00004E-4	3.02536E-5	3.02522E-1
2.95713E+2	1.00004E-4	3.02654E-5	3.02641E-1
2.95625E+2	1.00004E-4	3.02490E-5	3.02477E-1
2.95532E+2	1.00004E-4	3.02530E-5	3.02517E-1
2.95439E+2	1.00004E-4	3.02475E-5	3.02462E-1
2.95346E+2	1.00004E-4	3.02559E-5	3.02546E-1
2.95251E+2	1.00004E-4	3.02811E-5	3.02797E-1
2.95157E+2	1.00005E-4	3.02931E-5	3.02917E-1
2.95062E+2	1.00005E-4	3.02959E-5	3.02945E-1
2.94967E+2	1.00004E-4	3.02978E-5	3.02964E-1
2.94869E+2	1.00004E-4	3.03182E-5	3.03169E-1
2.94772E+2	1.00004E-4	3.03066E-5	3.03053E-1
2.94678E+2	1.00004E-4	3.03026E-5	3.03013E-1
2.94581E+2	1.00004E-4	3.03336E-5	3.03323E-1
2.94482E+2	1.00004E-4	3.03509E-5	3.03495E-1
2.94384E+2	1.00004E-4	3.03233E-5	3.03220E-1
2.94289E+2	1.00004E-4	3.03194E-5	3.03181E-1
2.94189E+2	1.00004E-4	3.03254E-5	3.03240E-1
2.94087E+2	1.00005E-4	3.03314E-5	3.03301E-1
2.93987E+2	1.00005E-4	3.03458E-5	3.03444E-1
2.93888E+2	1.00005E-4	3.03523E-5	3.03509E-1
2.93788E+2	1.00005E-4	3.03660E-5	3.03646E-1
2.93688E+2	1.00004E-4	3.03566E-5	3.03553E-1
2.93588E+2	1.00004E-4	3.03289E-5	3.03276E-1
2.93486E+2	1.00004E-4	3.03500E-5	3.03487E-1
2.93385E+2	1.00004E-4	3.03549E-5	3.03536E-1
2.93280E+2	1.00004E-4	3.03367E-5	3.03354E-1
2.93174E+2	1.00004E-4	3.03348E-5	3.03335E-1
2.93071E+2	1.00005E-4	3.03309E-5	3.03296E-1
2.92967E+2	1.00004E-4	3.03219E-5	3.03206E-1
2.92860E+2	1.00004E-4	3.03304E-5	3.03291E-1
2.92754E+2	1.00004E-4	3.03684E-5	3.03671E-1
2.92647E+2	1.00004E-4	3.03703E-5	3.03689E-1
2.92540E+2	1.00004E-4	3.03539E-5	3.03526E-1
2.92436E+2	1.00004E-4	3.03643E-5	3.03630E-1
2.92331E+2	1.00004E-4	3.03468E-5	3.03455E-1
2.92227E+2	1.00004E-4	3.03593E-5	3.03580E-1
2.92122E+2	1.00004E-4	3.04067E-5	3.04053E-1
2.92014E+2	1.00005E-4	3.04053E-5	3.04039E-1
2.91905E+2	1.00004E-4	3.03865E-5	3.03852E-1
2.91799E+2	1.00005E-4	3.03568E-5	3.03554E-1
2.91690E+2	1.00005E-4	3.03270E-5	3.03256E-1
2.91581E+2	1.00004E-4	3.03343E-5	3.03330E-1
2.91475E+2	1.00004E-4	3.03379E-5	3.03366E-1
2.91371E+2	1.00004E-4	3.03353E-5	3.03339E-1
2.91267E+2	1.00004E-4	3.03487E-5	3.03474E-1
2.91160E+2	1.00004E-4	3.03528E-5	3.03515E-1
2.91053E+2	1.00004E-4	3.03676E-5	3.03662E-1
2.90946E+2	1.00005E-4	3.03722E-5	3.03708E-1
2.90841E+2	1.00004E-4	3.03525E-5	3.03511E-1
2.90735E+2	1.00004E-4	3.03558E-5	3.03545E-1
2.90629E+2	1.00004E-4	3.03806E-5	3.03793E-1
2.90523E+2	1.00004E-4	3.03902E-5	3.03889E-1
2.90414E+2	1.00004E-4	3.03609E-5	3.03595E-1
2.90304E+2	1.00004E-4	3.03424E-5	3.03410E-1
2.90196E+2	1.00004E-4	3.03721E-5	3.03708E-1
2.90090E+2	1.00004E-4	3.03987E-5	3.03974E-1
2.89980E+2	1.00004E-4	3.03925E-5	3.03911E-1
2.89870E+2	1.00004E-4	3.03929E-5	3.03916E-1
2.89760E+2	1.00004E-4	3.03946E-5	3.03932E-1
2.89650E+2	1.00005E-4	3.03975E-5	3.03962E-1
2.89540E+2	1.00005E-4	3.03773E-5	3.03759E-1
2.89429E+2	1.00004E-4	3.03831E-5	3.03817E-1
2.89318E+2	1.00005E-4	3.04037E-5	3.04023E-1
2.89207E+2	1.00005E-4	3.04035E-5	3.04021E-1
2.89097E+2	1.00005E-4	3.04017E-5	3.04003E-1
2.88989E+2	1.00004E-4	3.03918E-5	3.03905E-1
2.88882E+2	1.00004E-4	3.03800E-5	3.03787E-1
2.88773E+2	1.00004E-4	3.03619E-5	3.03605E-1
2.88664E+2	1.00005E-4	3.03436E-5	3.03422E-1
2.88553E+2	1.00004E-4	3.03981E-5	3.03968E-1
2.88442E+2	1.00004E-4	3.04153E-5	3.04140E-1
2.88331E+2	1.00004E-4	3.03885E-5	3.03871E-1
2.88220E+2	1.00004E-4	3.03938E-5	3.03925E-1
2.88110E+2	1.00004E-4	3.03703E-5	3.03690E-1
2.88000E+2	1.00005E-4	3.03802E-5	3.03788E-1
2.87888E+2	1.00005E-4	3.03984E-5	3.03970E-1
2.87775E+2	1.00004E-4	3.03794E-5	3.03781E-1
2.87662E+2	1.00005E-4	3.03979E-5	3.03966E-1
2.87549E+2	1.00004E-4	3.04122E-5	3.04109E-1
2.87436E+2	1.00004E-4	3.04330E-5	3.04317E-1
2.87324E+2	1.00004E-4	3.04608E-5	3.04595E-1
2.87211E+2	1.00004E-4	3.04256E-5	3.04243E-1
2.87099E+2	1.00004E-4	3.04174E-5	3.04161E-1
2.86985E+2	1.00004E-4	3.04117E-5	3.04103E-1
2.86870E+2	1.00004E-4	3.04081E-5	3.04067E-1
2.86755E+2	1.00004E-4	3.04090E-5	3.04077E-1
2.86644E+2	1.00004E-4	3.03978E-5	3.03965E-1
2.86530E+2	1.00004E-4	3.04281E-5	3.04268E-1
2.86416E+2	1.00005E-4	3.04478E-5	3.04465E-1
2.86302E+2	1.00005E-4	3.04080E-5	3.04066E-1
2.86188E+2	1.00005E-4	3.03854E-5	3.03841E-1
2.86074E+2	1.00005E-4	3.04065E-5	3.04051E-1
2.85964E+2	1.00005E-4	3.04112E-5	3.04098E-1
2.85853E+2	1.00005E-4	3.04268E-5	3.04254E-1
2.85741E+2	1.00004E-4	3.04290E-5	3.04277E-1
2.85632E+2	1.00004E-4	3.04226E-5	3.04213E-1
2.85525E+2	1.00004E-4	3.04191E-5	3.04178E-1
2.85414E+2	1.00004E-4	3.04011E-5	3.03998E-1
2.85304E+2	1.00004E-4	3.04058E-5	3.04045E-1
2.85193E+2	1.00004E-4	3.04132E-5	3.04118E-1
2.85084E+2	1.00004E-4	3.04081E-5	3.04068E-1
2.84975E+2	1.00004E-4	3.04142E-5	3.04128E-1
2.84865E+2	1.00004E-4	3.04260E-5	3.04246E-1
2.84752E+2	1.00004E-4	3.04358E-5	3.04345E-1
2.84640E+2	1.00004E-4	3.04106E-5	3.04092E-1
2.84527E+2	1.00004E-4	3.04260E-5	3.04247E-1
2.84414E+2	1.00004E-4	3.04069E-5	3.04055E-1
2.84302E+2	1.00004E-4	3.03898E-5	3.03884E-1
2.84190E+2	1.00005E-4	3.04026E-5	3.04012E-1
2.84077E+2	1.00005E-4	3.04082E-5	3.04068E-1
2.83963E+2	1.00005E-4	3.04300E-5	3.04285E-1
2.83851E+2	1.00005E-4	3.04197E-5	3.04184E-1
2.83741E+2	1.00004E-4	3.04103E-5	3.04090E-1
2.83627E+2	1.00004E-4	3.04212E-5	3.04199E-1
2.83515E+2	1.00005E-4	3.04341E-5	3.04327E-1
2.83402E+2	1.00004E-4	3.04389E-5	3.04375E-1
2.83285E+2	1.00004E-4	3.04239E-5	3.04225E-1
2.83171E+2	1.00005E-4	3.04273E-5	3.04259E-1
2.83059E+2	1.00004E-4	3.04124E-5	3.04110E-1
2.82944E+2	1.00004E-4	3.04233E-5	3.04219E-1
2.82828E+2	1.00004E-4	3.04459E-5	3.04445E-1
2.82715E+2	1.00005E-4	3.04282E-5	3.04268E-1
2.82603E+2	1.00005E-4	3.04206E-5	3.04192E-1
2.82490E+2	1.00004E-4	3.04181E-5	3.04167E-1
2.82376E+2	1.00004E-4	3.04243E-5	3.04229E-1
2.82264E+2	1.00004E-4	3.04367E-5	3.04354E-1
2.82154E+2	1.00004E-4	3.03985E-5	3.03972E-1
2.82040E+2	1.00004E-4	3.03883E-5	3.03870E-1
2.81926E+2	1.00004E-4	3.03979E-5	3.03966E-1
2.81813E+2	1.00005E-4	3.04050E-5	3.04036E-1
2.81700E+2	1.00005E-4	3.04168E-5	3.04154E-1
2.81587E+2	1.00004E-4	3.04236E-5	3.04222E-1
2.81474E+2	1.00004E-4	3.03998E-5	3.03985E-1
2.81361E+2	1.00004E-4	3.03851E-5	3.03838E-1
2.81247E+2	1.00004E-4	3.04020E-5	3.04007E-1
2.81132E+2	1.00004E-4	3.04128E-5	3.04115E-1
2.81018E+2	1.00004E-4	3.04108E-5	3.04095E-1
2.80903E+2	1.00004E-4	3.04109E-5	3.04095E-1
2.80788E+2	1.00004E-4	3.04108E-5	3.04095E-1
2.80671E+2	1.00004E-4	3.04199E-5	3.04185E-1
2.80557E+2	1.00004E-4	3.04312E-5	3.04299E-1
2.80445E+2	1.00004E-4	3.04022E-5	3.04008E-1
2.80335E+2	1.00004E-4	3.03934E-5	3.03921E-1
2.80223E+2	1.00004E-4	3.03806E-5	3.03792E-1
2.80111E+2	1.00004E-4	3.03645E-5	3.03632E-1
2.80000E+2	1.00004E-4	3.03832E-5	3.03818E-1
2.79890E+2	1.00004E-4	3.03885E-5	3.03871E-1
2.79780E+2	1.00004E-4	3.03773E-5	3.03759E-1
2.79670E+2	1.00005E-4	3.03816E-5	3.03802E-1
2.79559E+2	1.00005E-4	3.04075E-5	3.04061E-1
2.79445E+2	1.00004E-4	3.04120E-5	3.04107E-1
2.79329E+2	1.00005E-4	3.03803E-5	3.03789E-1
2.79215E+2	1.00005E-4	3.03884E-5	3.03870E-1
2.79100E+2	1.00004E-4	3.04087E-5	3.04073E-1
2.78986E+2	1.00005E-4	3.04216E-5	3.04203E-1
2.78871E+2	1.00005E-4	3.04310E-5	3.04296E-1
2.78754E+2	1.00005E-4	3.04173E-5	3.04159E-1
2.78639E+2	1.00004E-4	3.03977E-5	3.03963E-1
2.78524E+2	1.00004E-4	3.03854E-5	3.03841E-1
2.78410E+2	1.00004E-4	3.03889E-5	3.03875E-1
2.78296E+2	1.00004E-4	3.03948E-5	3.03935E-1
2.78182E+2	1.00004E-4	3.04181E-5	3.04168E-1
2.78070E+2	1.00004E-4	3.04056E-5	3.04043E-1
2.77956E+2	1.00004E-4	3.03796E-5	3.03782E-1
2.77841E+2	1.00004E-4	3.04048E-5	3.04034E-1
2.77728E+2	1.00004E-4	3.04121E-5	3.04107E-1
2.77618E+2	1.00004E-4	3.03848E-5	3.03834E-1
2.77508E+2	1.00004E-4	3.03644E-5	3.03630E-1
2.77396E+2	1.00004E-4	3.03744E-5	3.03731E-1
2.77283E+2	1.00004E-4	3.03770E-5	3.03756E-1
2.77172E+2	1.00005E-4	3.03877E-5	3.03863E-1
2.77060E+2	1.00004E-4	3.03973E-5	3.03960E-1
2.76948E+2	1.00004E-4	3.03923E-5	3.03909E-1
2.76835E+2	1.00005E-4	3.03933E-5	3.03920E-1
2.76721E+2	1.00004E-4	3.03915E-5	3.03901E-1
2.76606E+2	1.00004E-4	3.04030E-5	3.04017E-1
2.76492E+2	1.00004E-4	3.03914E-5	3.03901E-1
2.76379E+2	1.00004E-4	3.03619E-5	3.03606E-1
2.76264E+2	1.00004E-4	3.03529E-5	3.03516E-1
2.76149E+2	1.00005E-4	3.03715E-5	3.03701E-1
2.76038E+2	1.00005E-4	3.03674E-5	3.03661E-1
2.75926E+2	1.00004E-4	3.03764E-5	3.03751E-1
2.75811E+2	1.00004E-4	3.03931E-5	3.03917E-1
2.75694E+2	1.00005E-4	3.03656E-5	3.03642E-1
2.75581E+2	1.00005E-4	3.03462E-5	3.03448E-1
2.75469E+2	1.00004E-4	3.03601E-5	3.03588E-1
2.75355E+2	1.00004E-4	3.03616E-5	3.03602E-1
2.75241E+2	1.00004E-4	3.03504E-5	3.03490E-1
2.75125E+2	1.00005E-4	3.03410E-5	3.03396E-1
2.75010E+2	1.00005E-4	3.03462E-5	3.03448E-1
2.74898E+2	1.00004E-4	3.03603E-5	3.03590E-1
2.74785E+2	1.00004E-4	3.03703E-5	3.03689E-1
2.74672E+2	1.00004E-4	3.03427E-5	3.03413E-1
2.74559E+2	1.00004E-4	3.03615E-5	3.03602E-1
2.74444E+2	1.00004E-4	3.03653E-5	3.03640E-1
2.74331E+2	1.00005E-4	3.03417E-5	3.03404E-1
2.74219E+2	1.00005E-4	3.03286E-5	3.03272E-1
2.74107E+2	1.00005E-4	3.03367E-5	3.03354E-1
2.73993E+2	1.00004E-4	3.03470E-5	3.03456E-1
2.73881E+2	1.00004E-4	3.03585E-5	3.03572E-1
2.73770E+2	1.00004E-4	3.03458E-5	3.03445E-1
2.73659E+2	1.00004E-4	3.03478E-5	3.03465E-1
2.73549E+2	1.00004E-4	3.03587E-5	3.03573E-1
2.73440E+2	1.00004E-4	3.03304E-5	3.03291E-1
2.73327E+2	1.00004E-4	3.03456E-5	3.03442E-1
2.73213E+2	1.00004E-4	3.03707E-5	3.03694E-1
2.73099E+2	1.00004E-4	3.03249E-5	3.03236E-1
2.72984E+2	1.00004E-4	3.03137E-5	3.03123E-1
2.72871E+2	1.00004E-4	3.03300E-5	3.03287E-1
2.72758E+2	1.00004E-4	3.03165E-5	3.03152E-1
2.72646E+2	1.00004E-4	3.03354E-5	3.03341E-1
2.72533E+2	1.00004E-4	3.03520E-5	3.03507E-1
2.72418E+2	1.00004E-4	3.03366E-5	3.03353E-1
2.72303E+2	1.00005E-4	3.03295E-5	3.03281E-1
2.72189E+2	1.00005E-4	3.03509E-5	3.03495E-1
2.72077E+2	1.00005E-4	3.03338E-5	3.03324E-1
2.71965E+2	1.00005E-4	3.03193E-5	3.03179E-1
2.71854E+2	1.00004E-4	3.03110E-5	3.03097E-1
2.71744E+2	1.00004E-4	3.03042E-5	3.03029E-1
2.71631E+2	1.00004E-4	3.03143E-5	3.03130E-1
2.71518E+2	1.00004E-4	3.03248E-5	3.03235E-1
2.71406E+2	1.00004E-4	3.03124E-5	3.03111E-1
2.71296E+2	1.00004E-4	3.02987E-5	3.02973E-1
2.71185E+2	1.00004E-4	3.03136E-5	3.03123E-1
2.71073E+2	1.00004E-4	3.03311E-5	3.03297E-1
2.70961E+2	1.00004E-4	3.03241E-5	3.03227E-1
2.70850E+2	1.00004E-4	3.03176E-5	3.03163E-1
2.70736E+2	1.00004E-4	3.03226E-5	3.03213E-1
2.70623E+2	1.00004E-4	3.03188E-5	3.03175E-1
2.70511E+2	1.00004E-4	3.03181E-5	3.03167E-1
2.70398E+2	1.00004E-4	3.03100E-5	3.03087E-1
2.70284E+2	1.00004E-4	3.02968E-5	3.02955E-1
2.70171E+2	1.00004E-4	3.03121E-5	3.03108E-1
2.70055E+2	1.00004E-4	3.03102E-5	3.03089E-1
2.69938E+2	1.00004E-4	3.02938E-5	3.02925E-1
2.69824E+2	1.00004E-4	3.02892E-5	3.02879E-1
2.69710E+2	1.00004E-4	3.02888E-5	3.02874E-1
2.69597E+2	1.00004E-4	3.02707E-5	3.02693E-1
2.69484E+2	1.00004E-4	3.02752E-5	3.02739E-1
2.69372E+2	1.00004E-4	3.02845E-5	3.02832E-1
2.69261E+2	1.00004E-4	3.02706E-5	3.02692E-1
2.69152E+2	1.00004E-4	3.02623E-5	3.02610E-1
2.69043E+2	1.00004E-4	3.02565E-5	3.02551E-1
2.68935E+2	1.00004E-4	3.02466E-5	3.02452E-1
2.68824E+2	1.00004E-4	3.02587E-5	3.02574E-1
2.68710E+2	1.00004E-4	3.02730E-5	3.02717E-1
2.68600E+2	1.00004E-4	3.02651E-5	3.02638E-1
2.68492E+2	1.00005E-4	3.02645E-5	3.02631E-1
2.68382E+2	1.00005E-4	3.02671E-5	3.02657E-1
2.68269E+2	1.00004E-4	3.02578E-5	3.02565E-1
2.68156E+2	1.00004E-4	3.02487E-5	3.02474E-1
2.68045E+2	1.00005E-4	3.02659E-5	3.02645E-1
2.67933E+2	1.00005E-4	3.02940E-5	3.02926E-1
2.67821E+2	1.00004E-4	3.02700E-5	3.02686E-1
2.67708E+2	1.00004E-4	3.02622E-5	3.02608E-1
2.67597E+2	1.00005E-4	3.02569E-5	3.02555E-1
2.67485E+2	1.00005E-4	3.02324E-5	3.02310E-1
2.67373E+2	1.00004E-4	3.02400E-5	3.02387E-1
2.67263E+2	1.00004E-4	3.02494E-5	3.02481E-1
2.67151E+2	1.00004E-4	3.02395E-5	3.02381E-1
2.67039E+2	1.00005E-4	3.02144E-5	3.02130E-1
2.66931E+2	1.00005E-4	3.02256E-5	3.02242E-1
2.66823E+2	1.00004E-4	3.02186E-5	3.02173E-1
2.66716E+2	1.00004E-4	3.02135E-5	3.02122E-1
2.66608E+2	1.00005E-4	3.02302E-5	3.02288E-1
2.66499E+2	1.00005E-4	3.02137E-5	3.02124E-1
2.66390E+2	1.00004E-4	3.02118E-5	3.02105E-1
2.66280E+2	1.00005E-4	3.02198E-5	3.02184E-1
2.66171E+2	1.00004E-4	3.02045E-5	3.02032E-1
2.66063E+2	1.00004E-4	3.02037E-5	3.02024E-1
2.65953E+2	1.00004E-4	3.02221E-5	3.02208E-1
2.65844E+2	1.00005E-4	3.02145E-5	3.02131E-1
2.65735E+2	1.00004E-4	3.02119E-5	3.02106E-1
2.65625E+2	1.00004E-4	3.02335E-5	3.02321E-1
2.65514E+2	1.00004E-4	3.02241E-5	3.02227E-1
2.65405E+2	1.00004E-4	3.01942E-5	3.01928E-1
2.65295E+2	1.00004E-4	3.01680E-5	3.01667E-1
2.65184E+2	1.00004E-4	3.01709E-5	3.01696E-1
2.65074E+2	1.00004E-4	3.01796E-5	3.01783E-1
2.64962E+2	1.00004E-4	3.01893E-5	3.01879E-1
2.64849E+2	1.00004E-4	3.01990E-5	3.01977E-1
2.64738E+2	1.00004E-4	3.01986E-5	3.01972E-1
2.64627E+2	1.00005E-4	3.01893E-5	3.01879E-1
2.64515E+2	1.00005E-4	3.01652E-5	3.01638E-1
2.64403E+2	1.00005E-4	3.01474E-5	3.01460E-1
2.64292E+2	1.00004E-4	3.01340E-5	3.01327E-1
2.64180E+2	1.00005E-4	3.01580E-5	3.01566E-1
2.64065E+2	1.00005E-4	3.01696E-5	3.01682E-1
2.63955E+2	1.00005E-4	3.01530E-5	3.01517E-1
2.63847E+2	1.00004E-4	3.01282E-5	3.01269E-1
2.63737E+2	1.00004E-4	3.01366E-5	3.01353E-1
2.63628E+2	1.00004E-4	3.01578E-5	3.01564E-1
2.63519E+2	1.00004E-4	3.01382E-5	3.01368E-1
2.63410E+2	1.00005E-4	3.01469E-5	3.01455E-1
2.63304E+2	1.00005E-4	3.01609E-5	3.01595E-1
2.63198E+2	1.00004E-4	3.01530E-5	3.01516E-1
2.63092E+2	1.00005E-4	3.01291E-5	3.01277E-1
2.62986E+2	1.00004E-4	3.01061E-5	3.01048E-1
2.62879E+2	1.00004E-4	3.01194E-5	3.01180E-1
2.62773E+2	1.00005E-4	3.01032E-5	3.01018E-1
2.62667E+2	1.00004E-4	3.01007E-5	3.00994E-1
2.62561E+2	1.00004E-4	3.00941E-5	3.00928E-1
2.62457E+2	1.00004E-4	3.00925E-5	3.00912E-1
2.62348E+2	1.00004E-4	3.00931E-5	3.00918E-1
2.62240E+2	1.00004E-4	3.01098E-5	3.01085E-1
2.62132E+2	1.00004E-4	3.01280E-5	3.01267E-1
2.62022E+2	1.00005E-4	3.01032E-5	3.01018E-1
2.61914E+2	1.00004E-4	3.00944E-5	3.00930E-1
2.61806E+2	1.00004E-4	3.01070E-5	3.01057E-1
2.61698E+2	1.00004E-4	3.01121E-5	3.01108E-1
2.61590E+2	1.00004E-4	3.01336E-5	3.01323E-1
2.61482E+2	1.00004E-4	3.01449E-5	3.01436E-1
2.61376E+2	1.00004E-4	3.01145E-5	3.01131E-1
2.61267E+2	1.00004E-4	3.00970E-5	3.00957E-1
2.61159E+2	1.00004E-4	3.00705E-5	3.00692E-1
2.61052E+2	1.00005E-4	3.00697E-5	3.00683E-1
2.60944E+2	1.00004E-4	3.00895E-5	3.00882E-1
2.60836E+2	1.00004E-4	3.01025E-5	3.01012E-1
2.60731E+2	1.00004E-4	3.00908E-5	3.00894E-1
2.60626E+2	1.00004E-4	3.00576E-5	3.00562E-1
2.60520E+2	1.00004E-4	3.00448E-5	3.00436E-1
2.60412E+2	1.00004E-4	3.00400E-5	3.00387E-1
2.60307E+2	1.00004E-4	3.00480E-5	3.00467E-1
2.60200E+2	1.00004E-4	3.00627E-5	3.00614E-1
2.60092E+2	1.00004E-4	3.00695E-5	3.00682E-1
2.59985E+2	1.00004E-4	3.00577E-5	3.00564E-1
2.59879E+2	1.00004E-4	3.00504E-5	3.00491E-1
2.59774E+2	1.00004E-4	3.00453E-5	3.00440E-1
2.59667E+2	1.00004E-4	3.00248E-5	3.00234E-1
2.59559E+2	1.00005E-4	3.00381E-5	3.00367E-1
2.59452E+2	1.00005E-4	3.00614E-5	3.00601E-1
2.59343E+2	1.00004E-4	3.00618E-5	3.00605E-1
2.59236E+2	1.00004E-4	3.00415E-5	3.00402E-1
2.59129E+2	1.00004E-4	3.00274E-5	3.00261E-1
2.58942E+2	1.00005E-4	3.00408E-5	3.00394E-1
2.58837E+2	1.00005E-4	3.00345E-5	3.00331E-1
2.58727E+2	1.00005E-4	2.99805E-5	2.99791E-1
