B_digital_(T)	B_analog_(T)	T_VTI_(K)	T_sample_(K)	I_s	V_nv	R_nv
4.70000E-4	-1.15161E-3	2.99610E+2	2.99233E+2	9.99985E-5	1.40336E-5	1.40338E-1
1.04499E-3	-1.15071E-3	2.99612E+2	2.99235E+2	9.99985E-5	1.40025E-5	1.40027E-1
1.16970E-3	-1.14928E-3	2.99616E+2	2.99238E+2	9.99984E-5	1.39946E-5	1.39948E-1
9.50000E-4	-1.14859E-3	2.99619E+2	2.99241E+2	9.99985E-5	1.40047E-5	1.40049E-1
9.50000E-4	-1.14790E-3	2.99622E+2	2.99246E+2	9.99985E-5	1.39900E-5	1.39902E-1
6.86699E-4	-1.14698E-3	2.99623E+2	2.99248E+2	9.99985E-5	1.39287E-5	1.39289E-1
4.70000E-4	-1.14628E-3	2.99626E+2	2.99250E+2	9.99985E-5	1.38649E-5	1.38651E-1
1.10553E-3	-1.14536E-3	2.99628E+2	2.99253E+2	9.99985E-5	1.39136E-5	1.39138E-1
8.06305E-4	-1.14443E-3	2.99630E+2	2.99257E+2	9.99984E-5	1.39529E-5	1.39531E-1
4.70000E-4	-1.14419E-3	2.99631E+2	2.99260E+2	9.99985E-5	1.39847E-5	1.39849E-1
4.70000E-4	-1.14394E-3	2.99631E+2	2.99262E+2	9.99984E-5	1.39579E-5	1.39581E-1
4.70000E-4	-1.14324E-3	2.99631E+2	2.99265E+2	9.99984E-5	1.38991E-5	1.38993E-1
9.84190E-4	-1.14304E-3	2.99629E+2	2.99269E+2	9.99984E-5	1.39552E-5	1.39554E-1
1.16864E-3	-1.14302E-3	2.99627E+2	2.99271E+2	9.99984E-5	1.39541E-5	1.39543E-1
9.50000E-4	-1.14208E-3	2.99626E+2	2.99272E+2	9.99986E-5	1.39126E-5	1.39128E-1
9.50000E-4	-1.14116E-3	2.99625E+2	2.99275E+2	9.99986E-5	1.39510E-5	1.39512E-1
6.28232E-4	-1.14094E-3	2.99622E+2	2.99277E+2	9.99985E-5	1.39798E-5	1.39800E-1
7.57451E-4	-1.14094E-3	2.99619E+2	2.99277E+2	9.99984E-5	1.40267E-5	1.40269E-1
9.50000E-4	-1.14094E-3	2.99617E+2	2.99278E+2	9.99985E-5	1.40052E-5	1.40055E-1
6.36892E-4	-1.13994E-3	2.99614E+2	2.99281E+2	9.99985E-5	1.39955E-5	1.39957E-1
4.70000E-4	-1.13884E-3	2.99609E+2	2.99283E+2	9.99985E-5	1.40733E-5	1.40735E-1
2.19246E-4	-1.13862E-3	2.99605E+2	2.99282E+2	9.99985E-5	1.40564E-5	1.40566E-1
2.90842E-4	-1.13862E-3	2.99601E+2	2.99283E+2	9.99986E-5	1.39378E-5	1.39380E-1
7.75071E-4	-1.13862E-3	2.99596E+2	2.99284E+2	9.99986E-5	1.38684E-5	1.38686E-1
9.50000E-4	-1.13839E-3	2.99590E+2	2.99283E+2	9.99985E-5	1.38981E-5	1.38983E-1
7.02847E-4	-1.13816E-3	2.99586E+2	2.99283E+2	9.99984E-5	1.39436E-5	1.39438E-1
7.04206E-4	-1.13816E-3	2.99583E+2	2.99284E+2	9.99985E-5	1.39458E-5	1.39461E-1
9.50000E-4	-1.13793E-3	2.99578E+2	2.99283E+2	9.99986E-5	1.39994E-5	1.39996E-1
9.50000E-4	-1.13746E-3	2.99572E+2	2.99282E+2	9.99985E-5	1.39815E-5	1.39817E-1
7.09174E-4	-1.13748E-3	2.99572E+2	2.99282E+2	9.99984E-5	1.38944E-5	1.38946E-1
4.70000E-4	-1.13746E-3	2.99568E+2	2.99282E+2	9.99984E-5	1.39487E-5	1.39490E-1
1.11645E-3	-1.13700E-3	2.99562E+2	2.99283E+2	9.99984E-5	1.40228E-5	1.40231E-1
1.12719E-3	-1.13700E-3	2.99560E+2	2.99283E+2	9.99985E-5	1.39782E-5	1.39784E-1
9.50000E-4	-1.13700E-3	2.99558E+2	2.99282E+2	9.99986E-5	1.39156E-5	1.39158E-1
9.50000E-4	-1.13653E-3	2.99553E+2	2.99281E+2	9.99985E-5	1.38832E-5	1.38834E-1
6.71856E-4	-1.13654E-3	2.99551E+2	2.99280E+2	9.99984E-5	1.39349E-5	1.39352E-1
1.07900E-3	-1.13653E-3	2.99549E+2	2.99279E+2	9.99985E-5	1.39608E-5	1.39610E-1
8.42617E-4	-1.13583E-3	2.99548E+2	2.99279E+2	9.99987E-5	1.39619E-5	1.39621E-1
4.70000E-4	-1.13583E-3	2.99547E+2	2.99280E+2	9.99987E-5	1.39983E-5	1.39985E-1
4.70000E-4	-1.13560E-3	2.99543E+2	2.99279E+2	9.99985E-5	1.40426E-5	1.40428E-1
7.70377E-4	-1.13491E-3	2.99541E+2	2.99278E+2	9.99985E-5	1.40172E-5	1.40174E-1
9.50000E-4	-1.13467E-3	2.99541E+2	2.99279E+2	9.99985E-5	1.39476E-5	1.39478E-1
9.50000E-4	-1.13492E-3	2.99540E+2	2.99279E+2	9.99985E-5	1.39351E-5	1.39354E-1
7.07397E-4	-1.13538E-3	2.99538E+2	2.99278E+2	9.99985E-5	1.39694E-5	1.39696E-1
2.35050E-4	-1.13562E-3	2.99535E+2	2.99280E+2	9.99985E-5	1.39558E-5	1.39560E-1
2.68496E-4	-1.13559E-3	2.99535E+2	2.99279E+2	9.99984E-5	1.39131E-5	1.39133E-1
4.70000E-4	-1.13513E-3	2.99534E+2	2.99278E+2	9.99984E-5	1.39562E-5	1.39564E-1
7.52722E-4	-1.13491E-3	2.99531E+2	2.99278E+2	9.99984E-5	1.39384E-5	1.39386E-1
3.74079E-4	-1.13467E-3	2.99528E+2	2.99279E+2	9.99984E-5	1.39152E-5	1.39154E-1
5.79841E-4	-1.13469E-3	2.99522E+2	2.99278E+2	9.99984E-5	1.39242E-5	1.39244E-1
6.62436E-4	-1.13468E-3	2.99518E+2	2.99276E+2	9.99984E-5	1.39010E-5	1.39012E-1
7.56738E-4	-1.13492E-3	2.99517E+2	2.99275E+2	9.99984E-5	1.39064E-5	1.39067E-1
9.50000E-4	-1.13492E-3	2.99514E+2	2.99276E+2	9.99985E-5	1.39438E-5	1.39440E-1
6.79963E-4	-1.13469E-3	2.99512E+2	2.99274E+2	9.99985E-5	1.39393E-5	1.39395E-1
7.21836E-4	-1.13442E-3	2.99510E+2	2.99274E+2	9.99985E-5	1.38910E-5	1.38912E-1
6.61593E-4	-1.13447E-3	2.99507E+2	2.99273E+2	9.99984E-5	1.39561E-5	1.39563E-1
7.85771E-4	-1.13441E-3	2.99504E+2	2.99272E+2	9.99984E-5	1.40546E-5	1.40549E-1
9.50000E-4	-1.13472E-3	2.99501E+2	2.99270E+2	9.99985E-5	1.39935E-5	1.39937E-1
6.85006E-4	-1.13513E-3	2.99499E+2	2.99269E+2	9.99985E-5	1.39485E-5	1.39487E-1
2.13255E-4	-1.13491E-3	2.99496E+2	2.99268E+2	9.99985E-5	1.40328E-5	1.40330E-1
4.81638E-4	-1.13445E-3	2.99493E+2	2.99266E+2	9.99985E-5	1.40078E-5	1.40080E-1
6.91828E-4	-1.13423E-3	2.99492E+2	2.99265E+2	9.99985E-5	1.39720E-5	1.39722E-1
4.70000E-4	-1.13421E-3	2.99491E+2	2.99265E+2	9.99985E-5	1.39396E-5	1.39398E-1
4.70000E-4	-1.13422E-3	2.99490E+2	2.99266E+2	9.99985E-5	1.39484E-5	1.39486E-1
1.03124E-3	-1.13445E-3	2.99488E+2	2.99264E+2	9.99985E-5	1.39886E-5	1.39888E-1
8.63310E-4	-1.13445E-3	2.99484E+2	2.99261E+2	9.99984E-5	1.39776E-5	1.39778E-1
4.70000E-4	-1.13490E-3	2.99484E+2	2.99261E+2	9.99985E-5	1.40252E-5	1.40254E-1
1.47824E-4	-1.13466E-3	2.99484E+2	2.99261E+2	9.99985E-5	1.39893E-5	1.39895E-1
3.05825E-4	-1.13398E-3	2.99484E+2	2.99261E+2	9.99984E-5	1.39267E-5	1.39270E-1
7.61852E-4	-1.13445E-3	2.99485E+2	2.99260E+2	9.99984E-5	1.39245E-5	1.39247E-1
9.50000E-4	-1.13468E-3	2.99486E+2	2.99260E+2	9.99984E-5	1.39866E-5	1.39868E-1
6.96049E-4	-1.13467E-3	2.99485E+2	2.99260E+2	9.99984E-5	1.40117E-5	1.40119E-1
7.05227E-4	-1.13445E-3	2.99484E+2	2.99259E+2	9.99985E-5	1.39643E-5	1.39645E-1
9.50000E-4	-1.13374E-3	2.99484E+2	2.99259E+2	9.99985E-5	1.39490E-5	1.39492E-1
9.50000E-4	-1.13375E-3	2.99483E+2	2.99258E+2	9.99985E-5	1.39179E-5	1.39182E-1
6.78741E-4	-1.13398E-3	2.99485E+2	2.99257E+2	9.99984E-5	1.39231E-5	1.39233E-1
4.70000E-4	-1.13398E-3	2.99485E+2	2.99257E+2	9.99984E-5	1.39295E-5	1.39297E-1
4.70000E-4	-1.13422E-3	2.99488E+2	2.99257E+2	9.99985E-5	1.39379E-5	1.39381E-1
4.70000E-4	-1.13398E-3	2.99490E+2	2.99256E+2	9.99985E-5	1.40359E-5	1.40361E-1
1.03871E-3	-1.13401E-3	2.99490E+2	2.99259E+2	9.99985E-5	1.40717E-5	1.40719E-1
1.14002E-3	-1.13468E-3	2.99490E+2	2.99259E+2	9.99986E-5	1.39864E-5	1.39866E-1
9.50000E-4	-1.13468E-3	2.99492E+2	2.99258E+2	9.99986E-5	1.40015E-5	1.40017E-1
6.49488E-4	-1.13421E-3	2.99492E+2	2.99257E+2	9.99986E-5	1.40204E-5	1.40206E-1
7.37853E-4	-1.13398E-3	2.99491E+2	2.99257E+2	9.99985E-5	1.40058E-5	1.40060E-1
6.70894E-4	-1.13423E-3	2.99494E+2	2.99258E+2	9.99984E-5	1.39728E-5	1.39730E-1
7.59048E-4	-1.13445E-3	2.99495E+2	2.99257E+2	9.99985E-5	1.39619E-5	1.39621E-1
9.50000E-4	-1.13422E-3	2.99494E+2	2.99259E+2	9.99984E-5	1.40505E-5	1.40508E-1
9.50000E-4	-1.13374E-3	2.99495E+2	2.99260E+2	9.99985E-5	1.40924E-5	1.40926E-1
9.50000E-4	-1.13328E-3	2.99496E+2	2.99259E+2	9.99986E-5	1.39743E-5	1.39745E-1
9.50000E-4	-1.13329E-3	2.99498E+2	2.99261E+2	9.99985E-5	1.39190E-5	1.39192E-1
1.23476E-3	-1.13328E-3	2.99498E+2	2.99261E+2	9.99984E-5	1.39654E-5	1.39656E-1
1.43000E-3	-1.13330E-3	2.99497E+2	2.99260E+2	9.99984E-5	1.40200E-5	1.40203E-1
7.99307E-4	-1.13328E-3	2.99497E+2	2.99258E+2	9.99985E-5	1.40548E-5	1.40550E-1
4.70000E-4	-1.13306E-3	2.99498E+2	2.99260E+2	9.99986E-5	1.40539E-5	1.40541E-1
7.74184E-4	-1.13282E-3	2.99499E+2	2.99260E+2	9.99986E-5	1.40225E-5	1.40227E-1
9.50000E-4	-1.13284E-3	2.99499E+2	2.99260E+2	9.99986E-5	1.39312E-5	1.39313E-1
9.50000E-4	-1.13306E-3	2.99497E+2	2.99260E+2	9.99986E-5	1.39478E-5	1.39480E-1
9.50000E-4	-1.13330E-3	2.99498E+2	2.99261E+2	9.99985E-5	1.40064E-5	1.40066E-1
6.52467E-4	-1.13329E-3	2.99500E+2	2.99261E+2	9.99985E-5	1.39882E-5	1.39885E-1
7.49298E-4	-1.13281E-3	2.99500E+2	2.99261E+2	9.99985E-5	1.39183E-5	1.39185E-1
6.77427E-4	-1.13283E-3	2.99500E+2	2.99262E+2	9.99984E-5	1.39122E-5	1.39125E-1
7.23062E-4	-1.13282E-3	2.99500E+2	2.99261E+2	9.99983E-5	1.39930E-5	1.39933E-1
9.50000E-4	-1.13283E-3	2.99502E+2	2.99261E+2	9.99984E-5	1.40341E-5	1.40344E-1
1.24091E-3	-1.13282E-3	2.99503E+2	2.99262E+2	9.99985E-5	1.40513E-5	1.40515E-1
1.14993E-3	-1.13284E-3	2.99504E+2	2.99263E+2	9.99984E-5	1.40347E-5	1.40349E-1
9.50000E-4	-1.13281E-3	2.99505E+2	2.99264E+2	9.99984E-5	1.39667E-5	1.39670E-1
6.54026E-4	-1.13236E-3	2.99506E+2	2.99263E+2	9.99984E-5	1.39276E-5	1.39278E-1
4.70000E-4	-1.13164E-3	2.99506E+2	2.99263E+2	9.99985E-5	1.39263E-5	1.39265E-1
4.70000E-4	-1.13168E-3	2.99505E+2	2.99263E+2	9.99983E-5	1.39935E-5	1.39937E-1
7.20065E-4	-1.13190E-3	2.99506E+2	2.99264E+2	9.99983E-5	1.39950E-5	1.39953E-1
1.25097E-3	-1.13190E-3	2.99508E+2	2.99265E+2	9.99985E-5	1.39652E-5	1.39654E-1
1.13404E-3	-1.13189E-3	2.99510E+2	2.99265E+2	9.99985E-5	1.39504E-5	1.39506E-1
1.22155E-3	-1.13190E-3	2.99512E+2	2.99264E+2	9.99986E-5	1.39389E-5	1.39391E-1
1.13698E-3	-1.13237E-3	2.99511E+2	2.99265E+2	9.99985E-5	1.40087E-5	1.40089E-1
9.50000E-4	-1.13259E-3	2.99512E+2	2.99267E+2	9.99985E-5	1.40608E-5	1.40610E-1
6.79697E-4	-1.13259E-3	2.99514E+2	2.99267E+2	9.99984E-5	1.39887E-5	1.39889E-1
4.70000E-4	-1.13236E-3	2.99514E+2	2.99267E+2	9.99984E-5	1.40020E-5	1.40023E-1
7.98572E-4	-1.13237E-3	2.99515E+2	2.99269E+2	9.99983E-5	1.40682E-5	1.40684E-1
6.45554E-4	-1.13259E-3	2.99517E+2	2.99272E+2	9.99984E-5	1.40678E-5	1.40680E-1
7.30248E-4	-1.13259E-3	2.99518E+2	2.99271E+2	9.99984E-5	1.39784E-5	1.39786E-1
7.07371E-4	-1.13284E-3	2.99518E+2	2.99272E+2	9.99985E-5	1.39620E-5	1.39622E-1
1.78882E-4	-1.13281E-3	2.99518E+2	2.99271E+2	9.99984E-5	1.40161E-5	1.40163E-1
2.93731E-4	-1.13236E-3	2.99519E+2	2.99272E+2	9.99985E-5	1.40461E-5	1.40463E-1
7.82306E-4	-1.13303E-3	2.99518E+2	2.99272E+2	9.99985E-5	1.40515E-5	1.40517E-1
9.50000E-4	-1.13351E-3	2.99518E+2	2.99271E+2	9.99985E-5	1.40308E-5	1.40310E-1
1.25648E-3	-1.13257E-3	2.99519E+2	2.99272E+2	9.99986E-5	1.40273E-5	1.40275E-1
1.12230E-3	-1.13189E-3	2.99517E+2	2.99273E+2	9.99985E-5	1.40062E-5	1.40064E-1
9.50000E-4	-1.13213E-3	2.99519E+2	2.99274E+2	9.99984E-5	1.40345E-5	1.40347E-1
6.69723E-4	-1.13259E-3	2.99518E+2	2.99274E+2	9.99985E-5	1.40145E-5	1.40147E-1
1.07815E-3	-1.13214E-3	2.99518E+2	2.99274E+2	9.99984E-5	1.39599E-5	1.39601E-1
1.12600E-3	-1.13190E-3	2.99521E+2	2.99274E+2	9.99984E-5	1.39739E-5	1.39742E-1
1.23635E-3	-1.13188E-3	2.99521E+2	2.99276E+2	9.99984E-5	1.39449E-5	1.39451E-1
5.96012E-4	-1.13191E-3	2.99520E+2	2.99278E+2	9.99985E-5	1.39781E-5	1.39783E-1
2.54465E-4	-1.13189E-3	2.99520E+2	2.99278E+2	9.99985E-5	1.40129E-5	1.40131E-1
4.70000E-4	-1.13237E-3	2.99521E+2	2.99277E+2	9.99985E-5	1.39823E-5	1.39825E-1
4.70000E-4	-1.13236E-3	2.99523E+2	2.99277E+2	9.99985E-5	1.40414E-5	1.40416E-1
4.70000E-4	-1.13190E-3	2.99525E+2	2.99278E+2	9.99984E-5	1.40795E-5	1.40798E-1
1.10394E-3	-1.13213E-3	2.99523E+2	2.99279E+2	9.99983E-5	1.40057E-5	1.40059E-1
8.38500E-4	-1.13236E-3	2.99524E+2	2.99280E+2	9.99984E-5	1.39523E-5	1.39525E-1
7.61650E-4	-1.13235E-3	2.99525E+2	2.99279E+2	9.99985E-5	1.39654E-5	1.39656E-1
9.50000E-4	-1.13213E-3	2.99527E+2	2.99279E+2	9.99985E-5	1.40211E-5	1.40213E-1
9.50000E-4	-1.13188E-3	2.99527E+2	2.99279E+2	9.99984E-5	1.40169E-5	1.40171E-1
9.50000E-4	-1.13192E-3	2.99528E+2	2.99280E+2	9.99985E-5	1.39866E-5	1.39868E-1
9.50000E-4	-1.13189E-3	2.99530E+2	2.99281E+2	9.99985E-5	1.40297E-5	1.40300E-1
9.50000E-4	-1.13166E-3	2.99532E+2	2.99283E+2	9.99984E-5	1.40411E-5	1.40413E-1
9.50000E-4	-1.13190E-3	2.99533E+2	2.99283E+2	9.99984E-5	1.40213E-5	1.40215E-1
9.50000E-4	-1.13189E-3	2.99531E+2	2.99283E+2	9.99985E-5	1.39510E-5	1.39512E-1
9.50000E-4	-1.13166E-3	2.99530E+2	2.99284E+2	9.99985E-5	1.39185E-5	1.39187E-1
3.99519E-4	-1.13166E-3	2.99529E+2	2.99284E+2	9.99984E-5	1.39465E-5	1.39467E-1
3.04144E-4	-1.13166E-3	2.99528E+2	2.99286E+2	9.99985E-5	1.39504E-5	1.39506E-1
4.70000E-4	-1.13143E-3	2.99529E+2	2.99287E+2	9.99985E-5	1.39292E-5	1.39294E-1
4.70000E-4	-1.13120E-3	2.99529E+2	2.99285E+2	9.99984E-5	1.39914E-5	1.39916E-1
4.70000E-4	-1.13120E-3	2.99528E+2	2.99285E+2	9.99984E-5	1.40717E-5	1.40719E-1
4.70000E-4	-1.13144E-3	2.99526E+2	2.99287E+2	9.99985E-5	1.40297E-5	1.40299E-1
7.40770E-4	-1.13119E-3	2.99523E+2	2.99287E+2	9.99984E-5	1.40075E-5	1.40077E-1
9.50000E-4	-1.13121E-3	2.99520E+2	2.99286E+2	9.99983E-5	1.39646E-5	1.39648E-1
9.50000E-4	-1.13166E-3	2.99520E+2	2.99288E+2	9.99984E-5	1.40254E-5	1.40256E-1
9.50000E-4	-1.13143E-3	2.99518E+2	2.99287E+2	9.99986E-5	1.40445E-5	1.40447E-1
9.50000E-4	-1.13142E-3	2.99518E+2	2.99285E+2	9.99985E-5	1.39524E-5	1.39526E-1
9.50000E-4	-1.13143E-3	2.99519E+2	2.99285E+2	9.99984E-5	1.39750E-5	1.39753E-1
9.50000E-4	-1.13145E-3	2.99516E+2	2.99285E+2	9.99985E-5	1.39887E-5	1.39889E-1
9.50000E-4	-1.13118E-3	2.99515E+2	2.99286E+2	9.99986E-5	1.39928E-5	1.39930E-1
9.50000E-4	-1.13146E-3	2.99515E+2	2.99287E+2	9.99984E-5	1.40283E-5	1.40285E-1
3.23471E-4	-1.13189E-3	2.99512E+2	2.99287E+2	9.99985E-5	1.40327E-5	1.40329E-1
6.18075E-4	-1.13143E-3	2.99512E+2	2.99286E+2	9.99985E-5	1.40496E-5	1.40498E-1
9.50000E-4	-1.13143E-3	2.99514E+2	2.99284E+2	9.99984E-5	1.40450E-5	1.40452E-1
6.55259E-4	-1.13166E-3	2.99514E+2	2.99286E+2	9.99985E-5	1.40382E-5	1.40384E-1
1.56692E-4	-1.13166E-3	2.99512E+2	2.99286E+2	9.99985E-5	1.40447E-5	1.40449E-1
6.02447E-4	-1.13144E-3	2.99511E+2	2.99285E+2	9.99986E-5	1.40012E-5	1.40014E-1
6.69433E-4	-1.13120E-3	2.99510E+2	2.99285E+2	9.99984E-5	1.40231E-5	1.40234E-1
4.70000E-4	-1.13095E-3	2.99510E+2	2.99287E+2	9.99984E-5	1.40543E-5	1.40545E-1
7.20101E-4	-1.13098E-3	2.99512E+2	2.99285E+2	9.99984E-5	1.40111E-5	1.40114E-1
7.06235E-4	-1.13096E-3	2.99511E+2	2.99284E+2	9.99984E-5	1.39552E-5	1.39554E-1
4.70000E-4	-1.13074E-3	2.99509E+2	2.99286E+2	9.99984E-5	1.39625E-5	1.39628E-1
7.50857E-4	-1.13074E-3	2.99508E+2	2.99286E+2	9.99984E-5	1.40054E-5	1.40057E-1
9.50000E-4	-1.13074E-3	2.99510E+2	2.99287E+2	9.99984E-5	1.39902E-5	1.39905E-1
9.50000E-4	-1.13049E-3	2.99511E+2	2.99285E+2	9.99984E-5	1.39756E-5	1.39758E-1
9.50000E-4	-1.13078E-3	2.99510E+2	2.99285E+2	9.99985E-5	1.40232E-5	1.40234E-1
6.58328E-4	-1.13120E-3	2.99509E+2	2.99287E+2	9.99985E-5	1.40253E-5	1.40255E-1
4.70000E-4	-1.13095E-3	2.99509E+2	2.99286E+2	9.99984E-5	1.39922E-5	1.39925E-1
7.21683E-4	-1.13074E-3	2.99508E+2	2.99285E+2	9.99984E-5	1.40058E-5	1.40060E-1
9.50000E-4	-1.13050E-3	2.99508E+2	2.99285E+2	9.99984E-5	1.40349E-5	1.40352E-1
3.64025E-4	-1.13050E-3	2.99506E+2	2.99285E+2	9.99985E-5	1.40800E-5	1.40802E-1
5.94537E-4	-1.13051E-3	2.99503E+2	2.99286E+2	9.99985E-5	1.40546E-5	1.40548E-1
6.72865E-4	-1.13074E-3	2.99503E+2	2.99286E+2	9.99986E-5	1.40781E-5	1.40783E-1
4.70000E-4	-1.13047E-3	2.99503E+2	2.99286E+2	9.99985E-5	1.40706E-5	1.40708E-1
7.44779E-4	-1.13031E-3	2.99501E+2	2.99285E+2	9.99984E-5	1.39599E-5	1.39601E-1
9.50000E-4	-1.13074E-3	2.99500E+2	2.99285E+2	9.99984E-5	1.39573E-5	1.39575E-1
3.19424E-4	-1.13074E-3	2.99500E+2	2.99285E+2	9.99985E-5	1.39927E-5	1.39930E-1
2.64844E-4	-1.13074E-3	2.99499E+2	2.99284E+2	9.99985E-5	1.39877E-5	1.39879E-1
4.70000E-4	-1.13074E-3	2.99498E+2	2.99283E+2	9.99984E-5	1.39692E-5	1.39694E-1
4.70000E-4	-1.13074E-3	2.99495E+2	2.99285E+2	9.99984E-5	1.40101E-5	1.40103E-1
7.64350E-4	-1.13099E-3	2.99494E+2	2.99284E+2	9.99984E-5	1.40381E-5	1.40383E-1
9.50000E-4	-1.13120E-3	2.99492E+2	2.99282E+2	9.99984E-5	1.40444E-5	1.40446E-1
9.50000E-4	-1.13120E-3	2.99490E+2	2.99282E+2	9.99984E-5	1.40577E-5	1.40579E-1
9.50000E-4	-1.13075E-3	2.99489E+2	2.99283E+2	9.99985E-5	1.40632E-5	1.40634E-1
9.50000E-4	-1.13027E-3	2.99489E+2	2.99281E+2	9.99985E-5	1.40366E-5	1.40368E-1
1.23779E-3	-1.13051E-3	2.99486E+2	2.99281E+2	9.99985E-5	1.40086E-5	1.40088E-1
1.43000E-3	-1.13050E-3	2.99486E+2	2.99280E+2	9.99985E-5	1.40381E-5	1.40383E-1
8.78617E-4	-1.13050E-3	2.99484E+2	2.99280E+2	9.99985E-5	1.40185E-5	1.40187E-1
4.70000E-4	-1.13074E-3	2.99481E+2	2.99279E+2	9.99984E-5	1.40621E-5	1.40623E-1
7.41201E-4	-1.13074E-3	2.99479E+2	2.99278E+2	9.99983E-5	1.40986E-5	1.40988E-1
6.52137E-4	-1.13099E-3	2.99479E+2	2.99277E+2	9.99985E-5	1.40650E-5	1.40652E-1
4.70000E-4	-1.13120E-3	2.99478E+2	2.99278E+2	9.99986E-5	1.41163E-5	1.41165E-1
4.70000E-4	-1.13097E-3	2.99475E+2	2.99278E+2	9.99985E-5	1.40747E-5	1.40750E-1
4.70000E-4	-1.13051E-3	2.99472E+2	2.99278E+2	9.99985E-5	1.40590E-5	1.40592E-1
4.70000E-4	-1.13074E-3	2.99469E+2	2.99275E+2	9.99985E-5	1.40499E-5	1.40501E-1
1.03351E-3	-1.13097E-3	2.99469E+2	2.99273E+2	9.99984E-5	1.39879E-5	1.39882E-1
8.27787E-4	-1.13074E-3	2.99473E+2	2.99274E+2	9.99984E-5	1.39573E-5	1.39575E-1
7.73269E-4	-1.13049E-3	2.99472E+2	2.99273E+2	9.99985E-5	1.39696E-5	1.39698E-1
9.50000E-4	-1.13003E-3	2.99471E+2	2.99272E+2	9.99985E-5	1.40363E-5	1.40365E-1
9.50000E-4	-1.13056E-3	2.99473E+2	2.99273E+2	9.99985E-5	1.40450E-5	1.40452E-1
6.45245E-4	-1.13050E-3	2.99475E+2	2.99272E+2	9.99985E-5	1.40072E-5	1.40074E-1
4.70000E-4	-1.13028E-3	2.99473E+2	2.99271E+2	9.99985E-5	1.39964E-5	1.39967E-1
4.70000E-4	-1.13098E-3	2.99471E+2	2.99271E+2	9.99984E-5	1.39648E-5	1.39650E-1
7.80420E-4	-1.13144E-3	2.99473E+2	2.99269E+2	9.99983E-5	1.39612E-5	1.39615E-1
9.50000E-4	-1.13095E-3	2.99475E+2	2.99268E+2	9.99983E-5	1.40112E-5	1.40115E-1
6.37929E-4	-1.13097E-3	2.99474E+2	2.99268E+2	9.99983E-5	1.40410E-5	1.40412E-1
7.92354E-4	-1.13142E-3	2.99474E+2	2.99269E+2	9.99985E-5	1.40231E-5	1.40233E-1
9.50000E-4	-1.13144E-3	2.99475E+2	2.99271E+2	9.99985E-5	1.40165E-5	1.40167E-1
9.50000E-4	-1.13120E-3	2.99474E+2	2.99270E+2	9.99985E-5	1.40178E-5	1.40181E-1
6.74368E-4	-1.13121E-3	2.99473E+2	2.99270E+2	9.99985E-5	1.40287E-5	1.40289E-1
4.70000E-4	-1.13143E-3	2.99475E+2	2.99271E+2	9.99985E-5	1.40356E-5	1.40359E-1
7.67285E-4	-1.13097E-3	2.99476E+2	2.99272E+2	9.99985E-5	1.40175E-5	1.40177E-1
6.42532E-4	-1.13120E-3	2.99478E+2	2.99270E+2	9.99985E-5	1.40885E-5	1.40887E-1
4.70000E-4	-1.13143E-3	2.99478E+2	2.99267E+2	9.99985E-5	1.41088E-5	1.41091E-1
7.72207E-4	-1.13169E-3	2.99479E+2	2.99268E+2	9.99984E-5	1.40426E-5	1.40429E-1
3.20759E-4	-1.13189E-3	2.99480E+2	2.99270E+2	9.99984E-5	1.40332E-5	1.40334E-1
6.34286E-4	-1.13166E-3	2.99479E+2	2.99269E+2	9.99984E-5	1.40474E-5	1.40476E-1
9.50000E-4	-1.13143E-3	2.99481E+2	2.99270E+2	9.99985E-5	1.40275E-5	1.40277E-1
1.24558E-3	-1.13143E-3	2.99483E+2	2.99269E+2	9.99985E-5	1.40203E-5	1.40206E-1
7.68729E-4	-1.13166E-3	2.99482E+2	2.99268E+2	9.99985E-5	1.40258E-5	1.40260E-1
7.60734E-4	-1.13190E-3	2.99485E+2	2.99269E+2	9.99984E-5	1.39957E-5	1.39960E-1
6.90766E-4	-1.13189E-3	2.99489E+2	2.99271E+2	9.99984E-5	1.40706E-5	1.40709E-1
7.33166E-4	-1.13217E-3	2.99490E+2	2.99271E+2	9.99985E-5	1.40898E-5	1.40900E-1
9.50000E-4	-1.13185E-3	2.99492E+2	2.99271E+2	9.99984E-5	1.39922E-5	1.39925E-1
6.83240E-4	-1.13165E-3	2.99494E+2	2.99271E+2	9.99984E-5	1.40242E-5	1.40245E-1
4.70000E-4	-1.13236E-3	2.99496E+2	2.99273E+2	9.99984E-5	1.40621E-5	1.40623E-1
7.53238E-4	-1.13211E-3	2.99497E+2	2.99274E+2	9.99984E-5	1.40983E-5	1.40985E-1
9.50000E-4	-1.13166E-3	2.99498E+2	2.99274E+2	9.99985E-5	1.40824E-5	1.40826E-1
9.50000E-4	-1.13143E-3	2.99502E+2	2.99276E+2	9.99984E-5	1.40599E-5	1.40601E-1
9.50000E-4	-1.13120E-3	2.99505E+2	2.99276E+2	9.99984E-5	1.40464E-5	1.40467E-1
9.50000E-4	-1.13120E-3	2.99508E+2	2.99276E+2	9.99984E-5	1.40477E-5	1.40479E-1
9.50000E-4	-1.13168E-3	2.99507E+2	2.99277E+2	9.99985E-5	1.40545E-5	1.40547E-1
9.50000E-4	-1.13166E-3	2.99507E+2	2.99278E+2	9.99985E-5	1.40158E-5	1.40160E-1
3.30155E-4	-1.13096E-3	2.99508E+2	2.99278E+2	9.99985E-5	1.39888E-5	1.39890E-1
8.14000E-4	-1.13098E-3	2.99508E+2	2.99279E+2	9.99985E-5	1.40294E-5	1.40296E-1
1.15592E-3	-1.13168E-3	2.99507E+2	2.99279E+2	9.99984E-5	1.40331E-5	1.40333E-1
6.68841E-4	-1.13166E-3	2.99508E+2	2.99280E+2	9.99983E-5	1.39670E-5	1.39672E-1
4.70000E-4	-1.13144E-3	2.99509E+2	2.99281E+2	9.99984E-5	1.39299E-5	1.39301E-1
4.70000E-4	-1.13191E-3	2.99512E+2	2.99282E+2	9.99985E-5	1.39654E-5	1.39656E-1
7.11015E-4	-1.13189E-3	2.99513E+2	2.99282E+2	9.99985E-5	1.40190E-5	1.40192E-1
6.75904E-4	-1.13166E-3	2.99511E+2	2.99282E+2	9.99984E-5	1.40333E-5	1.40335E-1
7.69816E-4	-1.13191E-3	2.99514E+2	2.99282E+2	9.99985E-5	1.39964E-5	1.39966E-1
9.50000E-4	-1.13190E-3	2.99515E+2	2.99283E+2	9.99986E-5	1.39926E-5	1.39928E-1
6.39516E-4	-1.13166E-3	2.99516E+2	2.99284E+2	9.99985E-5	1.40711E-5	1.40713E-1
8.01832E-4	-1.13190E-3	2.99519E+2	2.99285E+2	9.99984E-5	1.41099E-5	1.41101E-1
6.74178E-4	-1.13213E-3	2.99522E+2	2.99287E+2	9.99983E-5	1.40915E-5	1.40918E-1
2.37007E-4	-1.13237E-3	2.99525E+2	2.99287E+2	9.99984E-5	1.41118E-5	1.41120E-1
2.79208E-4	-1.13283E-3	2.99527E+2	2.99288E+2	9.99985E-5	1.40400E-5	1.40402E-1
7.55907E-4	-1.13259E-3	2.99529E+2	2.99290E+2	9.99985E-5	1.39715E-5	1.39717E-1
9.50000E-4	-1.13189E-3	2.99532E+2	2.99290E+2	9.99985E-5	1.40385E-5	1.40388E-1
6.99285E-4	-1.13166E-3	2.99535E+2	2.99291E+2	9.99985E-5	1.40418E-5	1.40420E-1
1.89836E-4	-1.13217E-3	2.99536E+2	2.99292E+2	9.99985E-5	1.40486E-5	1.40488E-1
0.00000E+0	-1.13259E-3	2.99539E+2	2.99293E+2	9.99985E-5	1.40613E-5	1.40615E-1
4.65479E-4	-1.13282E-3	2.99542E+2	2.99295E+2	9.99984E-5	1.40214E-5	1.40216E-1
9.50000E-4	-1.13260E-3	2.99544E+2	2.99296E+2	9.99984E-5	1.39870E-5	1.39872E-1
1.25544E-3	-1.13236E-3	2.99545E+2	2.99298E+2	9.99984E-5	1.40182E-5	1.40184E-1
1.14022E-3	-1.13282E-3	2.99547E+2	2.99298E+2	9.99986E-5	1.40245E-5	1.40247E-1
9.50000E-4	-1.13306E-3	2.99549E+2	2.99300E+2	9.99985E-5	1.40023E-5	1.40026E-1
9.50000E-4	-1.13329E-3	2.99549E+2	2.99304E+2	9.99983E-5	1.40430E-5	1.40432E-1
9.50000E-4	-1.13304E-3	2.99550E+2	2.99306E+2	9.99984E-5	1.40282E-5	1.40284E-1
6.43267E-4	-1.13306E-3	2.99550E+2	2.99305E+2	9.99985E-5	1.40018E-5	1.40020E-1
4.70000E-4	-1.13305E-3	2.99550E+2	2.99305E+2	9.99984E-5	1.40341E-5	1.40343E-1
1.57465E-4	-1.13283E-3	2.99550E+2	2.99305E+2	9.99984E-5	1.40921E-5	1.40923E-1
8.96072E-4	-1.13282E-3	2.99548E+2	2.99307E+2	9.99984E-5	1.40638E-5	1.40641E-1
1.14789E-3	-1.13307E-3	2.99545E+2	2.99308E+2	9.99985E-5	1.39963E-5	1.39965E-1
9.50000E-4	-1.13280E-3	2.99542E+2	2.99307E+2	9.99985E-5	1.40360E-5	1.40362E-1
6.56688E-4	-1.13236E-3	2.99540E+2	2.99306E+2	9.99985E-5	1.40887E-5	1.40889E-1
4.70000E-4	-1.13211E-3	2.99538E+2	2.99305E+2	9.99985E-5	1.40582E-5	1.40584E-1
7.45390E-4	-1.13214E-3	2.99536E+2	2.99307E+2	9.99984E-5	1.39986E-5	1.39988E-1
6.71599E-4	-1.13259E-3	2.99533E+2	2.99308E+2	9.99985E-5	1.39774E-5	1.39776E-1
7.25569E-4	-1.13259E-3	2.99529E+2	2.99306E+2	9.99985E-5	1.40344E-5	1.40346E-1
4.81138E-4	-1.13236E-3	2.99527E+2	2.99306E+2	9.99984E-5	1.40861E-5	1.40863E-1
5.45107E-4	-1.13261E-3	2.99524E+2	2.99306E+2	9.99986E-5	1.40661E-5	1.40663E-1
1.21225E-3	-1.13355E-3	2.99520E+2	2.99306E+2	9.99986E-5	1.40790E-5	1.40792E-1
1.15505E-3	-1.13325E-3	2.99517E+2	2.99305E+2	9.99985E-5	1.40615E-5	1.40618E-1
1.23967E-3	-1.13307E-3	2.99515E+2	2.99304E+2	9.99984E-5	1.40541E-5	1.40543E-1
8.73973E-4	-1.13375E-3	2.99513E+2	2.99304E+2	9.99984E-5	1.40621E-5	1.40623E-1
7.33960E-4	-1.13352E-3	2.99513E+2	2.99304E+2	9.99984E-5	1.40392E-5	1.40394E-1
1.25711E-3	-1.13330E-3	2.99512E+2	2.99303E+2	9.99984E-5	1.40570E-5	1.40572E-1
1.12356E-3	-1.13304E-3	2.99511E+2	2.99302E+2	9.99985E-5	1.40831E-5	1.40833E-1
6.83213E-4	-1.13283E-3	2.99509E+2	2.99303E+2	9.99984E-5	1.40821E-5	1.40823E-1
7.12626E-4	-1.13257E-3	2.99507E+2	2.99303E+2	9.99985E-5	1.40521E-5	1.40523E-1
9.50000E-4	-1.13236E-3	2.99507E+2	2.99302E+2	9.99985E-5	1.40780E-5	1.40782E-1
6.26953E-4	-1.13282E-3	2.99507E+2	2.99301E+2	9.99984E-5	1.40723E-5	1.40725E-1
4.70000E-4	-1.13283E-3	2.99507E+2	2.99301E+2	9.99984E-5	1.40333E-5	1.40335E-1
1.02278E-3	-1.13259E-3	2.99507E+2	2.99300E+2	9.99984E-5	1.40323E-5	1.40325E-1
1.18081E-3	-1.13282E-3	2.99510E+2	2.99300E+2	9.99984E-5	1.41227E-5	1.41229E-1
9.50000E-4	-1.13306E-3	2.99510E+2	2.99301E+2	9.99985E-5	1.41355E-5	1.41357E-1
9.50000E-4	-1.13281E-3	2.99512E+2	2.99301E+2	9.99985E-5	1.40420E-5	1.40422E-1
6.61323E-4	-1.13259E-3	2.99516E+2	2.99300E+2	9.99984E-5	1.40605E-5	1.40607E-1
4.70000E-4	-1.13284E-3	2.99516E+2	2.99302E+2	9.99984E-5	1.40701E-5	1.40704E-1
7.18780E-4	-1.13257E-3	2.99519E+2	2.99303E+2	9.99984E-5	1.40252E-5	1.40254E-1
9.50000E-4	-1.13213E-3	2.99522E+2	2.99303E+2	9.99984E-5	1.40078E-5	1.40080E-1
9.50000E-4	-1.13237E-3	2.99523E+2	2.99302E+2	9.99984E-5	1.40300E-5	1.40302E-1
9.50000E-4	-1.13259E-3	2.99524E+2	2.99303E+2	9.99984E-5	1.40967E-5	1.40969E-1
9.50000E-4	-1.13211E-3	2.99525E+2	2.99305E+2	9.99984E-5	1.41808E-5	1.41810E-1
6.91024E-4	-1.13217E-3	2.99525E+2	2.99305E+2	9.99984E-5	1.41488E-5	1.41490E-1
2.41375E-4	-1.13211E-3	2.99526E+2	2.99305E+2	9.99985E-5	1.41161E-5	1.41163E-1
8.20083E-4	-1.13190E-3	2.99528E+2	2.99305E+2	9.99985E-5	1.41519E-5	1.41521E-1
1.14585E-3	-1.13213E-3	2.99532E+2	2.99306E+2	9.99985E-5	1.41319E-5	1.41322E-1
6.50724E-4	-1.13237E-3	2.99532E+2	2.99307E+2	9.99985E-5	1.40727E-5	1.40729E-1
4.70000E-4	-1.13284E-3	2.99530E+2	2.99309E+2	9.99984E-5	1.40839E-5	1.40842E-1
7.39381E-4	-1.13282E-3	2.99529E+2	2.99310E+2	9.99984E-5	1.40370E-5	1.40372E-1
9.50000E-4	-1.13259E-3	2.99531E+2	2.99311E+2	9.99985E-5	1.40002E-5	1.40004E-1
6.68951E-4	-1.13259E-3	2.99533E+2	2.99309E+2	9.99986E-5	1.40189E-5	1.40191E-1
7.63532E-4	-1.13235E-3	2.99532E+2	2.99310E+2	9.99985E-5	1.40098E-5	1.40100E-1
3.84010E-4	-1.13213E-3	2.99530E+2	2.99311E+2	9.99985E-5	1.40032E-5	1.40034E-1
2.92524E-4	-1.13213E-3	2.99528E+2	2.99310E+2	9.99984E-5	1.39857E-5	1.39859E-1
7.66786E-4	-1.13213E-3	2.99527E+2	2.99311E+2	9.99985E-5	1.39880E-5	1.39882E-1
4.25668E-4	-1.13188E-3	2.99527E+2	2.99312E+2	9.99985E-5	1.40222E-5	1.40224E-1
2.48929E-4	-1.13214E-3	2.99531E+2	2.99312E+2	9.99985E-5	1.40889E-5	1.40891E-1
1.81004E-4	-1.13236E-3	2.99529E+2	2.99311E+2	9.99985E-5	1.41016E-5	1.41018E-1
3.02898E-4	-1.13213E-3	2.99524E+2	2.99312E+2	9.99985E-5	1.40675E-5	1.40677E-1
7.35834E-4	-1.13213E-3	2.99526E+2	2.99311E+2	9.99985E-5	1.40579E-5	1.40581E-1
9.50000E-4	-1.13213E-3	2.99528E+2	2.99312E+2	9.99985E-5	1.40319E-5	1.40321E-1
9.50000E-4	-1.13238E-3	2.99527E+2	2.99312E+2	9.99984E-5	1.40478E-5	1.40480E-1
9.50000E-4	-1.13259E-3	2.99525E+2	2.99312E+2	9.99984E-5	1.40294E-5	1.40296E-1
6.97142E-4	-1.13259E-3	2.99525E+2	2.99312E+2	9.99985E-5	1.39696E-5	1.39698E-1
7.15162E-4	-1.13307E-3	2.99525E+2	2.99310E+2	9.99985E-5	1.39936E-5	1.39938E-1
9.50000E-4	-1.13328E-3	2.99526E+2	2.99311E+2	9.99984E-5	1.40433E-5	1.40435E-1
6.77551E-4	-1.13306E-3	2.99525E+2	2.99313E+2	9.99984E-5	1.41125E-5	1.41128E-1
4.70000E-4	-1.13330E-3	2.99525E+2	2.99313E+2	9.99983E-5	1.41161E-5	1.41163E-1
7.60462E-4	-1.13377E-3	2.99527E+2	2.99313E+2	9.99984E-5	1.40631E-5	1.40633E-1
9.50000E-4	-1.13374E-3	2.99529E+2	2.99313E+2	9.99986E-5	1.41120E-5	1.41122E-1
9.50000E-4	-1.13329E-3	2.99529E+2	2.99314E+2	9.99985E-5	1.40604E-5	1.40606E-1
9.50000E-4	-1.13306E-3	2.99529E+2	2.99313E+2	9.99985E-5	1.39940E-5	1.39942E-1
9.50000E-4	-1.13283E-3	2.99531E+2	2.99313E+2	9.99985E-5	1.39990E-5	1.39992E-1
9.50000E-4	-1.13305E-3	2.99530E+2	2.99315E+2	9.99985E-5	1.40053E-5	1.40055E-1
6.83688E-4	-1.13328E-3	2.99534E+2	2.99316E+2	9.99985E-5	1.40318E-5	1.40320E-1
7.40733E-4	-1.13306E-3	2.99536E+2	2.99316E+2	9.99985E-5	1.40720E-5	1.40722E-1
9.50000E-4	-1.13353E-3	2.99535E+2	2.99315E+2	9.99985E-5	1.40729E-5	1.40731E-1
9.50000E-4	-1.13375E-3	2.99533E+2	2.99314E+2	9.99986E-5	1.40659E-5	1.40661E-1
9.50000E-4	-1.13352E-3	2.99533E+2	2.99315E+2	9.99985E-5	1.40653E-5	1.40655E-1
6.83555E-4	-1.13375E-3	2.99536E+2	2.99316E+2	9.99985E-5	1.40038E-5	1.40040E-1
7.34592E-4	-1.13375E-3	2.99537E+2	2.99317E+2	9.99986E-5	1.40142E-5	1.40144E-1
7.09121E-4	-1.13329E-3	2.99536E+2	2.99319E+2	9.99985E-5	1.40314E-5	1.40316E-1
4.70000E-4	-1.13351E-3	2.99536E+2	2.99318E+2	9.99984E-5	1.40921E-5	1.40924E-1
1.01195E-3	-1.13423E-3	2.99538E+2	2.99317E+2	9.99985E-5	1.41172E-5	1.41174E-1
6.86369E-4	-1.13421E-3	2.99537E+2	2.99319E+2	9.99985E-5	1.40690E-5	1.40692E-1
2.90750E-4	-1.13398E-3	2.99536E+2	2.99318E+2	9.99984E-5	1.41013E-5	1.41016E-1
7.61878E-4	-1.13374E-3	2.99535E+2	2.99318E+2	9.99985E-5	1.41435E-5	1.41437E-1
9.50000E-4	-1.13352E-3	2.99535E+2	2.99317E+2	9.99985E-5	1.40678E-5	1.40680E-1
7.04191E-4	-1.13329E-3	2.99535E+2	2.99317E+2	9.99985E-5	1.39818E-5	1.39820E-1
4.70000E-4	-1.13258E-3	2.99536E+2	2.99319E+2	9.99985E-5	1.40660E-5	1.40662E-1
4.70000E-4	-1.13259E-3	2.99536E+2	2.99320E+2	9.99984E-5	1.41816E-5	1.41818E-1
7.34023E-4	-1.13282E-3	2.99534E+2	2.99321E+2	9.99984E-5	1.41132E-5	1.41134E-1
6.62235E-4	-1.13259E-3	2.99533E+2	2.99321E+2	9.99984E-5	1.40903E-5	1.40905E-1
4.70000E-4	-1.13235E-3	2.99534E+2	2.99321E+2	9.99984E-5	1.41382E-5	1.41385E-1
7.25449E-4	-1.13213E-3	2.99533E+2	2.99322E+2	9.99984E-5	1.40965E-5	1.40967E-1
9.50000E-4	-1.13259E-3	2.99533E+2	2.99322E+2	9.99985E-5	1.40398E-5	1.40400E-1
6.42406E-4	-1.13259E-3	2.99534E+2	2.99323E+2	9.99984E-5	1.40820E-5	1.40822E-1
4.70000E-4	-1.13189E-3	2.99535E+2	2.99323E+2	9.99983E-5	1.41031E-5	1.41033E-1
2.06027E-4	-1.13189E-3	2.99534E+2	2.99322E+2	9.99984E-5	1.40515E-5	1.40517E-1
5.49858E-4	-1.13122E-3	2.99530E+2	2.99322E+2	9.99984E-5	1.40457E-5	1.40459E-1
9.50000E-4	-1.13075E-3	2.99531E+2	2.99324E+2	9.99984E-5	1.40790E-5	1.40792E-1
9.50000E-4	-1.13096E-3	2.99531E+2	2.99324E+2	9.99985E-5	1.40582E-5	1.40584E-1
6.32444E-4	-1.13122E-3	2.99527E+2	2.99322E+2	9.99985E-5	1.40562E-5	1.40564E-1
4.70000E-4	-1.13166E-3	2.99526E+2	2.99323E+2	9.99985E-5	1.41425E-5	1.41427E-1
4.70000E-4	-1.13166E-3	2.99525E+2	2.99324E+2	9.99984E-5	1.41145E-5	1.41147E-1
7.66167E-4	-1.13166E-3	2.99523E+2	2.99323E+2	9.99984E-5	1.41002E-5	1.41004E-1
9.50000E-4	-1.13166E-3	2.99521E+2	2.99323E+2	9.99984E-5	1.40594E-5	1.40596E-1
9.50000E-4	-1.13094E-3	2.99520E+2	2.99322E+2	9.99984E-5	1.40108E-5	1.40110E-1
3.05665E-4	-1.13052E-3	2.99518E+2	2.99321E+2	9.99984E-5	1.41068E-5	1.41070E-1
8.61772E-4	-1.13098E-3	2.99516E+2	2.99320E+2	9.99984E-5	1.41258E-5	1.41260E-1
6.24500E-4	-1.13120E-3	2.99512E+2	2.99321E+2	9.99984E-5	1.40602E-5	1.40604E-1
7.99287E-4	-1.13145E-3	2.99509E+2	2.99320E+2	9.99985E-5	1.40417E-5	1.40419E-1
6.66443E-4	-1.13120E-3	2.99507E+2	2.99318E+2	9.99984E-5	1.40805E-5	1.40807E-1
2.87983E-4	-1.13119E-3	2.99506E+2	2.99317E+2	9.99984E-5	1.40957E-5	1.40960E-1
7.91033E-4	-1.13166E-3	2.99505E+2	2.99318E+2	9.99984E-5	1.40762E-5	1.40764E-1
6.52681E-4	-1.13143E-3	2.99505E+2	2.99318E+2	9.99984E-5	1.41246E-5	1.41248E-1
7.53234E-4	-1.13143E-3	2.99505E+2	2.99316E+2	9.99984E-5	1.41069E-5	1.41071E-1
9.50000E-4	-1.13118E-3	2.99503E+2	2.99315E+2	9.99983E-5	1.40773E-5	1.40776E-1
7.00051E-4	-1.13097E-3	2.99501E+2	2.99315E+2	9.99984E-5	1.41084E-5	1.41086E-1
4.70000E-4	-1.13144E-3	2.99500E+2	2.99314E+2	9.99984E-5	1.40863E-5	1.40865E-1
2.07116E-4	-1.13141E-3	2.99502E+2	2.99314E+2	9.99984E-5	1.40680E-5	1.40683E-1
4.85371E-4	-1.13120E-3	2.99500E+2	2.99313E+2	9.99984E-5	1.40083E-5	1.40085E-1
4.67701E-4	-1.13170E-3	2.99498E+2	2.99314E+2	9.99984E-5	1.40211E-5	1.40213E-1
4.78368E-4	-1.13213E-3	2.99500E+2	2.99314E+2	9.99984E-5	1.40538E-5	1.40540E-1
9.50000E-4	-1.13213E-3	2.99501E+2	2.99313E+2	9.99985E-5	1.40605E-5	1.40608E-1
9.50000E-4	-1.13237E-3	2.99499E+2	2.99312E+2	9.99986E-5	1.40418E-5	1.40420E-1
6.97286E-4	-1.13188E-3	2.99499E+2	2.99313E+2	9.99984E-5	1.40095E-5	1.40097E-1
4.70000E-4	-1.13191E-3	2.99499E+2	2.99313E+2	9.99983E-5	1.39830E-5	1.39833E-1
7.66950E-4	-1.13236E-3	2.99500E+2	2.99312E+2	9.99984E-5	1.40301E-5	1.40304E-1
6.51522E-4	-1.13237E-3	2.99501E+2	2.99312E+2	9.99984E-5	1.40833E-5	1.40835E-1
7.33941E-4	-1.13234E-3	2.99499E+2	2.99311E+2	9.99984E-5	1.40880E-5	1.40882E-1
7.05585E-4	-1.13237E-3	2.99498E+2	2.99309E+2	9.99984E-5	1.40793E-5	1.40795E-1
7.77876E-4	-1.13259E-3	2.99497E+2	2.99310E+2	9.99983E-5	1.41073E-5	1.41075E-1
9.50000E-4	-1.13284E-3	2.99497E+2	2.99310E+2	9.99983E-5	1.41500E-5	1.41503E-1
6.41730E-4	-1.13306E-3	2.99499E+2	2.99308E+2	9.99984E-5	1.40621E-5	1.40623E-1
4.70000E-4	-1.13306E-3	2.99502E+2	2.99308E+2	9.99984E-5	1.40403E-5	1.40405E-1
7.46146E-4	-1.13306E-3	2.99501E+2	2.99309E+2	9.99984E-5	1.41588E-5	1.41590E-1
9.50000E-4	-1.13306E-3	2.99499E+2	2.99308E+2	9.99985E-5	1.41218E-5	1.41220E-1
9.50000E-4	-1.13328E-3	2.99497E+2	2.99308E+2	9.99985E-5	1.40657E-5	1.40659E-1
6.53756E-4	-1.13304E-3	2.99498E+2	2.99310E+2	9.99985E-5	1.40855E-5	1.40858E-1
7.35110E-4	-1.13283E-3	2.99499E+2	2.99310E+2	9.99985E-5	1.40639E-5	1.40641E-1
6.97156E-4	-1.13283E-3	2.99498E+2	2.99308E+2	9.99985E-5	1.40418E-5	1.40420E-1
4.70000E-4	-1.13259E-3	2.99496E+2	2.99307E+2	9.99985E-5	1.40646E-5	1.40648E-1
7.82088E-4	-1.13259E-3	2.99494E+2	2.99308E+2	9.99985E-5	1.40925E-5	1.40928E-1
4.18519E-4	-1.13234E-3	2.99491E+2	2.99308E+2	9.99984E-5	1.41551E-5	1.41554E-1
5.82375E-4	-1.13237E-3	2.99493E+2	2.99306E+2	9.99985E-5	1.41980E-5	1.41982E-1
9.50000E-4	-1.13282E-3	2.99491E+2	2.99306E+2	9.99985E-5	1.41194E-5	1.41196E-1
6.45656E-4	-1.13283E-3	2.99488E+2	2.99306E+2	9.99984E-5	1.40360E-5	1.40362E-1
7.88461E-4	-1.13284E-3	2.99487E+2	2.99306E+2	9.99983E-5	1.40016E-5	1.40018E-1
9.50000E-4	-1.13306E-3	2.99487E+2	2.99305E+2	9.99983E-5	1.40042E-5	1.40045E-1
6.30072E-4	-1.13306E-3	2.99486E+2	2.99304E+2	9.99983E-5	1.40658E-5	1.40661E-1
7.58558E-4	-1.13281E-3	2.99484E+2	2.99305E+2	9.99984E-5	1.41086E-5	1.41088E-1
1.22356E-3	-1.13235E-3	2.99484E+2	2.99304E+2	9.99984E-5	1.41424E-5	1.41426E-1
1.17623E-3	-1.13258E-3	2.99483E+2	2.99302E+2	9.99984E-5	1.41256E-5	1.41258E-1
1.32792E-3	-1.13283E-3	2.99479E+2	2.99301E+2	9.99984E-5	1.40981E-5	1.40983E-1
6.31093E-3	-1.05726E-3	2.99477E+2	2.99301E+2	9.99985E-5	1.40903E-5	1.40905E-1
1.53407E-2	-5.07537E-4	2.99477E+2	2.99302E+2	9.99984E-5	1.40854E-5	1.40856E-1
2.73451E-2	1.41197E-3	2.99477E+2	2.99301E+2	9.99984E-5	1.40581E-5	1.40583E-1
3.97898E-2	7.95281E-3	2.99473E+2	2.99300E+2	9.99984E-5	1.40688E-5	1.40690E-1
5.22771E-2	1.99724E-2	2.99471E+2	2.99299E+2	9.99984E-5	1.40690E-5	1.40692E-1
6.53641E-2	3.39654E-2	2.99469E+2	2.99298E+2	9.99985E-5	1.40034E-5	1.40036E-1
7.84488E-2	4.76458E-2	2.99468E+2	2.99297E+2	9.99985E-5	1.40343E-5	1.40345E-1
9.11422E-2	6.08948E-2	2.99467E+2	2.99295E+2	9.99985E-5	1.40584E-5	1.40587E-1
1.03600E-1	7.40375E-2	2.99465E+2	2.99295E+2	9.99985E-5	1.40674E-5	1.40676E-1
1.15909E-1	8.69007E-2	2.99461E+2	2.99294E+2	9.99985E-5	1.41055E-5	1.41057E-1
1.28656E-1	9.95197E-2	2.99456E+2	2.99293E+2	9.99985E-5	1.40782E-5	1.40784E-1
1.41480E-1	1.12084E-1	2.99455E+2	2.99293E+2	9.99985E-5	1.40735E-5	1.40737E-1
1.54267E-1	1.24630E-1	2.99451E+2	2.99291E+2	9.99985E-5	1.40637E-5	1.40639E-1
1.66916E-1	1.37145E-1	2.99443E+2	2.99289E+2	9.99985E-5	1.40511E-5	1.40513E-1
1.79234E-1	1.49674E-1	2.99437E+2	2.99289E+2	9.99985E-5	1.40805E-5	1.40807E-1
1.91953E-1	1.62262E-1	2.99434E+2	2.99287E+2	9.99984E-5	1.40378E-5	1.40380E-1
2.04518E-1	1.74828E-1	2.99427E+2	2.99285E+2	9.99984E-5	1.39799E-5	1.39801E-1
2.17188E-1	1.87422E-1	2.99421E+2	2.99283E+2	9.99984E-5	1.40248E-5	1.40250E-1
2.30139E-1	1.99913E-1	2.99414E+2	2.99280E+2	9.99984E-5	1.40701E-5	1.40703E-1
2.42569E-1	2.12265E-1	2.99406E+2	2.99278E+2	9.99985E-5	1.40815E-5	1.40817E-1
2.55347E-1	2.24712E-1	2.99398E+2	2.99275E+2	9.99985E-5	1.40768E-5	1.40770E-1
2.68018E-1	2.37138E-1	2.99390E+2	2.99271E+2	9.99984E-5	1.40361E-5	1.40363E-1
2.80941E-1	2.49635E-1	2.99384E+2	2.99269E+2	9.99984E-5	1.40437E-5	1.40440E-1
2.93746E-1	2.62130E-1	2.99378E+2	2.99265E+2	9.99984E-5	1.40851E-5	1.40853E-1
3.06366E-1	2.74397E-1	2.99369E+2	2.99261E+2	9.99984E-5	1.40044E-5	1.40046E-1
3.18571E-1	2.86624E-1	2.99359E+2	2.99257E+2	9.99985E-5	1.39152E-5	1.39154E-1
3.31316E-1	2.98881E-1	2.99352E+2	2.99254E+2	9.99985E-5	1.39740E-5	1.39742E-1
3.44050E-1	3.11030E-1	2.99347E+2	2.99251E+2	9.99984E-5	1.40121E-5	1.40123E-1
3.56596E-1	3.23114E-1	2.99341E+2	2.99247E+2	9.99984E-5	1.39773E-5	1.39775E-1
3.69531E-1	3.35153E-1	2.99332E+2	2.99244E+2	9.99984E-5	1.39790E-5	1.39792E-1
3.82053E-1	3.47043E-1	2.99324E+2	2.99240E+2	9.99984E-5	1.40034E-5	1.40037E-1
3.94216E-1	3.59044E-1	2.99318E+2	2.99235E+2	9.99983E-5	1.40326E-5	1.40328E-1
4.07065E-1	3.71041E-1	2.99313E+2	2.99232E+2	9.99984E-5	1.40758E-5	1.40760E-1
4.20242E-1	3.82922E-1	2.99308E+2	2.99230E+2	9.99984E-5	1.40262E-5	1.40264E-1
4.32693E-1	3.94933E-1	2.99303E+2	2.99226E+2	9.99984E-5	1.39795E-5	1.39798E-1
4.45455E-1	4.07011E-1	2.99297E+2	2.99221E+2	9.99984E-5	1.39860E-5	1.39862E-1
4.58249E-1	4.19507E-1	2.99292E+2	2.99219E+2	9.99984E-5	1.40083E-5	1.40085E-1
4.70354E-1	4.32046E-1	2.99288E+2	2.99215E+2	9.99985E-5	1.40171E-5	1.40173E-1
4.83040E-1	4.44332E-1	2.99286E+2	2.99211E+2	9.99985E-5	1.39842E-5	1.39845E-1
4.96297E-1	4.56562E-1	2.99282E+2	2.99207E+2	9.99984E-5	1.39773E-5	1.39775E-1
5.08741E-1	4.68616E-1	2.99277E+2	2.99203E+2	9.99984E-5	1.39889E-5	1.39891E-1
5.21258E-1	4.80662E-1	2.99273E+2	2.99200E+2	9.99984E-5	1.39337E-5	1.39339E-1
5.33692E-1	4.92760E-1	2.99272E+2	2.99198E+2	9.99984E-5	1.38680E-5	1.38682E-1
5.46605E-1	5.04921E-1	2.99271E+2	2.99193E+2	9.99985E-5	1.39261E-5	1.39263E-1
5.59264E-1	5.17017E-1	2.99268E+2	2.99191E+2	9.99985E-5	1.39906E-5	1.39909E-1
5.71610E-1	5.29079E-1	2.99268E+2	2.99189E+2	9.99985E-5	1.39689E-5	1.39691E-1
5.84542E-1	5.41140E-1	2.99267E+2	2.99185E+2	9.99985E-5	1.39542E-5	1.39544E-1
5.97134E-1	5.53238E-1	2.99265E+2	2.99182E+2	9.99984E-5	1.39416E-5	1.39418E-1
6.10324E-1	5.65351E-1	2.99264E+2	2.99179E+2	9.99984E-5	1.39596E-5	1.39599E-1
6.23096E-1	5.77405E-1	2.99265E+2	2.99177E+2	9.99984E-5	1.39476E-5	1.39479E-1
6.35136E-1	5.89599E-1	2.99265E+2	2.99174E+2	9.99985E-5	1.39606E-5	1.39608E-1
6.48051E-1	6.01799E-1	2.99263E+2	2.99172E+2	9.99984E-5	1.40707E-5	1.40709E-1
6.60201E-1	6.13876E-1	2.99264E+2	2.99170E+2	9.99984E-5	1.40199E-5	1.40201E-1
6.72773E-1	6.25943E-1	2.99264E+2	2.99167E+2	9.99985E-5	1.39062E-5	1.39064E-1
6.85828E-1	6.38029E-1	2.99264E+2	2.99165E+2	9.99985E-5	1.39344E-5	1.39346E-1
6.98429E-1	6.50165E-1	2.99265E+2	2.99165E+2	9.99984E-5	1.39711E-5	1.39713E-1
7.11310E-1	6.62345E-1	2.99268E+2	2.99163E+2	9.99985E-5	1.40645E-5	1.40647E-1
7.23595E-1	6.74494E-1	2.99269E+2	2.99161E+2	9.99985E-5	1.40826E-5	1.40828E-1
7.36529E-1	6.86681E-1	2.99270E+2	2.99159E+2	9.99985E-5	1.39519E-5	1.39521E-1
7.49197E-1	6.98839E-1	2.99268E+2	2.99157E+2	9.99985E-5	1.38625E-5	1.38627E-1
7.61972E-1	7.10901E-1	2.99268E+2	2.99156E+2	9.99985E-5	1.39211E-5	1.39213E-1
7.74634E-1	7.23158E-1	2.99268E+2	2.99155E+2	9.99985E-5	1.39654E-5	1.39656E-1
7.87233E-1	7.35455E-1	2.99270E+2	2.99154E+2	9.99984E-5	1.40272E-5	1.40274E-1
7.99598E-1	7.47691E-1	2.99272E+2	2.99153E+2	9.99985E-5	1.40387E-5	1.40389E-1
8.11847E-1	7.59883E-1	2.99273E+2	2.99152E+2	9.99986E-5	1.40025E-5	1.40027E-1
8.25124E-1	7.72089E-1	2.99277E+2	2.99150E+2	9.99985E-5	1.40369E-5	1.40371E-1
8.38268E-1	7.84527E-1	2.99280E+2	2.99149E+2	9.99985E-5	1.40028E-5	1.40030E-1
8.50634E-1	7.96939E-1	2.99281E+2	2.99148E+2	9.99985E-5	1.39575E-5	1.39577E-1
8.63218E-1	8.09227E-1	2.99281E+2	2.99149E+2	9.99985E-5	1.39881E-5	1.39883E-1
8.75211E-1	8.21647E-1	2.99282E+2	2.99147E+2	9.99984E-5	1.40289E-5	1.40291E-1
8.88077E-1	8.34137E-1	2.99284E+2	2.99146E+2	9.99985E-5	1.39210E-5	1.39212E-1
9.00740E-1	8.46566E-1	2.99284E+2	2.99145E+2	9.99985E-5	1.38705E-5	1.38707E-1
9.13739E-1	8.58964E-1	2.99284E+2	2.99143E+2	9.99984E-5	1.40196E-5	1.40199E-1
9.26673E-1	8.71417E-1	2.99286E+2	2.99141E+2	9.99984E-5	1.40593E-5	1.40595E-1
9.38729E-1	8.84067E-1	2.99288E+2	2.99141E+2	9.99983E-5	1.39190E-5	1.39192E-1
9.51920E-1	8.96664E-1	2.99289E+2	2.99142E+2	9.99984E-5	1.38922E-5	1.38924E-1
9.64054E-1	9.09327E-1	2.99291E+2	2.99140E+2	9.99985E-5	1.38055E-5	1.38057E-1
9.76626E-1	9.22121E-1	2.99293E+2	2.99140E+2	9.99985E-5	1.37702E-5	1.37705E-1
9.89633E-1	9.34781E-1	2.99295E+2	2.99140E+2	9.99984E-5	1.38203E-5	1.38206E-1
9.98285E-1	9.46942E-1	2.99296E+2	2.99139E+2	9.99984E-5	1.37863E-5	1.37865E-1
1.00074E+0	9.56759E-1	2.99296E+2	2.99140E+2	9.99985E-5	1.37648E-5	1.37650E-1
1.00052E+0	9.63340E-1	2.99297E+2	2.99140E+2	9.99985E-5	1.39144E-5	1.39146E-1
1.00027E+0	9.67496E-1	2.99301E+2	2.99138E+2	9.99985E-5	1.38975E-5	1.38977E-1
1.00052E+0	9.69662E-1	2.99302E+2	2.99138E+2	9.99985E-5	1.38248E-5	1.38250E-1
1.00068E+0	9.70718E-1	2.99303E+2	2.99139E+2	9.99984E-5	1.39629E-5	1.39632E-1
9.94017E-1	9.71139E-1	2.99306E+2	2.99138E+2	9.99984E-5	1.39479E-5	1.39481E-1
9.83049E-1	9.70932E-1	2.99309E+2	2.99137E+2	9.99985E-5	1.37687E-5	1.37689E-1
9.69837E-1	9.69802E-1	2.99313E+2	2.99136E+2	9.99985E-5	1.38406E-5	1.38408E-1
9.57353E-1	9.65663E-1	2.99319E+2	2.99136E+2	9.99984E-5	1.40717E-5	1.40720E-1
9.44834E-1	9.56469E-1	2.99325E+2	2.99136E+2	9.99985E-5	1.39736E-5	1.39738E-1
9.32632E-1	9.43521E-1	2.99333E+2	2.99138E+2	9.99984E-5	1.38186E-5	1.38188E-1
9.20392E-1	9.29744E-1	2.99344E+2	2.99139E+2	9.99984E-5	1.39360E-5	1.39362E-1
9.07267E-1	9.16067E-1	2.99356E+2	2.99138E+2	9.99985E-5	1.41328E-5	1.41331E-1
8.94096E-1	9.02884E-1	2.99370E+2	2.99140E+2	9.99984E-5	1.40112E-5	1.40115E-1
8.81282E-1	8.90208E-1	2.99386E+2	2.99143E+2	9.99985E-5	1.40854E-5	1.40856E-1
8.68829E-1	8.77658E-1	2.99402E+2	2.99146E+2	9.99985E-5	1.40864E-5	1.40866E-1
8.55833E-1	8.65017E-1	2.99422E+2	2.99150E+2	9.99985E-5	1.37986E-5	1.37988E-1
8.43146E-1	8.52447E-1	2.99441E+2	2.99154E+2	9.99985E-5	1.39049E-5	1.39051E-1
8.31108E-1	8.40024E-1	2.99463E+2	2.99160E+2	9.99986E-5	1.41049E-5	1.41051E-1
8.18374E-1	8.27648E-1	2.99486E+2	2.99165E+2	9.99985E-5	1.39529E-5	1.39531E-1
8.05676E-1	8.15290E-1	2.99508E+2	2.99170E+2	9.99984E-5	1.37845E-5	1.37847E-1
7.92505E-1	8.02997E-1	2.99533E+2	2.99176E+2	9.99985E-5	1.37611E-5	1.37613E-1
7.79721E-1	7.90710E-1	2.99557E+2	2.99184E+2	9.99985E-5	1.38220E-5	1.38222E-1
7.67736E-1	7.78323E-1	2.99580E+2	2.99191E+2	9.99985E-5	1.39667E-5	1.39669E-1
7.55031E-1	7.65955E-1	2.99605E+2	2.99199E+2	9.99985E-5	1.40509E-5	1.40511E-1
7.42740E-1	7.53680E-1	2.99630E+2	2.99207E+2	9.99985E-5	1.41380E-5	1.41382E-1
7.29746E-1	7.41446E-1	2.99654E+2	2.99217E+2	9.99985E-5	1.40501E-5	1.40503E-1
7.16753E-1	7.29183E-1	2.99680E+2	2.99227E+2	9.99984E-5	1.38729E-5	1.38731E-1
7.03588E-1	7.16945E-1	2.99706E+2	2.99236E+2	9.99983E-5	1.38996E-5	1.38999E-1
6.91345E-1	7.04859E-1	2.99729E+2	2.99245E+2	9.99984E-5	1.40338E-5	1.40340E-1
6.79326E-1	6.92660E-1	2.99752E+2	2.99255E+2	9.99984E-5	1.40506E-5	1.40509E-1
6.66353E-1	6.80411E-1	2.99774E+2	2.99267E+2	9.99984E-5	1.39549E-5	1.39551E-1
6.53259E-1	6.68285E-1	2.99796E+2	2.99278E+2	9.99984E-5	1.38995E-5	1.38997E-1
6.40631E-1	6.56144E-1	2.99816E+2	2.99288E+2	9.99984E-5	1.39563E-5	1.39566E-1
6.28313E-1	6.44028E-1	2.99834E+2	2.99299E+2	9.99984E-5	1.39754E-5	1.39757E-1
6.16172E-1	6.31778E-1	2.99852E+2	2.99310E+2	9.99984E-5	1.39351E-5	1.39353E-1
6.03466E-1	6.19508E-1	2.99871E+2	2.99322E+2	9.99985E-5	1.39682E-5	1.39684E-1
5.90603E-1	6.07437E-1	2.99890E+2	2.99333E+2	9.99984E-5	1.41132E-5	1.41134E-1
5.77628E-1	5.95422E-1	2.99907E+2	2.99343E+2	9.99984E-5	1.41027E-5	1.41029E-1
5.64734E-1	5.83297E-1	2.99921E+2	2.99354E+2	9.99984E-5	1.39953E-5	1.39956E-1
5.52136E-1	5.71116E-1	2.99934E+2	2.99365E+2	9.99984E-5	1.40575E-5	1.40577E-1
5.39784E-1	5.58934E-1	2.99947E+2	2.99377E+2	9.99984E-5	1.39791E-5	1.39793E-1
5.27135E-1	5.46714E-1	2.99957E+2	2.99388E+2	9.99985E-5	1.39104E-5	1.39106E-1
5.14088E-1	5.34632E-1	2.99966E+2	2.99398E+2	9.99985E-5	1.39513E-5	1.39515E-1
5.01599E-1	5.22633E-1	2.99975E+2	2.99408E+2	9.99985E-5	1.39904E-5	1.39906E-1
4.88583E-1	5.10447E-1	2.99985E+2	2.99419E+2	9.99985E-5	1.40235E-5	1.40237E-1
4.76036E-1	4.98293E-1	2.99991E+2	2.99427E+2	9.99984E-5	1.39579E-5	1.39581E-1
4.63867E-1	4.86230E-1	2.99995E+2	2.99436E+2	9.99984E-5	1.39671E-5	1.39673E-1
4.50819E-1	4.74015E-1	3.00000E+2	2.99445E+2	9.99985E-5	1.39183E-5	1.39185E-1
4.38416E-1	4.61825E-1	3.00003E+2	2.99454E+2	9.99986E-5	1.38590E-5	1.38592E-1
4.25776E-1	4.49664E-1	3.00005E+2	2.99463E+2	9.99986E-5	1.39117E-5	1.39119E-1
4.13197E-1	4.37489E-1	3.00007E+2	2.99472E+2	9.99986E-5	1.40275E-5	1.40277E-1
4.00887E-1	4.25252E-1	3.00006E+2	2.99479E+2	9.99985E-5	1.41474E-5	1.41476E-1
3.88174E-1	4.13000E-1	3.00005E+2	2.99485E+2	9.99985E-5	1.40276E-5	1.40278E-1
3.75331E-1	4.00830E-1	3.00003E+2	2.99492E+2	9.99985E-5	1.39703E-5	1.39705E-1
3.61923E-1	3.88583E-1	3.00001E+2	2.99499E+2	9.99985E-5	1.40108E-5	1.40110E-1
3.49591E-1	3.76072E-1	2.99996E+2	2.99506E+2	9.99984E-5	1.39822E-5	1.39825E-1
3.36995E-1	3.63613E-1	2.99990E+2	2.99512E+2	9.99984E-5	1.39697E-5	1.39699E-1
3.23960E-1	3.51359E-1	2.99984E+2	2.99516E+2	9.99985E-5	1.40502E-5	1.40504E-1
3.12042E-1	3.39019E-1	2.99977E+2	2.99520E+2	9.99985E-5	1.41298E-5	1.41301E-1
2.99671E-1	3.26705E-1	2.99970E+2	2.99524E+2	9.99985E-5	1.41067E-5	1.41069E-1
2.86633E-1	3.14527E-1	2.99958E+2	2.99529E+2	9.99985E-5	1.39959E-5	1.39962E-1
2.73640E-1	3.02256E-1	2.99948E+2	2.99533E+2	9.99985E-5	1.39657E-5	1.39659E-1
2.60786E-1	2.89894E-1	2.99938E+2	2.99533E+2	9.99985E-5	1.39652E-5	1.39654E-1
2.48603E-1	2.77587E-1	2.99926E+2	2.99534E+2	9.99984E-5	1.39908E-5	1.39910E-1
2.36022E-1	2.65127E-1	2.99913E+2	2.99536E+2	9.99984E-5	1.40350E-5	1.40352E-1
2.23183E-1	2.52601E-1	2.99900E+2	2.99537E+2	9.99985E-5	1.39983E-5	1.39985E-1
2.10223E-1	2.40122E-1	2.99887E+2	2.99539E+2	9.99984E-5	1.40763E-5	1.40765E-1
1.97595E-1	2.27639E-1	2.99875E+2	2.99538E+2	9.99984E-5	1.41235E-5	1.41237E-1
1.85349E-1	2.15222E-1	2.99863E+2	2.99539E+2	9.99985E-5	1.40598E-5	1.40600E-1
1.72812E-1	2.02696E-1	2.99850E+2	2.99538E+2	9.99985E-5	1.40002E-5	1.40004E-1
1.60219E-1	1.90124E-1	2.99834E+2	2.99537E+2	9.99984E-5	1.40030E-5	1.40033E-1
1.47404E-1	1.77668E-1	2.99819E+2	2.99536E+2	9.99984E-5	1.39958E-5	1.39960E-1
1.34866E-1	1.65110E-1	2.99805E+2	2.99534E+2	9.99985E-5	1.40067E-5	1.40069E-1
1.22026E-1	1.52488E-1	2.99791E+2	2.99530E+2	9.99985E-5	1.40844E-5	1.40846E-1
1.09568E-1	1.39874E-1	2.99776E+2	2.99528E+2	9.99984E-5	1.41253E-5	1.41255E-1
9.71989E-2	1.27349E-1	2.99761E+2	2.99527E+2	9.99985E-5	1.40957E-5	1.40960E-1
8.37666E-2	1.15031E-1	2.99745E+2	2.99524E+2	9.99985E-5	1.40902E-5	1.40904E-1
7.11396E-2	1.02512E-1	2.99729E+2	2.99521E+2	9.99985E-5	1.40943E-5	1.40945E-1
5.84638E-2	8.98851E-2	2.99715E+2	2.99518E+2	9.99985E-5	1.40523E-5	1.40525E-1
4.54607E-2	7.72646E-2	2.99701E+2	2.99513E+2	9.99984E-5	1.40921E-5	1.40923E-1
3.33363E-2	6.46131E-2	2.99686E+2	2.99509E+2	9.99984E-5	1.41241E-5	1.41244E-1
2.11668E-2	5.20514E-2	2.99670E+2	2.99505E+2	9.99985E-5	1.40943E-5	1.40945E-1
8.55788E-3	3.97470E-2	2.99656E+2	2.99501E+2	9.99984E-5	1.40666E-5	1.40669E-1
1.41795E-3	2.84033E-2	2.99641E+2	2.99495E+2	9.99984E-5	1.40551E-5	1.40554E-1
7.43112E-4	1.95548E-2	2.99627E+2	2.99490E+2	9.99984E-5	1.40895E-5	1.40897E-1
6.75712E-4	1.40147E-2	2.99612E+2	2.99486E+2	9.99983E-5	1.40495E-5	1.40497E-1
7.63069E-4	1.09716E-2	2.99597E+2	2.99481E+2	9.99984E-5	1.40865E-5	1.40867E-1
1.20974E-3	9.51518E-3	2.99585E+2	2.99475E+2	9.99985E-5	1.40777E-5	1.40779E-1
2.30567E-4	8.73147E-3	2.99571E+2	2.99470E+2	9.99985E-5	1.40919E-5	1.40921E-1
-7.75822E-3	7.71366E-3	2.99556E+2	2.99465E+2	9.99985E-5	1.41017E-5	1.41020E-1
-2.09446E-2	4.60881E-3	2.99544E+2	2.99458E+2	9.99985E-5	1.40404E-5	1.40406E-1
-3.32269E-2	-2.68655E-3	2.99533E+2	2.99452E+2	9.99985E-5	1.40322E-5	1.40324E-1
-4.59544E-2	-1.33379E-2	2.99522E+2	2.99447E+2	9.99986E-5	1.40359E-5	1.40361E-1
-5.88216E-2	-2.54000E-2	2.99514E+2	2.99440E+2	9.99985E-5	1.40914E-5	1.40916E-1
-7.14857E-2	-3.77297E-2	2.99508E+2	2.99434E+2	9.99984E-5	1.40639E-5	1.40641E-1
-8.42571E-2	-5.01378E-2	2.99502E+2	2.99430E+2	9.99985E-5	1.41103E-5	1.41105E-1
-9.67337E-2	-6.28845E-2	2.99499E+2	2.99426E+2	9.99984E-5	1.41370E-5	1.41373E-1
-1.09263E-1	-7.57034E-2	2.99497E+2	2.99421E+2	9.99984E-5	1.40902E-5	1.40904E-1
-1.22043E-1	-8.84453E-2	2.99495E+2	2.99417E+2	9.99983E-5	1.41245E-5	1.41247E-1
-1.34676E-1	-1.01149E-1	2.99495E+2	2.99414E+2	9.99984E-5	1.41567E-5	1.41569E-1
-1.47300E-1	-1.13791E-1	2.99494E+2	2.99412E+2	9.99985E-5	1.41186E-5	1.41188E-1
-1.60190E-1	-1.26162E-1	2.99491E+2	2.99409E+2	9.99984E-5	1.40757E-5	1.40759E-1
-1.72819E-1	-1.38451E-1	2.99491E+2	2.99407E+2	9.99984E-5	1.40832E-5	1.40834E-1
-1.85056E-1	-1.50673E-1	2.99491E+2	2.99404E+2	9.99984E-5	1.41170E-5	1.41172E-1
-1.97956E-1	-1.62765E-1	2.99487E+2	2.99400E+2	9.99985E-5	1.41747E-5	1.41750E-1
-2.11105E-1	-1.74755E-1	2.99484E+2	2.99398E+2	9.99985E-5	1.41720E-5	1.41722E-1
-2.23431E-1	-1.86626E-1	2.99481E+2	2.99395E+2	9.99984E-5	1.41726E-5	1.41729E-1
-2.35723E-1	-1.98474E-1	2.99475E+2	2.99392E+2	9.99982E-5	1.42000E-5	1.42002E-1
-2.48516E-1	-2.10497E-1	2.99469E+2	2.99389E+2	9.99983E-5	1.42293E-5	1.42295E-1
-2.61519E-1	-2.22687E-1	2.99464E+2	2.99385E+2	9.99985E-5	1.42003E-5	1.42005E-1
-2.74273E-1	-2.35040E-1	2.99455E+2	2.99382E+2	9.99985E-5	1.41703E-5	1.41705E-1
-2.86880E-1	-2.47547E-1	2.99448E+2	2.99379E+2	9.99984E-5	1.42005E-5	1.42008E-1
-3.00021E-1	-2.60218E-1	2.99439E+2	2.99374E+2	9.99985E-5	1.41986E-5	1.41988E-1
-3.12242E-1	-2.72880E-1	2.99429E+2	2.99369E+2	9.99985E-5	1.41648E-5	1.41650E-1
-3.24309E-1	-2.85396E-1	2.99420E+2	2.99366E+2	9.99984E-5	1.42023E-5	1.42026E-1
-3.37393E-1	-2.98067E-1	2.99411E+2	2.99361E+2	9.99984E-5	1.42113E-5	1.42115E-1
-3.49985E-1	-3.10598E-1	2.99400E+2	2.99355E+2	9.99985E-5	1.41458E-5	1.41460E-1
-3.62528E-1	-3.22999E-1	2.99387E+2	2.99350E+2	9.99985E-5	1.42022E-5	1.42025E-1
-3.75219E-1	-3.35508E-1	2.99377E+2	2.99345E+2	9.99984E-5	1.42397E-5	1.42399E-1
-3.88339E-1	-3.47899E-1	2.99369E+2	2.99338E+2	9.99985E-5	1.42465E-5	1.42467E-1
-4.00683E-1	-3.60224E-1	2.99360E+2	2.99332E+2	9.99985E-5	1.43123E-5	1.43126E-1
-4.12893E-1	-3.72723E-1	2.99349E+2	2.99327E+2	9.99984E-5	1.43182E-5	1.43184E-1
-4.25874E-1	-3.85183E-1	2.99340E+2	2.99322E+2	9.99985E-5	1.42496E-5	1.42498E-1
-4.38435E-1	-3.97450E-1	2.99333E+2	2.99316E+2	9.99985E-5	1.41542E-5	1.41544E-1
-4.51130E-1	-4.09599E-1	2.99326E+2	2.99311E+2	9.99985E-5	1.42238E-5	1.42240E-1
-4.63974E-1	-4.22279E-1	2.99321E+2	2.99307E+2	9.99984E-5	1.42330E-5	1.42332E-1
-4.76122E-1	-4.34988E-1	2.99317E+2	2.99302E+2	9.99984E-5	1.41123E-5	1.41125E-1
-4.88870E-1	-4.47306E-1	2.99312E+2	2.99296E+2	9.99985E-5	1.41784E-5	1.41786E-1
-5.01707E-1	-4.59524E-1	2.99308E+2	2.99292E+2	9.99985E-5	1.42749E-5	1.42752E-1
-5.14406E-1	-4.71756E-1	2.99308E+2	2.99289E+2	9.99984E-5	1.42316E-5	1.42318E-1
-5.26937E-1	-4.84082E-1	2.99309E+2	2.99284E+2	9.99984E-5	1.42694E-5	1.42696E-1
-5.39587E-1	-4.96197E-1	2.99308E+2	2.99281E+2	9.99984E-5	1.42404E-5	1.42406E-1
-5.52320E-1	-5.08393E-1	2.99309E+2	2.99277E+2	9.99984E-5	1.42823E-5	1.42825E-1
-5.65031E-1	-5.20666E-1	2.99312E+2	2.99272E+2	9.99985E-5	1.43790E-5	1.43792E-1
-5.78270E-1	-5.32001E-1	2.99314E+2	2.99269E+2	9.99985E-5	1.43123E-5	1.43125E-1
-5.90358E-1	-5.43985E-1	2.99317E+2	2.99267E+2	9.99985E-5	1.42293E-5	1.42295E-1
-6.02581E-1	-5.57260E-1	2.99320E+2	2.99265E+2	9.99985E-5	1.41758E-5	1.41760E-1
-6.15699E-1	-5.70040E-1	2.99326E+2	2.99261E+2	9.99985E-5	1.42267E-5	1.42270E-1
-6.27985E-1	-5.82384E-1	2.99331E+2	2.99260E+2	9.99985E-5	1.42161E-5	1.42164E-1
-6.40904E-1	-5.94654E-1	2.99337E+2	2.99260E+2	9.99984E-5	1.42355E-5	1.42357E-1
-6.53928E-1	-6.06779E-1	2.99344E+2	2.99258E+2	9.99984E-5	1.42913E-5	1.42915E-1
-6.66368E-1	-6.18822E-1	2.99349E+2	2.99256E+2	9.99985E-5	1.42608E-5	1.42611E-1
-6.78998E-1	-6.30825E-1	2.99356E+2	2.99256E+2	9.99985E-5	1.43246E-5	1.43248E-1
-6.91703E-1	-6.42860E-1	2.99365E+2	2.99255E+2	9.99985E-5	1.44097E-5	1.44099E-1
-7.04370E-1	-6.54954E-1	2.99373E+2	2.99255E+2	9.99985E-5	1.43817E-5	1.43820E-1
-7.16504E-1	-6.67103E-1	2.99381E+2	2.99255E+2	9.99984E-5	1.42497E-5	1.42499E-1
-7.29475E-1	-6.79329E-1	2.99389E+2	2.99256E+2	9.99984E-5	1.42954E-5	1.42957E-1
-7.42899E-1	-6.91426E-1	2.99398E+2	2.99258E+2	9.99984E-5	1.43535E-5	1.43537E-1
-7.54619E-1	-7.03657E-1	2.99407E+2	2.99258E+2	9.99984E-5	1.42644E-5	1.42646E-1
-7.67560E-1	-7.15911E-1	2.99416E+2	2.99259E+2	9.99984E-5	1.42554E-5	1.42556E-1
-7.80483E-1	-7.28152E-1	2.99426E+2	2.99261E+2	9.99983E-5	1.42579E-5	1.42582E-1
-7.92821E-1	-7.40311E-1	2.99436E+2	2.99264E+2	9.99983E-5	1.42154E-5	1.42157E-1
-8.05587E-1	-7.52437E-1	2.99447E+2	2.99266E+2	9.99984E-5	1.42937E-5	1.42939E-1
-8.18498E-1	-7.64758E-1	2.99457E+2	2.99267E+2	9.99984E-5	1.43727E-5	1.43730E-1
-8.30993E-1	-7.77085E-1	2.99466E+2	2.99269E+2	9.99984E-5	1.43387E-5	1.43390E-1
-8.43138E-1	-7.89487E-1	2.99477E+2	2.99271E+2	9.99983E-5	1.43751E-5	1.43754E-1
-8.56500E-1	-8.01886E-1	2.99488E+2	2.99275E+2	9.99983E-5	1.43428E-5	1.43430E-1
-8.69189E-1	-8.14137E-1	2.99497E+2	2.99277E+2	9.99984E-5	1.42447E-5	1.42449E-1
-8.81726E-1	-8.26534E-1	2.99505E+2	2.99279E+2	9.99984E-5	1.42138E-5	1.42140E-1
-8.94463E-1	-8.38926E-1	2.99515E+2	2.99283E+2	9.99984E-5	1.42066E-5	1.42068E-1
-9.06718E-1	-8.51285E-1	2.99525E+2	2.99286E+2	9.99984E-5	1.42647E-5	1.42650E-1
-9.19877E-1	-8.63773E-1	2.99534E+2	2.99288E+2	9.99984E-5	1.42823E-5	1.42826E-1
-9.32360E-1	-8.76319E-1	2.99544E+2	2.99292E+2	9.99984E-5	1.42146E-5	1.42148E-1
-9.45168E-1	-8.88896E-1	2.99553E+2	2.99295E+2	9.99984E-5	1.42744E-5	1.42747E-1
-9.57738E-1	-9.01484E-1	2.99563E+2	2.99298E+2	9.99984E-5	1.42945E-5	1.42948E-1
-9.70620E-1	-9.14038E-1	2.99570E+2	2.99303E+2	9.99984E-5	1.42141E-5	1.42144E-1
-9.82946E-1	-9.26768E-1	2.99578E+2	2.99307E+2	9.99983E-5	1.41949E-5	1.41951E-1
-9.95006E-1	-9.39499E-1	2.99587E+2	2.99312E+2	9.99983E-5	1.41404E-5	1.41406E-1
-1.00052E+0	-9.50656E-1	2.99594E+2	2.99315E+2	9.99984E-5	1.42366E-5	1.42368E-1
-1.00052E+0	-9.58743E-1	2.99604E+2	2.99317E+2	9.99985E-5	1.41960E-5	1.41962E-1
-1.00078E+0	-9.64082E-1	2.99611E+2	2.99321E+2	9.99985E-5	1.41441E-5	1.41443E-1
-1.00100E+0	-9.67238E-1	2.99619E+2	2.99324E+2	9.99984E-5	1.42032E-5	1.42034E-1
-1.00100E+0	-9.68929E-1	2.99626E+2	2.99328E+2	9.99984E-5	1.43380E-5	1.43382E-1
-9.98672E-1	-9.69727E-1	2.99634E+2	2.99333E+2	9.99984E-5	1.42849E-5	1.42851E-1
-9.90050E-1	-9.69918E-1	2.99640E+2	2.99337E+2	9.99983E-5	1.43210E-5	1.43213E-1
-9.77213E-1	-9.69312E-1	2.99649E+2	2.99341E+2	9.99983E-5	1.43762E-5	1.43764E-1
-9.64643E-1	-9.67045E-1	2.99658E+2	2.99344E+2	9.99983E-5	1.42116E-5	1.42118E-1
-9.52229E-1	-9.60512E-1	2.99664E+2	2.99350E+2	9.99983E-5	1.41452E-5	1.41454E-1
-9.39091E-1	-9.48867E-1	2.99672E+2	2.99354E+2	9.99983E-5	1.42904E-5	1.42907E-1
-9.26387E-1	-9.35379E-1	2.99681E+2	2.99357E+2	9.99983E-5	1.42444E-5	1.42447E-1
-9.13626E-1	-9.21742E-1	2.99689E+2	2.99361E+2	9.99984E-5	1.40378E-5	1.40380E-1
-9.01121E-1	-9.08453E-1	2.99694E+2	2.99365E+2	9.99984E-5	1.41834E-5	1.41836E-1
-8.88500E-1	-8.95477E-1	2.99701E+2	2.99370E+2	9.99984E-5	1.42796E-5	1.42798E-1
-8.75580E-1	-8.82900E-1	2.99710E+2	2.99374E+2	9.99984E-5	1.41169E-5	1.41171E-1
-8.63433E-1	-8.70390E-1	2.99717E+2	2.99377E+2	9.99986E-5	1.41372E-5	1.41374E-1
-8.50997E-1	-8.57905E-1	2.99723E+2	2.99382E+2	9.99986E-5	1.41218E-5	1.41220E-1
-8.38012E-1	-8.45509E-1	2.99731E+2	2.99388E+2	9.99985E-5	1.40950E-5	1.40953E-1
-8.25189E-1	-8.33179E-1	2.99740E+2	2.99393E+2	9.99986E-5	1.42785E-5	1.42787E-1
-8.12307E-1	-8.20931E-1	2.99746E+2	2.99397E+2	9.99984E-5	1.43792E-5	1.43794E-1
-7.99663E-1	-8.08590E-1	2.99752E+2	2.99402E+2	9.99984E-5	1.43131E-5	1.43133E-1
-7.87474E-1	-7.96317E-1	2.99758E+2	2.99406E+2	9.99984E-5	1.41433E-5	1.41435E-1
-7.75047E-1	-7.84138E-1	2.99764E+2	2.99410E+2	9.99985E-5	1.41550E-5	1.41552E-1
-7.62097E-1	-7.71757E-1	2.99771E+2	2.99415E+2	9.99985E-5	1.41801E-5	1.41803E-1
-7.49419E-1	-7.59383E-1	2.99778E+2	2.99419E+2	9.99984E-5	1.42068E-5	1.42070E-1
-7.36929E-1	-7.47124E-1	2.99784E+2	2.99423E+2	9.99984E-5	1.41872E-5	1.41874E-1
-7.23932E-1	-7.34909E-1	2.99791E+2	2.99428E+2	9.99984E-5	1.40878E-5	1.40880E-1
-7.11522E-1	-7.22794E-1	2.99796E+2	2.99431E+2	9.99984E-5	1.41733E-5	1.41736E-1
-6.98626E-1	-7.10575E-1	2.99801E+2	2.99436E+2	9.99985E-5	1.41520E-5	1.41522E-1
-6.85943E-1	-6.98377E-1	2.99809E+2	2.99441E+2	9.99985E-5	1.41646E-5	1.41648E-1
-6.73544E-1	-6.86200E-1	2.99816E+2	2.99446E+2	9.99984E-5	1.42575E-5	1.42577E-1
-6.61035E-1	-6.73983E-1	2.99824E+2	2.99450E+2	9.99984E-5	1.40921E-5	1.40923E-1
-6.48700E-1	-6.61848E-1	2.99834E+2	2.99453E+2	9.99984E-5	1.40569E-5	1.40571E-1
-6.35670E-1	-6.49616E-1	2.99842E+2	2.99458E+2	9.99984E-5	1.41540E-5	1.41542E-1
-6.22852E-1	-6.37387E-1	2.99849E+2	2.99464E+2	9.99984E-5	1.41674E-5	1.41676E-1
-6.10339E-1	-6.25222E-1	2.99858E+2	2.99469E+2	9.99984E-5	1.41532E-5	1.41535E-1
-5.97041E-1	-6.12912E-1	2.99868E+2	2.99474E+2	9.99983E-5	1.41498E-5	1.41501E-1
-5.85017E-1	-6.00678E-1	2.99874E+2	2.99479E+2	9.99984E-5	1.41781E-5	1.41783E-1
-5.72631E-1	-5.88546E-1	2.99881E+2	2.99485E+2	9.99985E-5	1.42200E-5	1.42202E-1
-5.59861E-1	-5.76381E-1	2.99891E+2	2.99490E+2	9.99984E-5	1.41616E-5	1.41618E-1
-5.46770E-1	-5.64232E-1	2.99900E+2	2.99496E+2	9.99984E-5	1.40520E-5	1.40522E-1
-5.34138E-1	-5.51908E-1	2.99906E+2	2.99500E+2	9.99984E-5	1.41340E-5	1.41342E-1
-5.21562E-1	-5.39576E-1	2.99912E+2	2.99506E+2	9.99984E-5	1.41841E-5	1.41843E-1
-5.08912E-1	-5.27448E-1	2.99918E+2	2.99515E+2	9.99984E-5	1.42831E-5	1.42833E-1
-4.96493E-1	-5.15314E-1	2.99926E+2	2.99521E+2	9.99984E-5	1.43382E-5	1.43384E-1
-4.83314E-1	-5.02998E-1	2.99932E+2	2.99526E+2	9.99985E-5	1.42556E-5	1.42558E-1
-4.70239E-1	-4.90669E-1	2.99934E+2	2.99533E+2	9.99985E-5	1.42217E-5	1.42219E-1
-4.57612E-1	-4.78393E-1	2.99937E+2	2.99538E+2	9.99985E-5	1.42169E-5	1.42171E-1
-4.45862E-1	-4.66150E-1	2.99941E+2	2.99541E+2	9.99986E-5	1.41811E-5	1.41813E-1
-4.33159E-1	-4.53829E-1	2.99943E+2	2.99546E+2	9.99985E-5	1.40869E-5	1.40871E-1
-4.20334E-1	-4.41552E-1	2.99945E+2	2.99552E+2	9.99984E-5	1.40279E-5	1.40281E-1
-4.07718E-1	-4.29297E-1	2.99944E+2	2.99557E+2	9.99984E-5	1.40695E-5	1.40697E-1
-3.94683E-1	-4.17001E-1	2.99944E+2	2.99561E+2	9.99984E-5	1.41696E-5	1.41698E-1
-3.81937E-1	-4.04686E-1	2.99942E+2	2.99563E+2	9.99984E-5	1.41753E-5	1.41755E-1
-3.69739E-1	-3.92315E-1	2.99937E+2	2.99567E+2	9.99984E-5	1.41028E-5	1.41031E-1
-3.57071E-1	-3.79841E-1	2.99934E+2	2.99571E+2	9.99984E-5	1.40685E-5	1.40687E-1
-3.44606E-1	-3.66983E-1	2.99932E+2	2.99575E+2	9.99985E-5	1.41117E-5	1.41119E-1
-3.31717E-1	-3.54380E-1	2.99930E+2	2.99577E+2	9.99984E-5	1.41269E-5	1.41271E-1
-3.19260E-1	-3.41962E-1	2.99925E+2	2.99580E+2	9.99983E-5	1.41282E-5	1.41284E-1
-3.07588E-1	-3.29466E-1	2.99919E+2	2.99584E+2	9.99984E-5	1.42048E-5	1.42051E-1
-2.94090E-1	-3.17152E-1	2.99915E+2	2.99586E+2	9.99985E-5	1.41558E-5	1.41560E-1
-2.80806E-1	-3.04729E-1	2.99909E+2	2.99588E+2	9.99985E-5	1.41128E-5	1.41130E-1
-2.67773E-1	-2.92245E-1	2.99901E+2	2.99588E+2	9.99985E-5	1.41816E-5	1.41818E-1
-2.55465E-1	-2.79685E-1	2.99893E+2	2.99591E+2	9.99986E-5	1.42242E-5	1.42244E-1
-2.42948E-1	-2.67049E-1	2.99884E+2	2.99593E+2	9.99985E-5	1.41153E-5	1.41155E-1
-2.30305E-1	-2.54476E-1	2.99877E+2	2.99593E+2	9.99985E-5	1.40465E-5	1.40468E-1
-2.17586E-1	-2.41858E-1	2.99870E+2	2.99594E+2	9.99984E-5	1.41139E-5	1.41141E-1
-2.05140E-1	-2.29344E-1	2.99862E+2	2.99595E+2	9.99984E-5	1.42004E-5	1.42006E-1
-1.92229E-1	-2.16789E-1	2.99852E+2	2.99595E+2	9.99984E-5	1.41899E-5	1.41901E-1
-1.79091E-1	-2.04047E-1	2.99843E+2	2.99594E+2	9.99985E-5	1.41337E-5	1.41339E-1
-1.66741E-1	-1.91316E-1	2.99831E+2	2.99593E+2	9.99985E-5	1.41685E-5	1.41687E-1
-1.54516E-1	-1.78764E-1	2.99820E+2	2.99593E+2	9.99985E-5	1.41687E-5	1.41689E-1
-1.41778E-1	-1.66101E-1	2.99812E+2	2.99593E+2	9.99984E-5	1.42200E-5	1.42202E-1
-1.28967E-1	-1.53348E-1	2.99798E+2	2.99591E+2	9.99984E-5	1.41792E-5	1.41794E-1
-1.16177E-1	-1.40719E-1	2.99784E+2	2.99588E+2	9.99985E-5	1.41905E-5	1.41907E-1
-1.03759E-1	-1.27993E-1	2.99774E+2	2.99586E+2	9.99985E-5	1.41940E-5	1.41942E-1
-9.08241E-2	-1.15495E-1	2.99759E+2	2.99584E+2	9.99985E-5	1.40738E-5	1.40740E-1
-7.81354E-2	-1.02782E-1	2.99744E+2	2.99581E+2	9.99984E-5	1.40872E-5	1.40875E-1
-6.57049E-2	-8.98433E-2	2.99731E+2	2.99579E+2	9.99984E-5	1.41025E-5	1.41027E-1
-5.29048E-2	-7.71651E-2	2.99716E+2	2.99574E+2	9.99985E-5	1.41098E-5	1.41101E-1
-4.04120E-2	-6.45413E-2	2.99699E+2	2.99569E+2	9.99984E-5	1.41340E-5	1.41342E-1
-2.76680E-2	-5.18153E-2	2.99683E+2	2.99566E+2	9.99984E-5	1.41037E-5	1.41039E-1
-1.50387E-2	-3.93902E-2	2.99665E+2	2.99561E+2	9.99986E-5	1.40773E-5	1.40775E-1
-4.38391E-3	-2.72262E-2	2.99649E+2	2.99556E+2	9.99986E-5	1.41336E-5	1.41338E-1
-1.43000E-3	-1.67285E-2	2.99636E+2	2.99551E+2	9.99985E-5	1.41357E-5	1.41359E-1
-8.47923E-4	-9.44822E-3	2.99620E+2	2.99547E+2	9.99985E-5	1.40702E-5	1.40704E-1
-4.70000E-4	-5.10973E-3	2.99604E+2	2.99542E+2	9.99985E-5	1.41586E-5	1.41588E-1
-4.70000E-4	-2.83835E-3	2.99588E+2	2.99536E+2	9.99985E-5	1.42654E-5	1.42656E-1
-1.39797E-3	-1.78585E-3	2.99571E+2	2.99528E+2	9.99985E-5	1.42730E-5	1.42732E-1
3.93139E-3	-9.63253E-4	2.99554E+2	2.99521E+2	9.99984E-5	1.42518E-5	1.42520E-1
1.45904E-2	8.42434E-4	2.99539E+2	2.99516E+2	9.99984E-5	1.42235E-5	1.42237E-1
2.76047E-2	6.23137E-3	2.99524E+2	2.99509E+2	9.99984E-5	1.41367E-5	1.41369E-1
4.02309E-2	1.56072E-2	2.99509E+2	2.99501E+2	9.99984E-5	1.41197E-5	1.41199E-1
5.30097E-2	2.71741E-2	2.99496E+2	2.99495E+2	9.99985E-5	1.41218E-5	1.41220E-1
6.57971E-2	3.91663E-2	2.99484E+2	2.99488E+2	9.99985E-5	1.40681E-5	1.40683E-1
7.81188E-2	5.15800E-2	2.99474E+2	2.99481E+2	9.99985E-5	1.40557E-5	1.40559E-1
9.10805E-2	6.44281E-2	2.99465E+2	2.99474E+2	9.99985E-5	1.41045E-5	1.41047E-1
1.03829E-1	7.71624E-2	2.99454E+2	2.99469E+2	9.99985E-5	1.41372E-5	1.41374E-1
1.16569E-1	8.98979E-2	2.99448E+2	2.99462E+2	9.99986E-5	1.41520E-5	1.41522E-1
1.29062E-1	1.02572E-1	2.99444E+2	2.99457E+2	9.99986E-5	1.41669E-5	1.41671E-1
1.41814E-1	1.15043E-1	2.99436E+2	2.99452E+2	9.99986E-5	1.41269E-5	1.41271E-1
1.54609E-1	1.27172E-1	2.99430E+2	2.99445E+2	9.99985E-5	1.41099E-5	1.41101E-1
1.66936E-1	1.39306E-1	2.99426E+2	2.99440E+2	9.99985E-5	1.41473E-5	1.41475E-1
1.79367E-1	1.51521E-1	2.99419E+2	2.99435E+2	9.99984E-5	1.41442E-5	1.41444E-1
1.91866E-1	1.63624E-1	2.99411E+2	2.99428E+2	9.99984E-5	1.41736E-5	1.41739E-1
2.04469E-1	1.75641E-1	2.99404E+2	2.99423E+2	9.99985E-5	1.41706E-5	1.41708E-1
2.17157E-1	1.87339E-1	2.99398E+2	2.99421E+2	9.99985E-5	1.41579E-5	1.41581E-1
2.29749E-1	1.99047E-1	2.99391E+2	2.99415E+2	9.99986E-5	1.41612E-5	1.41614E-1
2.42844E-1	2.10885E-1	2.99382E+2	2.99408E+2	9.99985E-5	1.41472E-5	1.41474E-1
2.55744E-1	2.22829E-1	2.99372E+2	2.99405E+2	9.99985E-5	1.42179E-5	1.42181E-1
2.68605E-1	2.35108E-1	2.99364E+2	2.99398E+2	9.99985E-5	1.41998E-5	1.42000E-1
2.81277E-1	2.47469E-1	2.99353E+2	2.99390E+2	9.99984E-5	1.40625E-5	1.40628E-1
2.93449E-1	2.59782E-1	2.99342E+2	2.99384E+2	9.99984E-5	1.40107E-5	1.40109E-1
3.05907E-1	2.72193E-1	2.99333E+2	2.99377E+2	9.99984E-5	1.40676E-5	1.40679E-1
3.18863E-1	2.84691E-1	2.99325E+2	2.99372E+2	9.99985E-5	1.41018E-5	1.41020E-1
3.31495E-1	2.97212E-1	2.99314E+2	2.99366E+2	9.99985E-5	1.40464E-5	1.40466E-1
3.43951E-1	3.09690E-1	2.99303E+2	2.99359E+2	9.99985E-5	1.40173E-5	1.40175E-1
3.56444E-1	3.22083E-1	2.99293E+2	2.99353E+2	9.99985E-5	1.40752E-5	1.40754E-1
3.69230E-1	3.34276E-1	2.99284E+2	2.99347E+2	9.99985E-5	1.40705E-5	1.40707E-1
3.82339E-1	3.46472E-1	2.99275E+2	2.99339E+2	9.99984E-5	1.40325E-5	1.40327E-1
3.95107E-1	3.58720E-1	2.99266E+2	2.99332E+2	9.99984E-5	1.40421E-5	1.40423E-1
4.07729E-1	3.70904E-1	2.99260E+2	2.99327E+2	9.99984E-5	1.40828E-5	1.40830E-1
4.20436E-1	3.83075E-1	2.99250E+2	2.99319E+2	9.99984E-5	1.41285E-5	1.41288E-1
4.33065E-1	3.95259E-1	2.99241E+2	2.99311E+2	9.99985E-5	1.40514E-5	1.40516E-1
4.45195E-1	4.07495E-1	2.99235E+2	2.99306E+2	9.99985E-5	1.40227E-5	1.40229E-1
4.57914E-1	4.20025E-1	2.99230E+2	2.99299E+2	9.99985E-5	1.40950E-5	1.40952E-1
4.70469E-1	4.32450E-1	2.99225E+2	2.99295E+2	9.99985E-5	1.41174E-5	1.41176E-1
4.83432E-1	4.44525E-1	2.99221E+2	2.99290E+2	9.99985E-5	1.40634E-5	1.40636E-1
4.96225E-1	4.56661E-1	2.99218E+2	2.99283E+2	9.99984E-5	1.40366E-5	1.40368E-1
5.08777E-1	4.68854E-1	2.99217E+2	2.99278E+2	9.99984E-5	1.40684E-5	1.40686E-1
5.21201E-1	4.80989E-1	2.99215E+2	2.99272E+2	9.99984E-5	1.40166E-5	1.40168E-1
5.33433E-1	4.93024E-1	2.99214E+2	2.99267E+2	9.99984E-5	1.40941E-5	1.40943E-1
5.46410E-1	5.05098E-1	2.99213E+2	2.99262E+2	9.99984E-5	1.40442E-5	1.40444E-1
5.59508E-1	5.17273E-1	2.99213E+2	2.99257E+2	9.99984E-5	1.39732E-5	1.39735E-1
5.71782E-1	5.29398E-1	2.99215E+2	2.99253E+2	9.99983E-5	1.40114E-5	1.40117E-1
5.84567E-1	5.41485E-1	2.99216E+2	2.99250E+2	9.99984E-5	1.40512E-5	1.40514E-1
5.97294E-1	5.53550E-1	2.99218E+2	2.99245E+2	9.99985E-5	1.40919E-5	1.40921E-1
6.10030E-1	5.65687E-1	2.99222E+2	2.99240E+2	9.99984E-5	1.40480E-5	1.40482E-1
6.22693E-1	5.77845E-1	2.99224E+2	2.99237E+2	9.99984E-5	1.40086E-5	1.40089E-1
6.35502E-1	5.89910E-1	2.99228E+2	2.99235E+2	9.99984E-5	1.39518E-5	1.39520E-1
6.48110E-1	6.01968E-1	2.99233E+2	2.99234E+2	9.99984E-5	1.40085E-5	1.40088E-1
6.60354E-1	6.14056E-1	2.99238E+2	2.99232E+2	9.99984E-5	1.40161E-5	1.40163E-1
6.73458E-1	6.26175E-1	2.99244E+2	2.99229E+2	9.99983E-5	1.41351E-5	1.41353E-1
6.85509E-1	6.38439E-1	2.99249E+2	2.99228E+2	9.99983E-5	1.41207E-5	1.41210E-1
6.97861E-1	6.50623E-1	2.99255E+2	2.99225E+2	9.99984E-5	1.40703E-5	1.40705E-1
7.10677E-1	6.62579E-1	2.99261E+2	2.99224E+2	9.99984E-5	1.41585E-5	1.41588E-1
7.23754E-1	6.73616E-1	2.99267E+2	2.99224E+2	9.99985E-5	1.41112E-5	1.41114E-1
7.36754E-1	6.85582E-1	2.99274E+2	2.99222E+2	9.99984E-5	1.40384E-5	1.40386E-1
7.49449E-1	6.98980E-1	2.99280E+2	2.99222E+2	9.99984E-5	1.40758E-5	1.40760E-1
7.62336E-1	7.11922E-1	2.99286E+2	2.99220E+2	9.99985E-5	1.40671E-5	1.40673E-1
7.74854E-1	7.24551E-1	2.99294E+2	2.99220E+2	9.99984E-5	1.40157E-5	1.40159E-1
7.87281E-1	7.36879E-1	2.99301E+2	2.99221E+2	9.99983E-5	1.40851E-5	1.40853E-1
7.99648E-1	7.49039E-1	2.99309E+2	2.99221E+2	9.99984E-5	1.40373E-5	1.40375E-1
8.12238E-1	7.61297E-1	2.99315E+2	2.99220E+2	9.99984E-5	1.39678E-5	1.39680E-1
8.25575E-1	7.73438E-1	2.99319E+2	2.99221E+2	9.99984E-5	1.39231E-5	1.39234E-1
8.37859E-1	7.85498E-1	2.99327E+2	2.99222E+2	9.99985E-5	1.38973E-5	1.38975E-1
8.51021E-1	7.97793E-1	2.99333E+2	2.99222E+2	9.99985E-5	1.39762E-5	1.39764E-1
8.63925E-1	8.10070E-1	2.99341E+2	2.99223E+2	9.99985E-5	1.39622E-5	1.39624E-1
8.75795E-1	8.22346E-1	2.99348E+2	2.99224E+2	9.99985E-5	1.39509E-5	1.39511E-1
8.88230E-1	8.34782E-1	2.99355E+2	2.99224E+2	9.99985E-5	1.39706E-5	1.39708E-1
9.01235E-1	8.47205E-1	2.99361E+2	2.99224E+2	9.99984E-5	1.40266E-5	1.40269E-1
9.14310E-1	8.59608E-1	2.99370E+2	2.99225E+2	9.99985E-5	1.39875E-5	1.39878E-1
9.26299E-1	8.72186E-1	2.99378E+2	2.99226E+2	9.99985E-5	1.38712E-5	1.38714E-1
9.39262E-1	8.84787E-1	2.99385E+2	2.99229E+2	9.99985E-5	1.38862E-5	1.38864E-1
9.52453E-1	8.97353E-1	2.99390E+2	2.99231E+2	9.99985E-5	1.39075E-5	1.39077E-1
9.64689E-1	9.10017E-1	2.99398E+2	2.99232E+2	9.99984E-5	1.40190E-5	1.40192E-1
9.77849E-1	9.22670E-1	2.99407E+2	2.99234E+2	9.99984E-5	1.40276E-5	1.40278E-1
9.90075E-1	9.35441E-1	2.99413E+2	2.99238E+2	9.99985E-5	1.38331E-5	1.38333E-1
9.98445E-1	9.47676E-1	2.99420E+2	2.99239E+2	9.99985E-5	1.37676E-5	1.37679E-1
1.00071E+0	9.57316E-1	2.99428E+2	2.99241E+2	9.99984E-5	1.39443E-5	1.39445E-1
1.00023E+0	9.63820E-1	2.99433E+2	2.99242E+2	9.99984E-5	1.40289E-5	1.40291E-1
1.00032E+0	9.67843E-1	2.99439E+2	2.99243E+2	9.99984E-5	1.40102E-5	1.40104E-1
