B_digital_(T)	B_analog_(T)	T_VTI_(K)	T_sample_(K)	I_s	V_nv	R_nv
1.00100E+0	9.81518E-1	2.99296E+2	2.99034E+2	9.99984E-5	1.39213E-5	1.39215E-1
1.00048E+0	9.81516E-1	2.99303E+2	2.99036E+2	9.99984E-5	1.39464E-5	1.39466E-1
9.92713E-1	9.81267E-1	2.99315E+2	2.99040E+2	9.99984E-5	1.38399E-5	1.38401E-1
9.80409E-1	9.80177E-1	2.99323E+2	2.99044E+2	9.99985E-5	1.38849E-5	1.38851E-1
9.67703E-1	9.76590E-1	2.99331E+2	2.99048E+2	9.99985E-5	1.41297E-5	1.41299E-1
9.55095E-1	9.67357E-1	2.99341E+2	2.99052E+2	9.99985E-5	1.39972E-5	1.39974E-1
9.42057E-1	9.54235E-1	2.99351E+2	2.99057E+2	9.99985E-5	1.38623E-5	1.38625E-1
9.29246E-1	9.40249E-1	2.99358E+2	2.99062E+2	9.99984E-5	1.40100E-5	1.40102E-1
9.16399E-1	9.26477E-1	2.99366E+2	2.99067E+2	9.99984E-5	1.39996E-5	1.39998E-1
9.03737E-1	9.13275E-1	2.99376E+2	2.99071E+2	9.99985E-5	1.38947E-5	1.38949E-1
8.91362E-1	9.00408E-1	2.99385E+2	2.99077E+2	9.99984E-5	1.40816E-5	1.40819E-1
8.78663E-1	8.87717E-1	2.99393E+2	2.99082E+2	9.99984E-5	1.41814E-5	1.41816E-1
8.66179E-1	8.75217E-1	2.99398E+2	2.99085E+2	9.99985E-5	1.41363E-5	1.41365E-1
8.53493E-1	8.62626E-1	2.99403E+2	2.99090E+2	9.99985E-5	1.41143E-5	1.41145E-1
8.40752E-1	8.50224E-1	2.99408E+2	2.99096E+2	9.99985E-5	1.40458E-5	1.40460E-1
8.28402E-1	8.37765E-1	2.99412E+2	2.99100E+2	9.99985E-5	1.41583E-5	1.41585E-1
8.15630E-1	8.25332E-1	2.99415E+2	2.99104E+2	9.99985E-5	1.41362E-5	1.41364E-1
8.02939E-1	8.12993E-1	2.99417E+2	2.99108E+2	9.99984E-5	1.41474E-5	1.41476E-1
7.90027E-1	8.00608E-1	2.99417E+2	2.99112E+2	9.99985E-5	1.41788E-5	1.41790E-1
7.77135E-1	7.88364E-1	2.99416E+2	2.99116E+2	9.99985E-5	1.39958E-5	1.39960E-1
7.65102E-1	7.76015E-1	2.99415E+2	2.99119E+2	9.99984E-5	1.39980E-5	1.39982E-1
7.52490E-1	7.63644E-1	2.99415E+2	2.99121E+2	9.99983E-5	1.42074E-5	1.42076E-1
7.39755E-1	7.51438E-1	2.99412E+2	2.99123E+2	9.99984E-5	1.42091E-5	1.42094E-1
7.26811E-1	7.39156E-1	2.99409E+2	2.99126E+2	9.99985E-5	1.40741E-5	1.40743E-1
7.14455E-1	7.26890E-1	2.99407E+2	2.99128E+2	9.99984E-5	1.40715E-5	1.40717E-1
7.01599E-1	7.14689E-1	2.99399E+2	2.99129E+2	9.99985E-5	1.39949E-5	1.39951E-1
6.89169E-1	7.02416E-1	2.99392E+2	2.99130E+2	9.99986E-5	1.39350E-5	1.39352E-1
6.76747E-1	6.90177E-1	2.99387E+2	2.99130E+2	9.99986E-5	1.40885E-5	1.40887E-1
6.63957E-1	6.78073E-1	2.99380E+2	2.99131E+2	9.99985E-5	1.41939E-5	1.41941E-1
6.51340E-1	6.65944E-1	2.99374E+2	2.99131E+2	9.99985E-5	1.41782E-5	1.41784E-1
6.38161E-1	6.53753E-1	2.99370E+2	2.99131E+2	9.99985E-5	1.40875E-5	1.40877E-1
6.25439E-1	6.41510E-1	2.99363E+2	2.99133E+2	9.99984E-5	1.39685E-5	1.39687E-1
6.12733E-1	6.29384E-1	2.99356E+2	2.99131E+2	9.99985E-5	1.40985E-5	1.40987E-1
5.99987E-1	6.17252E-1	2.99348E+2	2.99129E+2	9.99985E-5	1.41588E-5	1.41591E-1
5.87916E-1	6.04978E-1	2.99340E+2	2.99128E+2	9.99985E-5	1.41588E-5	1.41590E-1
5.75346E-1	5.92950E-1	2.99333E+2	2.99128E+2	9.99985E-5	1.41573E-5	1.41575E-1
5.62716E-1	5.80903E-1	2.99328E+2	2.99128E+2	9.99984E-5	1.41663E-5	1.41665E-1
5.49751E-1	5.68624E-1	2.99321E+2	2.99125E+2	9.99984E-5	1.41542E-5	1.41544E-1
5.37204E-1	5.56462E-1	2.99313E+2	2.99122E+2	9.99985E-5	1.40864E-5	1.40866E-1
5.24770E-1	5.44373E-1	2.99310E+2	2.99121E+2	9.99984E-5	1.41050E-5	1.41052E-1
5.11902E-1	5.32202E-1	2.99303E+2	2.99121E+2	9.99986E-5	1.41655E-5	1.41657E-1
4.99216E-1	5.20139E-1	2.99295E+2	2.99118E+2	9.99985E-5	1.41427E-5	1.41429E-1
4.85675E-1	5.08010E-1	2.99289E+2	2.99115E+2	9.99985E-5	1.41595E-5	1.41597E-1
4.73466E-1	4.95883E-1	2.99285E+2	2.99113E+2	9.99985E-5	1.41101E-5	1.41104E-1
4.61248E-1	4.83769E-1	2.99280E+2	2.99111E+2	9.99984E-5	1.40784E-5	1.40787E-1
4.48052E-1	4.71579E-1	2.99273E+2	2.99110E+2	9.99984E-5	1.41536E-5	1.41538E-1
4.35604E-1	4.59339E-1	2.99269E+2	2.99108E+2	9.99984E-5	1.41752E-5	1.41755E-1
4.23279E-1	4.47191E-1	2.99265E+2	2.99106E+2	9.99985E-5	1.41372E-5	1.41374E-1
4.10179E-1	4.35028E-1	2.99260E+2	2.99104E+2	9.99986E-5	1.41853E-5	1.41855E-1
3.97451E-1	4.22888E-1	2.99255E+2	2.99101E+2	9.99985E-5	1.41665E-5	1.41667E-1
3.85291E-1	4.10787E-1	2.99251E+2	2.99099E+2	9.99984E-5	1.41432E-5	1.41434E-1
3.73496E-1	3.98535E-1	2.99246E+2	2.99097E+2	9.99984E-5	1.41303E-5	1.41305E-1
3.60222E-1	3.86261E-1	2.99241E+2	2.99095E+2	9.99984E-5	1.41591E-5	1.41593E-1
3.47021E-1	3.73692E-1	2.99238E+2	2.99092E+2	9.99984E-5	1.41401E-5	1.41403E-1
3.34406E-1	3.61171E-1	2.99235E+2	2.99090E+2	9.99984E-5	1.41761E-5	1.41763E-1
3.21620E-1	3.48877E-1	2.99233E+2	2.99089E+2	9.99985E-5	1.42403E-5	1.42405E-1
3.08928E-1	3.36558E-1	2.99232E+2	2.99088E+2	9.99985E-5	1.41585E-5	1.41587E-1
2.96491E-1	3.24345E-1	2.99233E+2	2.99087E+2	9.99984E-5	1.41359E-5	1.41361E-1
2.84128E-1	3.12110E-1	2.99230E+2	2.99084E+2	9.99984E-5	1.42154E-5	1.42157E-1
2.71282E-1	2.99702E-1	2.99227E+2	2.99082E+2	9.99984E-5	1.42271E-5	1.42273E-1
2.58781E-1	2.87407E-1	2.99226E+2	2.99080E+2	9.99984E-5	1.42235E-5	1.42238E-1
2.46023E-1	2.75090E-1	2.99226E+2	2.99078E+2	9.99984E-5	1.41575E-5	1.41577E-1
2.33356E-1	2.62620E-1	2.99226E+2	2.99076E+2	9.99986E-5	1.41313E-5	1.41315E-1
2.20873E-1	2.50097E-1	2.99227E+2	2.99074E+2	9.99985E-5	1.41962E-5	1.41964E-1
2.07820E-1	2.37608E-1	2.99227E+2	2.99073E+2	9.99984E-5	1.42563E-5	1.42565E-1
1.95168E-1	2.25217E-1	2.99226E+2	2.99073E+2	9.99984E-5	1.42308E-5	1.42310E-1
1.82755E-1	2.12789E-1	2.99226E+2	2.99072E+2	9.99985E-5	1.41926E-5	1.41929E-1
1.70045E-1	2.00232E-1	2.99227E+2	2.99071E+2	9.99985E-5	1.42403E-5	1.42405E-1
1.57282E-1	1.87627E-1	2.99229E+2	2.99070E+2	9.99985E-5	1.42415E-5	1.42417E-1
1.44505E-1	1.75194E-1	2.99232E+2	2.99068E+2	9.99985E-5	1.42822E-5	1.42824E-1
1.32220E-1	1.62724E-1	2.99231E+2	2.99068E+2	9.99985E-5	1.42874E-5	1.42876E-1
1.19942E-1	1.50171E-1	2.99232E+2	2.99067E+2	9.99984E-5	1.42485E-5	1.42487E-1
1.07111E-1	1.37604E-1	2.99232E+2	2.99066E+2	9.99985E-5	1.42698E-5	1.42700E-1
9.43062E-2	1.24914E-1	2.99233E+2	2.99065E+2	9.99984E-5	1.42827E-5	1.42829E-1
8.16026E-2	1.12384E-1	2.99235E+2	2.99064E+2	9.99984E-5	1.42571E-5	1.42573E-1
6.89583E-2	9.98882E-2	2.99236E+2	2.99063E+2	9.99985E-5	1.42538E-5	1.42540E-1
5.59561E-2	8.72343E-2	2.99239E+2	2.99063E+2	9.99985E-5	1.42385E-5	1.42388E-1
4.32320E-2	7.46280E-2	2.99241E+2	2.99064E+2	9.99985E-5	1.42514E-5	1.42516E-1
3.08959E-2	6.21207E-2	2.99243E+2	2.99065E+2	9.99984E-5	1.43016E-5	1.43018E-1
1.83468E-2	4.96087E-2	2.99247E+2	2.99065E+2	9.99985E-5	1.43097E-5	1.43100E-1
6.59472E-3	3.72288E-2	2.99250E+2	2.99065E+2	9.99984E-5	1.43000E-5	1.43002E-1
1.31370E-3	2.62221E-2	2.99251E+2	2.99064E+2	9.99984E-5	1.42533E-5	1.42535E-1
9.50000E-4	1.82200E-2	2.99254E+2	2.99065E+2	9.99985E-5	1.42266E-5	1.42268E-1
9.50000E-4	1.32193E-2	2.99259E+2	2.99064E+2	9.99985E-5	1.42495E-5	1.42497E-1
6.25308E-4	1.05772E-2	2.99263E+2	2.99063E+2	9.99984E-5	1.42757E-5	1.42759E-1
8.53173E-5	9.30969E-3	2.99267E+2	2.99065E+2	9.99985E-5	1.42738E-5	1.42740E-1
3.97314E-3	8.67627E-3	2.99271E+2	2.99066E+2	9.99985E-5	1.42239E-5	1.42242E-1
1.39862E-2	8.60882E-3	2.99275E+2	2.99066E+2	9.99984E-5	1.42042E-5	1.42044E-1
2.66480E-2	9.38724E-3	2.99279E+2	2.99068E+2	9.99985E-5	1.42079E-5	1.42081E-1
3.93671E-2	1.22906E-2	2.99284E+2	2.99069E+2	9.99984E-5	1.42448E-5	1.42450E-1
5.21233E-2	2.01530E-2	2.99293E+2	2.99069E+2	9.99984E-5	1.42765E-5	1.42768E-1
6.42950E-2	3.26611E-2	2.99301E+2	2.99070E+2	9.99984E-5	1.42369E-5	1.42371E-1
7.70718E-2	4.62050E-2	2.99310E+2	2.99072E+2	9.99984E-5	1.41888E-5	1.41890E-1
9.01211E-2	5.95225E-2	2.99320E+2	2.99074E+2	9.99984E-5	1.41851E-5	1.41853E-1
1.02690E-1	7.26878E-2	2.99333E+2	2.99076E+2	9.99985E-5	1.40935E-5	1.40937E-1
1.15698E-1	8.57044E-2	2.99347E+2	2.99077E+2	9.99985E-5	1.40829E-5	1.40832E-1
1.28232E-1	9.84885E-2	2.99362E+2	2.99080E+2	9.99985E-5	1.42409E-5	1.42411E-1
1.40292E-1	1.11193E-1	2.99379E+2	2.99083E+2	9.99985E-5	1.41612E-5	1.41614E-1
1.52991E-1	1.23816E-1	2.99398E+2	2.99087E+2	9.99984E-5	1.40312E-5	1.40314E-1
1.65898E-1	1.36426E-1	2.99419E+2	2.99091E+2	9.99985E-5	1.41231E-5	1.41233E-1
1.78539E-1	1.48945E-1	2.99442E+2	2.99096E+2	9.99986E-5	1.41993E-5	1.41995E-1
1.91558E-1	1.61455E-1	2.99465E+2	2.99104E+2	9.99985E-5	1.40807E-5	1.40809E-1
2.03835E-1	1.74139E-1	2.99489E+2	2.99111E+2	9.99985E-5	1.41934E-5	1.41936E-1
2.16298E-1	1.86688E-1	2.99516E+2	2.99117E+2	9.99985E-5	1.43399E-5	1.43401E-1
2.29230E-1	1.99123E-1	2.99544E+2	2.99124E+2	9.99985E-5	1.41011E-5	1.41013E-1
2.41640E-1	2.11646E-1	2.99570E+2	2.99133E+2	9.99985E-5	1.39923E-5	1.39925E-1
2.54637E-1	2.24179E-1	2.99598E+2	2.99140E+2	9.99985E-5	1.40644E-5	1.40646E-1
2.67521E-1	2.36612E-1	2.99631E+2	2.99148E+2	9.99985E-5	1.41317E-5	1.41319E-1
2.80249E-1	2.48939E-1	2.99661E+2	2.99159E+2	9.99985E-5	1.41013E-5	1.41015E-1
2.92725E-1	2.61257E-1	2.99690E+2	2.99171E+2	9.99985E-5	1.40762E-5	1.40764E-1
3.05355E-1	2.73688E-1	2.99721E+2	2.99181E+2	9.99985E-5	1.41439E-5	1.41441E-1
3.18038E-1	2.86028E-1	2.99752E+2	2.99192E+2	9.99985E-5	1.41831E-5	1.41834E-1
3.30807E-1	2.98149E-1	2.99783E+2	2.99206E+2	9.99986E-5	1.41921E-5	1.41923E-1
3.43467E-1	3.10177E-1	2.99814E+2	2.99219E+2	9.99986E-5	1.42438E-5	1.42440E-1
3.56201E-1	3.22209E-1	2.99845E+2	2.99231E+2	9.99985E-5	1.41138E-5	1.41140E-1
3.68273E-1	3.34354E-1	2.99875E+2	2.99245E+2	9.99985E-5	1.39789E-5	1.39791E-1
3.80444E-1	3.46317E-1	2.99903E+2	2.99259E+2	9.99985E-5	1.41185E-5	1.41188E-1
3.93769E-1	3.58200E-1	2.99929E+2	2.99272E+2	9.99985E-5	1.41364E-5	1.41366E-1
4.06916E-1	3.70195E-1	2.99958E+2	2.99286E+2	9.99985E-5	1.39024E-5	1.39026E-1
4.19219E-1	3.82153E-1	2.99982E+2	2.99302E+2	9.99984E-5	1.38698E-5	1.38701E-1
4.31465E-1	3.94197E-1	3.00006E+2	2.99317E+2	9.99984E-5	1.40651E-5	1.40654E-1
4.44121E-1	4.06305E-1	3.00031E+2	2.99331E+2	9.99985E-5	1.40703E-5	1.40705E-1
4.57325E-1	4.18772E-1	3.00053E+2	2.99347E+2	9.99984E-5	1.39905E-5	1.39907E-1
4.69905E-1	4.31253E-1	3.00074E+2	2.99364E+2	9.99985E-5	1.41352E-5	1.41354E-1
4.82729E-1	4.43479E-1	3.00093E+2	2.99378E+2	9.99985E-5	1.41292E-5	1.41294E-1
4.95483E-1	4.55788E-1	3.00108E+2	2.99392E+2	9.99985E-5	1.40736E-5	1.40738E-1
5.07395E-1	4.68013E-1	3.00123E+2	2.99407E+2	9.99985E-5	1.40191E-5	1.40194E-1
5.19891E-1	4.80088E-1	3.00139E+2	2.99421E+2	9.99985E-5	1.40514E-5	1.40516E-1
5.32341E-1	4.92231E-1	3.00151E+2	2.99435E+2	9.99985E-5	1.41072E-5	1.41074E-1
5.45494E-1	5.04280E-1	3.00160E+2	2.99449E+2	9.99984E-5	1.41283E-5	1.41285E-1
5.58414E-1	5.16263E-1	3.00168E+2	2.99462E+2	9.99983E-5	1.40458E-5	1.40461E-1
5.70947E-1	5.28411E-1	3.00175E+2	2.99476E+2	9.99984E-5	1.40898E-5	1.40900E-1
5.83913E-1	5.40609E-1	3.00182E+2	2.99489E+2	9.99984E-5	1.41505E-5	1.41507E-1
5.96242E-1	5.52692E-1	3.00187E+2	2.99501E+2	9.99984E-5	1.40262E-5	1.40264E-1
6.08643E-1	5.64692E-1	3.00189E+2	2.99513E+2	9.99985E-5	1.40387E-5	1.40390E-1
6.21383E-1	5.76740E-1	3.00190E+2	2.99523E+2	9.99984E-5	1.40527E-5	1.40529E-1
6.34634E-1	5.88874E-1	3.00189E+2	2.99533E+2	9.99985E-5	1.40035E-5	1.40037E-1
6.47528E-1	6.01000E-1	3.00186E+2	2.99542E+2	9.99986E-5	1.39896E-5	1.39898E-1
6.59686E-1	6.13081E-1	3.00182E+2	2.99551E+2	9.99985E-5	1.40700E-5	1.40703E-1
6.72518E-1	6.25188E-1	3.00176E+2	2.99559E+2	9.99984E-5	1.41015E-5	1.41017E-1
6.84932E-1	6.37363E-1	3.00172E+2	2.99569E+2	9.99985E-5	1.40821E-5	1.40824E-1
6.97558E-1	6.49542E-1	3.00166E+2	2.99576E+2	9.99985E-5	1.39544E-5	1.39546E-1
7.10547E-1	6.61620E-1	3.00156E+2	2.99584E+2	9.99983E-5	1.40513E-5	1.40516E-1
7.22561E-1	6.73711E-1	3.00147E+2	2.99591E+2	9.99984E-5	1.41761E-5	1.41763E-1
7.35288E-1	6.85938E-1	3.00138E+2	2.99597E+2	9.99985E-5	1.41238E-5	1.41240E-1
7.48280E-1	6.98094E-1	3.00126E+2	2.99601E+2	9.99985E-5	1.40161E-5	1.40163E-1
7.61450E-1	7.10286E-1	3.00114E+2	2.99605E+2	9.99984E-5	1.39890E-5	1.39892E-1
7.73720E-1	7.22493E-1	3.00103E+2	2.99609E+2	9.99984E-5	1.40777E-5	1.40779E-1
7.86236E-1	7.34603E-1	3.00091E+2	2.99614E+2	9.99984E-5	1.40397E-5	1.40400E-1
7.98676E-1	7.46962E-1	3.00076E+2	2.99618E+2	9.99984E-5	1.40017E-5	1.40019E-1
8.11006E-1	7.59254E-1	3.00061E+2	2.99617E+2	9.99984E-5	1.39311E-5	1.39313E-1
8.24483E-1	7.71517E-1	3.00044E+2	2.99618E+2	9.99984E-5	1.39590E-5	1.39592E-1
8.37069E-1	7.83948E-1	3.00027E+2	2.99621E+2	9.99984E-5	1.41046E-5	1.41048E-1
8.49323E-1	7.96299E-1	3.00010E+2	2.99622E+2	9.99984E-5	1.41745E-5	1.41748E-1
8.62638E-1	8.08628E-1	2.99995E+2	2.99622E+2	9.99985E-5	1.40767E-5	1.40769E-1
8.75160E-1	8.20979E-1	2.99978E+2	2.99622E+2	9.99984E-5	1.40418E-5	1.40420E-1
8.87142E-1	8.33426E-1	2.99960E+2	2.99621E+2	9.99984E-5	1.40409E-5	1.40411E-1
8.99756E-1	8.45849E-1	2.99942E+2	2.99618E+2	9.99984E-5	1.39192E-5	1.39194E-1
9.13074E-1	8.58356E-1	2.99920E+2	2.99616E+2	9.99985E-5	1.39917E-5	1.39919E-1
9.26140E-1	8.70963E-1	2.99900E+2	2.99613E+2	9.99985E-5	1.41987E-5	1.41989E-1
9.38120E-1	8.83398E-1	2.99883E+2	2.99611E+2	9.99984E-5	1.40747E-5	1.40750E-1
9.50808E-1	8.95873E-1	2.99863E+2	2.99608E+2	9.99984E-5	1.40742E-5	1.40745E-1
9.63631E-1	9.08649E-1	2.99842E+2	2.99604E+2	9.99984E-5	1.41039E-5	1.41041E-1
9.76397E-1	9.21353E-1	2.99824E+2	2.99598E+2	9.99984E-5	1.40083E-5	1.40085E-1
9.89066E-1	9.33956E-1	2.99804E+2	2.99595E+2	9.99985E-5	1.40701E-5	1.40703E-1
1.00206E+0	9.46728E-1	2.99784E+2	2.99591E+2	9.99985E-5	1.40725E-5	1.40727E-1
1.01482E+0	9.59510E-1	2.99766E+2	2.99586E+2	9.99984E-5	1.38643E-5	1.38646E-1
1.02637E+0	9.72379E-1	2.99747E+2	2.99580E+2	9.99985E-5	1.37643E-5	1.37645E-1
1.03927E+0	9.85191E-1	2.99727E+2	2.99573E+2	9.99984E-5	1.38316E-5	1.38318E-1
1.05235E+0	9.97900E-1	2.99709E+2	2.99569E+2	9.99983E-5	1.39480E-5	1.39482E-1
1.06502E+0	1.01058E+0	2.99691E+2	2.99564E+2	9.99984E-5	1.40543E-5	1.40546E-1
1.07769E+0	1.02306E+0	2.99673E+2	2.99557E+2	9.99984E-5	1.39603E-5	1.39605E-1
1.08981E+0	1.03522E+0	2.99654E+2	2.99550E+2	9.99984E-5	1.38781E-5	1.38783E-1
1.10243E+0	1.04736E+0	2.99635E+2	2.99545E+2	9.99984E-5	1.39424E-5	1.39426E-1
1.11540E+0	1.05965E+0	2.99619E+2	2.99538E+2	9.99984E-5	1.40375E-5	1.40377E-1
1.12819E+0	1.07205E+0	2.99603E+2	2.99531E+2	9.99984E-5	1.40862E-5	1.40864E-1
1.14070E+0	1.08435E+0	2.99586E+2	2.99523E+2	9.99984E-5	1.39429E-5	1.39431E-1
1.15353E+0	1.09670E+0	2.99568E+2	2.99517E+2	9.99984E-5	1.41711E-5	1.41714E-1
1.16644E+0	1.10909E+0	2.99550E+2	2.99509E+2	9.99984E-5	1.42397E-5	1.42399E-1
1.17864E+0	1.12127E+0	2.99533E+2	2.99501E+2	9.99985E-5	1.39343E-5	1.39345E-1
1.19164E+0	1.13350E+0	2.99517E+2	2.99494E+2	9.99985E-5	1.41690E-5	1.41692E-1
1.20446E+0	1.14582E+0	2.99500E+2	2.99486E+2	9.99985E-5	1.43406E-5	1.43408E-1
1.21737E+0	1.15818E+0	2.99485E+2	2.99477E+2	9.99985E-5	1.41070E-5	1.41072E-1
1.22998E+0	1.17050E+0	2.99468E+2	2.99469E+2	9.99985E-5	1.38409E-5	1.38411E-1
1.24194E+0	1.18288E+0	2.99451E+2	2.99462E+2	9.99985E-5	1.39677E-5	1.39679E-1
1.25472E+0	1.19529E+0	2.99435E+2	2.99454E+2	9.99985E-5	1.39682E-5	1.39684E-1
1.26752E+0	1.20749E+0	2.99419E+2	2.99446E+2	9.99985E-5	1.37065E-5	1.37067E-1
1.28036E+0	1.21983E+0	2.99404E+2	2.99437E+2	9.99985E-5	1.37560E-5	1.37562E-1
1.29275E+0	1.23215E+0	2.99388E+2	2.99427E+2	9.99983E-5	1.38063E-5	1.38066E-1
1.30555E+0	1.24434E+0	2.99373E+2	2.99419E+2	9.99984E-5	1.38222E-5	1.38224E-1
1.31835E+0	1.25664E+0	2.99360E+2	2.99410E+2	9.99986E-5	1.40385E-5	1.40387E-1
1.33041E+0	1.26903E+0	2.99345E+2	2.99401E+2	9.99985E-5	1.41170E-5	1.41172E-1
1.34325E+0	1.28148E+0	2.99332E+2	2.99393E+2	9.99985E-5	1.40429E-5	1.40431E-1
1.35597E+0	1.29383E+0	2.99321E+2	2.99385E+2	9.99985E-5	1.39983E-5	1.39985E-1
1.36905E+0	1.30613E+0	2.99306E+2	2.99376E+2	9.99985E-5	1.39942E-5	1.39944E-1
1.38152E+0	1.31856E+0	2.99295E+2	2.99369E+2	9.99985E-5	1.39553E-5	1.39555E-1
1.39368E+0	1.33112E+0	2.99286E+2	2.99360E+2	9.99985E-5	1.41031E-5	1.41033E-1
1.40657E+0	1.34354E+0	2.99276E+2	2.99352E+2	9.99985E-5	1.41141E-5	1.41143E-1
1.41939E+0	1.35582E+0	2.99267E+2	2.99343E+2	9.99983E-5	1.38930E-5	1.38933E-1
1.43245E+0	1.36821E+0	2.99260E+2	2.99335E+2	9.99985E-5	1.38429E-5	1.38431E-1
1.44487E+0	1.38055E+0	2.99253E+2	2.99329E+2	9.99986E-5	1.38451E-5	1.38453E-1
1.45669E+0	1.39281E+0	2.99249E+2	2.99321E+2	9.99985E-5	1.39384E-5	1.39386E-1
1.46966E+0	1.40516E+0	2.99245E+2	2.99314E+2	9.99985E-5	1.39032E-5	1.39034E-1
1.48272E+0	1.41754E+0	2.99241E+2	2.99308E+2	9.99985E-5	1.38442E-5	1.38444E-1
1.49578E+0	1.42992E+0	2.99238E+2	2.99301E+2	9.99986E-5	1.39389E-5	1.39391E-1
1.50814E+0	1.44230E+0	2.99239E+2	2.99294E+2	9.99985E-5	1.40497E-5	1.40500E-1
1.52092E+0	1.45468E+0	2.99238E+2	2.99288E+2	9.99985E-5	1.37655E-5	1.37657E-1
1.53381E+0	1.46712E+0	2.99238E+2	2.99284E+2	9.99985E-5	1.36839E-5	1.36841E-1
1.54567E+0	1.47948E+0	2.99241E+2	2.99280E+2	9.99985E-5	1.38619E-5	1.38621E-1
1.55894E+0	1.49170E+0	2.99243E+2	2.99274E+2	9.99984E-5	1.37935E-5	1.37937E-1
1.57139E+0	1.50409E+0	2.99247E+2	2.99271E+2	9.99985E-5	1.39459E-5	1.39461E-1
1.58461E+0	1.51660E+0	2.99250E+2	2.99268E+2	9.99984E-5	1.39597E-5	1.39600E-1
1.59692E+0	1.52903E+0	2.99254E+2	2.99263E+2	9.99983E-5	1.39443E-5	1.39445E-1
1.60879E+0	1.54144E+0	2.99260E+2	2.99259E+2	9.99984E-5	1.38686E-5	1.38688E-1
1.62192E+0	1.55380E+0	2.99266E+2	2.99257E+2	9.99985E-5	1.36994E-5	1.36996E-1
1.63485E+0	1.56612E+0	2.99272E+2	2.99255E+2	9.99985E-5	1.39015E-5	1.39018E-1
1.64766E+0	1.57840E+0	2.99280E+2	2.99254E+2	9.99984E-5	1.38649E-5	1.38651E-1
1.66038E+0	1.59070E+0	2.99288E+2	2.99252E+2	9.99984E-5	1.37057E-5	1.37059E-1
1.67294E+0	1.60307E+0	2.99296E+2	2.99250E+2	9.99984E-5	1.39221E-5	1.39223E-1
1.68544E+0	1.61547E+0	2.99304E+2	2.99248E+2	9.99984E-5	1.41187E-5	1.41189E-1
1.69764E+0	1.62799E+0	2.99312E+2	2.99245E+2	9.99984E-5	1.42183E-5	1.42186E-1
1.71053E+0	1.64046E+0	2.99321E+2	2.99246E+2	9.99985E-5	1.41283E-5	1.41286E-1
1.72317E+0	1.65281E+0	2.99332E+2	2.99248E+2	9.99985E-5	1.39132E-5	1.39134E-1
1.73632E+0	1.66506E+0	2.99342E+2	2.99248E+2	9.99985E-5	1.38661E-5	1.38663E-1
1.74899E+0	1.67746E+0	2.99349E+2	2.99246E+2	9.99985E-5	1.38246E-5	1.38248E-1
1.76091E+0	1.68992E+0	2.99357E+2	2.99247E+2	9.99984E-5	1.39329E-5	1.39331E-1
1.77409E+0	1.70223E+0	2.99368E+2	2.99249E+2	9.99984E-5	1.39924E-5	1.39926E-1
1.78646E+0	1.71473E+0	2.99379E+2	2.99250E+2	9.99984E-5	1.39504E-5	1.39506E-1
1.79942E+0	1.72720E+0	2.99390E+2	2.99250E+2	9.99984E-5	1.40343E-5	1.40345E-1
1.81230E+0	1.73953E+0	2.99399E+2	2.99251E+2	9.99985E-5	1.40510E-5	1.40512E-1
1.82425E+0	1.75188E+0	2.99408E+2	2.99252E+2	9.99985E-5	1.40010E-5	1.40012E-1
1.83706E+0	1.76428E+0	2.99418E+2	2.99254E+2	9.99985E-5	1.39091E-5	1.39093E-1
1.84964E+0	1.77681E+0	2.99430E+2	2.99256E+2	9.99986E-5	1.39820E-5	1.39822E-1
1.86284E+0	1.78924E+0	2.99440E+2	2.99258E+2	9.99986E-5	1.38941E-5	1.38943E-1
1.87497E+0	1.80169E+0	2.99449E+2	2.99259E+2	9.99986E-5	1.38831E-5	1.38833E-1
1.88764E+0	1.81419E+0	2.99460E+2	2.99262E+2	9.99985E-5	1.39509E-5	1.39511E-1
1.90084E+0	1.82663E+0	2.99469E+2	2.99266E+2	9.99985E-5	1.39691E-5	1.39693E-1
1.91267E+0	1.83908E+0	2.99477E+2	2.99269E+2	9.99985E-5	1.41132E-5	1.41134E-1
1.92521E+0	1.85153E+0	2.99487E+2	2.99273E+2	9.99986E-5	1.38522E-5	1.38524E-1
1.93868E+0	1.86396E+0	2.99496E+2	2.99275E+2	9.99986E-5	1.37604E-5	1.37606E-1
1.95147E+0	1.87631E+0	2.99504E+2	2.99279E+2	9.99985E-5	1.38702E-5	1.38704E-1
1.96441E+0	1.88878E+0	2.99514E+2	2.99283E+2	9.99985E-5	1.39036E-5	1.39038E-1
1.97625E+0	1.90132E+0	2.99523E+2	2.99286E+2	9.99985E-5	1.38075E-5	1.38077E-1
1.98867E+0	1.91364E+0	2.99532E+2	2.99288E+2	9.99984E-5	1.40350E-5	1.40353E-1
1.99898E+0	1.92568E+0	2.99539E+2	2.99290E+2	9.99985E-5	1.40922E-5	1.40924E-1
2.00200E+0	1.93557E+0	2.99547E+2	2.99294E+2	9.99985E-5	1.39375E-5	1.39377E-1
2.00169E+0	1.94217E+0	2.99555E+2	2.99298E+2	9.99985E-5	1.38535E-5	1.38537E-1
2.00123E+0	1.94631E+0	2.99560E+2	2.99301E+2	9.99984E-5	1.38466E-5	1.38468E-1
2.00105E+0	1.94864E+0	2.99569E+2	2.99304E+2	9.99985E-5	1.38694E-5	1.38696E-1
2.00142E+0	1.94970E+0	2.99576E+2	2.99308E+2	9.99986E-5	1.40286E-5	1.40288E-1
1.99643E+0	1.95023E+0	2.99582E+2	2.99311E+2	9.99986E-5	1.38037E-5	1.38039E-1
1.98568E+0	1.95022E+0	2.99588E+2	2.99315E+2	9.99986E-5	1.35866E-5	1.35868E-1
1.97333E+0	1.94935E+0	2.99594E+2	2.99319E+2	9.99986E-5	1.39893E-5	1.39895E-1
1.96127E+0	1.94645E+0	2.99603E+2	2.99322E+2	9.99986E-5	1.39672E-5	1.39674E-1
1.94814E+0	1.93851E+0	2.99611E+2	2.99325E+2	9.99985E-5	1.39516E-5	1.39518E-1
1.93560E+0	1.92651E+0	2.99617E+2	2.99330E+2	9.99985E-5	1.42270E-5	1.42273E-1
1.92267E+0	1.91327E+0	2.99622E+2	2.99333E+2	9.99985E-5	1.40849E-5	1.40851E-1
1.90994E+0	1.90024E+0	2.99628E+2	2.99336E+2	9.99985E-5	1.40224E-5	1.40226E-1
1.89817E+0	1.88757E+0	2.99637E+2	2.99339E+2	9.99984E-5	1.40504E-5	1.40507E-1
1.88516E+0	1.87506E+0	2.99647E+2	2.99341E+2	9.99985E-5	1.42781E-5	1.42783E-1
1.87205E+0	1.86262E+0	2.99654E+2	2.99343E+2	9.99985E-5	1.41324E-5	1.41327E-1
1.85912E+0	1.85024E+0	2.99664E+2	2.99348E+2	9.99985E-5	1.36916E-5	1.36918E-1
1.84701E+0	1.83779E+0	2.99676E+2	2.99352E+2	9.99984E-5	1.37200E-5	1.37202E-1
1.83424E+0	1.82546E+0	2.99687E+2	2.99356E+2	9.99984E-5	1.39290E-5	1.39293E-1
1.82156E+0	1.81322E+0	2.99697E+2	2.99360E+2	9.99983E-5	1.38913E-5	1.38915E-1
1.80929E+0	1.80082E+0	2.99708E+2	2.99365E+2	9.99984E-5	1.39101E-5	1.39103E-1
1.79667E+0	1.78847E+0	2.99723E+2	2.99370E+2	9.99984E-5	1.40622E-5	1.40624E-1
1.78383E+0	1.77613E+0	2.99741E+2	2.99375E+2	9.99983E-5	1.40874E-5	1.40877E-1
1.77062E+0	1.76376E+0	2.99754E+2	2.99382E+2	9.99984E-5	1.40576E-5	1.40578E-1
1.75812E+0	1.75140E+0	2.99769E+2	2.99388E+2	9.99984E-5	1.41699E-5	1.41701E-1
1.74666E+0	1.73889E+0	2.99783E+2	2.99392E+2	9.99985E-5	1.39145E-5	1.39147E-1
1.73372E+0	1.72650E+0	2.99795E+2	2.99399E+2	9.99986E-5	1.38067E-5	1.38069E-1
1.72080E+0	1.71417E+0	2.99812E+2	2.99405E+2	9.99985E-5	1.37637E-5	1.37639E-1
1.70790E+0	1.70179E+0	2.99830E+2	2.99410E+2	9.99986E-5	1.38507E-5	1.38509E-1
1.69487E+0	1.68945E+0	2.99846E+2	2.99418E+2	9.99986E-5	1.41294E-5	1.41296E-1
1.68156E+0	1.67701E+0	2.99861E+2	2.99425E+2	9.99985E-5	1.40751E-5	1.40753E-1
1.66881E+0	1.66465E+0	2.99879E+2	2.99431E+2	9.99985E-5	1.38916E-5	1.38918E-1
1.65765E+0	1.65226E+0	2.99894E+2	2.99439E+2	9.99985E-5	1.38637E-5	1.38639E-1
1.64466E+0	1.63987E+0	2.99910E+2	2.99448E+2	9.99986E-5	1.42841E-5	1.42843E-1
1.63164E+0	1.62742E+0	2.99929E+2	2.99455E+2	9.99985E-5	1.42567E-5	1.42569E-1
1.61854E+0	1.61496E+0	2.99942E+2	2.99464E+2	9.99984E-5	1.39033E-5	1.39035E-1
1.60608E+0	1.60269E+0	2.99956E+2	2.99474E+2	9.99985E-5	1.38346E-5	1.38348E-1
1.59453E+0	1.59035E+0	2.99970E+2	2.99482E+2	9.99985E-5	1.38697E-5	1.38699E-1
1.58154E+0	1.57794E+0	2.99983E+2	2.99491E+2	9.99985E-5	1.39436E-5	1.39439E-1
1.56795E+0	1.56558E+0	2.99996E+2	2.99500E+2	9.99986E-5	1.39214E-5	1.39216E-1
1.55471E+0	1.55321E+0	3.00008E+2	2.99507E+2	9.99985E-5	1.37651E-5	1.37653E-1
1.54271E+0	1.54076E+0	3.00017E+2	2.99517E+2	9.99985E-5	1.38157E-5	1.38159E-1
1.52998E+0	1.52842E+0	3.00026E+2	2.99528E+2	9.99985E-5	1.38949E-5	1.38951E-1
1.51745E+0	1.51618E+0	3.00035E+2	2.99537E+2	9.99985E-5	1.39936E-5	1.39938E-1
1.50553E+0	1.50372E+0	3.00045E+2	2.99545E+2	9.99985E-5	1.38803E-5	1.38805E-1
1.49240E+0	1.49133E+0	3.00050E+2	2.99554E+2	9.99986E-5	1.37996E-5	1.37997E-1
1.47983E+0	1.47902E+0	3.00052E+2	2.99563E+2	9.99985E-5	1.39482E-5	1.39485E-1
1.46667E+0	1.46660E+0	3.00055E+2	2.99571E+2	9.99984E-5	1.41904E-5	1.41906E-1
1.45383E+0	1.45421E+0	3.00057E+2	2.99578E+2	9.99985E-5	1.41489E-5	1.41491E-1
1.44211E+0	1.44186E+0	3.00059E+2	2.99584E+2	9.99986E-5	1.40425E-5	1.40427E-1
1.42965E+0	1.42955E+0	3.00060E+2	2.99591E+2	9.99986E-5	1.40138E-5	1.40140E-1
1.41671E+0	1.41723E+0	3.00057E+2	2.99597E+2	9.99986E-5	1.40395E-5	1.40397E-1
1.40307E+0	1.40486E+0	3.00054E+2	2.99602E+2	9.99984E-5	1.41109E-5	1.41112E-1
1.39072E+0	1.39236E+0	3.00050E+2	2.99608E+2	9.99983E-5	1.41049E-5	1.41051E-1
1.37875E+0	1.37998E+0	3.00043E+2	2.99613E+2	9.99984E-5	1.44422E-5	1.44424E-1
1.36556E+0	1.36769E+0	3.00038E+2	2.99618E+2	9.99985E-5	1.42448E-5	1.42450E-1
1.35292E+0	1.35533E+0	3.00032E+2	2.99623E+2	9.99985E-5	1.39062E-5	1.39064E-1
1.34026E+0	1.34301E+0	3.00024E+2	2.99627E+2	9.99985E-5	1.39969E-5	1.39971E-1
1.32773E+0	1.33069E+0	3.00016E+2	2.99630E+2	9.99984E-5	1.39018E-5	1.39020E-1
1.31572E+0	1.31820E+0	3.00006E+2	2.99632E+2	9.99983E-5	1.38290E-5	1.38292E-1
1.30295E+0	1.30580E+0	2.99997E+2	2.99634E+2	9.99983E-5	1.38705E-5	1.38707E-1
1.29028E+0	1.29356E+0	2.99986E+2	2.99638E+2	9.99984E-5	1.37102E-5	1.37105E-1
1.27723E+0	1.28109E+0	2.99973E+2	2.99639E+2	9.99985E-5	1.38040E-5	1.38042E-1
1.26450E+0	1.26868E+0	2.99961E+2	2.99641E+2	9.99984E-5	1.39452E-5	1.39454E-1
1.25186E+0	1.25637E+0	2.99947E+2	2.99641E+2	9.99985E-5	1.38638E-5	1.38640E-1
1.23942E+0	1.24410E+0	2.99932E+2	2.99640E+2	9.99986E-5	1.39200E-5	1.39202E-1
1.22690E+0	1.23188E+0	2.99918E+2	2.99641E+2	9.99985E-5	1.40875E-5	1.40877E-1
1.21380E+0	1.21948E+0	2.99901E+2	2.99639E+2	9.99984E-5	1.42361E-5	1.42363E-1
1.20136E+0	1.20703E+0	2.99884E+2	2.99638E+2	9.99985E-5	1.41274E-5	1.41277E-1
1.18847E+0	1.19470E+0	2.99867E+2	2.99637E+2	9.99985E-5	1.40806E-5	1.40808E-1
1.17564E+0	1.18243E+0	2.99850E+2	2.99635E+2	9.99985E-5	1.40464E-5	1.40466E-1
1.16350E+0	1.17013E+0	2.99831E+2	2.99634E+2	9.99985E-5	1.39083E-5	1.39085E-1
1.15092E+0	1.15766E+0	2.99812E+2	2.99630E+2	9.99985E-5	1.40765E-5	1.40767E-1
1.13842E+0	1.14522E+0	2.99794E+2	2.99625E+2	9.99985E-5	1.41006E-5	1.41008E-1
1.12517E+0	1.13281E+0	2.99775E+2	2.99621E+2	9.99985E-5	1.42023E-5	1.42026E-1
1.11261E+0	1.12047E+0	2.99756E+2	2.99616E+2	9.99985E-5	1.41944E-5	1.41946E-1
1.09980E+0	1.10815E+0	2.99735E+2	2.99611E+2	9.99986E-5	1.39960E-5	1.39962E-1
1.08690E+0	1.09586E+0	2.99717E+2	2.99607E+2	9.99985E-5	1.40597E-5	1.40599E-1
1.07441E+0	1.08354E+0	2.99697E+2	2.99603E+2	9.99985E-5	1.40916E-5	1.40918E-1
1.06164E+0	1.07119E+0	2.99677E+2	2.99597E+2	9.99986E-5	1.40250E-5	1.40252E-1
1.04919E+0	1.05880E+0	2.99657E+2	2.99591E+2	9.99986E-5	1.39808E-5	1.39810E-1
1.03659E+0	1.04652E+0	2.99634E+2	2.99583E+2	9.99985E-5	1.40161E-5	1.40163E-1
1.02404E+0	1.03431E+0	2.99613E+2	2.99576E+2	9.99985E-5	1.39999E-5	1.40001E-1
1.01175E+0	1.02181E+0	2.99591E+2	2.99568E+2	9.99986E-5	1.40180E-5	1.40182E-1
9.98816E-1	1.00911E+0	2.99571E+2	2.99561E+2	9.99985E-5	1.41546E-5	1.41548E-1
9.86157E-1	9.96218E-1	2.99553E+2	2.99552E+2	9.99984E-5	1.41965E-5	1.41967E-1
9.73043E-1	9.83349E-1	2.99531E+2	2.99545E+2	9.99985E-5	1.40522E-5	1.40524E-1
9.60337E-1	9.70497E-1	2.99510E+2	2.99536E+2	9.99985E-5	1.39706E-5	1.39709E-1
9.47805E-1	9.57668E-1	2.99491E+2	2.99526E+2	9.99984E-5	1.39383E-5	1.39386E-1
9.35210E-1	9.44769E-1	2.99469E+2	2.99517E+2	9.99985E-5	1.40212E-5	1.40214E-1
9.23059E-1	9.31859E-1	2.99448E+2	2.99509E+2	9.99985E-5	1.41576E-5	1.41579E-1
9.10149E-1	9.19226E-1	2.99430E+2	2.99501E+2	9.99985E-5	1.40754E-5	1.40757E-1
8.97438E-1	9.06546E-1	2.99411E+2	2.99491E+2	9.99985E-5	1.40487E-5	1.40490E-1
8.84720E-1	8.93788E-1	2.99394E+2	2.99481E+2	9.99985E-5	1.42013E-5	1.42015E-1
8.71900E-1	8.81185E-1	2.99375E+2	2.99470E+2	9.99985E-5	1.41156E-5	1.41158E-1
8.59675E-1	8.68693E-1	2.99352E+2	2.99459E+2	9.99986E-5	1.40426E-5	1.40428E-1
8.47333E-1	8.56097E-1	2.99333E+2	2.99449E+2	9.99985E-5	1.40632E-5	1.40634E-1
8.34449E-1	8.43527E-1	2.99318E+2	2.99439E+2	9.99984E-5	1.40265E-5	1.40267E-1
8.21294E-1	8.31120E-1	2.99302E+2	2.99429E+2	9.99984E-5	1.39572E-5	1.39575E-1
8.08864E-1	8.18572E-1	2.99286E+2	2.99419E+2	9.99985E-5	1.39593E-5	1.39595E-1
7.96055E-1	8.06119E-1	2.99269E+2	2.99411E+2	9.99986E-5	1.39693E-5	1.39695E-1
7.83316E-1	7.93796E-1	2.99252E+2	2.99401E+2	9.99985E-5	1.40666E-5	1.40669E-1
7.71575E-1	7.81426E-1	2.99238E+2	2.99390E+2	9.99985E-5	1.39094E-5	1.39096E-1
7.58765E-1	7.68965E-1	2.99222E+2	2.99378E+2	9.99985E-5	1.39606E-5	1.39608E-1
7.45984E-1	7.56625E-1	2.99209E+2	2.99369E+2	9.99985E-5	1.41322E-5	1.41324E-1
7.32811E-1	7.44327E-1	2.99197E+2	2.99360E+2	9.99985E-5	1.40528E-5	1.40530E-1
7.20141E-1	7.32002E-1	2.99186E+2	2.99350E+2	9.99984E-5	1.41324E-5	1.41326E-1
7.08130E-1	7.19794E-1	2.99172E+2	2.99340E+2	9.99985E-5	1.42449E-5	1.42451E-1
6.95406E-1	7.07495E-1	2.99158E+2	2.99330E+2	9.99985E-5	1.41025E-5	1.41027E-1
6.82495E-1	6.95174E-1	2.99147E+2	2.99322E+2	9.99984E-5	1.41856E-5	1.41858E-1
6.69653E-1	6.82907E-1	2.99137E+2	2.99312E+2	9.99984E-5	1.42076E-5	1.42078E-1
6.57142E-1	6.70795E-1	2.99126E+2	2.99301E+2	9.99985E-5	1.42247E-5	1.42249E-1
6.44390E-1	6.58561E-1	2.99117E+2	2.99292E+2	9.99985E-5	1.42326E-5	1.42328E-1
6.31935E-1	6.46334E-1	2.99110E+2	2.99283E+2	9.99985E-5	1.40458E-5	1.40460E-1
6.19643E-1	6.34239E-1	2.99103E+2	2.99275E+2	9.99985E-5	1.39962E-5	1.39964E-1
6.06179E-1	6.22110E-1	2.99096E+2	2.99267E+2	9.99985E-5	1.40303E-5	1.40305E-1
5.93561E-1	6.09827E-1	2.99090E+2	2.99258E+2	9.99986E-5	1.40538E-5	1.40540E-1
5.81074E-1	5.97626E-1	2.99081E+2	2.99249E+2	9.99985E-5	1.41915E-5	1.41917E-1
5.68236E-1	5.85564E-1	2.99076E+2	2.99241E+2	9.99984E-5	1.42303E-5	1.42305E-1
5.55906E-1	5.73449E-1	2.99075E+2	2.99234E+2	9.99984E-5	1.41654E-5	1.41656E-1
5.43019E-1	5.61314E-1	2.99072E+2	2.99224E+2	9.99986E-5	1.42822E-5	1.42825E-1
5.30639E-1	5.49036E-1	2.99068E+2	2.99217E+2	9.99984E-5	1.43999E-5	1.44002E-1
5.17939E-1	5.36877E-1	2.99065E+2	2.99210E+2	9.99984E-5	1.42088E-5	1.42090E-1
5.04836E-1	5.24859E-1	2.99062E+2	2.99204E+2	9.99986E-5	1.41374E-5	1.41376E-1
4.92245E-1	5.12694E-1	2.99062E+2	2.99198E+2	9.99986E-5	1.42169E-5	1.42170E-1
4.79563E-1	5.00429E-1	2.99062E+2	2.99191E+2	9.99985E-5	1.42223E-5	1.42225E-1
4.67317E-1	4.88260E-1	2.99061E+2	2.99186E+2	9.99985E-5	1.41920E-5	1.41922E-1
4.54730E-1	4.76069E-1	2.99062E+2	2.99180E+2	9.99984E-5	1.41309E-5	1.41311E-1
4.41814E-1	4.63840E-1	2.99062E+2	2.99174E+2	9.99984E-5	1.41145E-5	1.41147E-1
4.28587E-1	4.51677E-1	2.99064E+2	2.99169E+2	9.99985E-5	1.42519E-5	1.42521E-1
4.15749E-1	4.39521E-1	2.99068E+2	2.99163E+2	9.99985E-5	1.43087E-5	1.43089E-1
4.03552E-1	4.27315E-1	2.99071E+2	2.99158E+2	9.99984E-5	1.42137E-5	1.42139E-1
3.91035E-1	4.15138E-1	2.99075E+2	2.99154E+2	9.99984E-5	1.42509E-5	1.42511E-1
3.78185E-1	4.03028E-1	2.99081E+2	2.99151E+2	9.99985E-5	1.42128E-5	1.42130E-1
3.65222E-1	3.90719E-1	2.99085E+2	2.99147E+2	9.99985E-5	1.42002E-5	1.42004E-1
3.52814E-1	3.78730E-1	2.99092E+2	2.99144E+2	9.99985E-5	1.42241E-5	1.42243E-1
3.40209E-1	3.66176E-1	2.99100E+2	2.99141E+2	9.99985E-5	1.42840E-5	1.42842E-1
3.27504E-1	3.53406E-1	2.99106E+2	2.99140E+2	9.99986E-5	1.42407E-5	1.42409E-1
3.15060E-1	3.41121E-1	2.99114E+2	2.99138E+2	9.99984E-5	1.42305E-5	1.42307E-1
3.02674E-1	3.28868E-1	2.99123E+2	2.99136E+2	9.99984E-5	1.42228E-5	1.42230E-1
2.89803E-1	3.16599E-1	2.99131E+2	2.99133E+2	9.99985E-5	1.41933E-5	1.41935E-1
2.77354E-1	3.04214E-1	2.99139E+2	2.99132E+2	9.99985E-5	1.42115E-5	1.42117E-1
2.64582E-1	2.91837E-1	2.99148E+2	2.99132E+2	9.99985E-5	1.42198E-5	1.42200E-1
2.52174E-1	2.79470E-1	2.99159E+2	2.99131E+2	9.99985E-5	1.42935E-5	1.42937E-1
2.39075E-1	2.67173E-1	2.99168E+2	2.99131E+2	9.99985E-5	1.43253E-5	1.43255E-1
2.26149E-1	2.54848E-1	2.99179E+2	2.99131E+2	9.99985E-5	1.42164E-5	1.42166E-1
2.13283E-1	2.42410E-1	2.99188E+2	2.99130E+2	9.99986E-5	1.41915E-5	1.41917E-1
2.00832E-1	2.29825E-1	2.99198E+2	2.99131E+2	9.99985E-5	1.42959E-5	1.42961E-1
1.88521E-1	2.17308E-1	2.99210E+2	2.99132E+2	9.99985E-5	1.42642E-5	1.42644E-1
1.75908E-1	2.04901E-1	2.99221E+2	2.99132E+2	9.99985E-5	1.42017E-5	1.42019E-1
1.63091E-1	1.92347E-1	2.99231E+2	2.99132E+2	9.99985E-5	1.42161E-5	1.42163E-1
1.50447E-1	1.79803E-1	2.99239E+2	2.99134E+2	9.99985E-5	1.41978E-5	1.41980E-1
1.37605E-1	1.67253E-1	2.99252E+2	2.99137E+2	9.99984E-5	1.42323E-5	1.42325E-1
1.25251E-1	1.54613E-1	2.99265E+2	2.99139E+2	9.99985E-5	1.42041E-5	1.42043E-1
1.12572E-1	1.42144E-1	2.99276E+2	2.99141E+2	9.99985E-5	1.41926E-5	1.41928E-1
9.98756E-2	1.29632E-1	2.99285E+2	2.99142E+2	9.99985E-5	1.41976E-5	1.41978E-1
8.76382E-2	1.17201E-1	2.99295E+2	2.99144E+2	9.99985E-5	1.42248E-5	1.42250E-1
7.47467E-2	1.04755E-1	2.99307E+2	2.99147E+2	9.99985E-5	1.43006E-5	1.43008E-1
6.20487E-2	9.21009E-2	2.99319E+2	2.99149E+2	9.99985E-5	1.43144E-5	1.43146E-1
4.94036E-2	7.95111E-2	2.99331E+2	2.99152E+2	9.99985E-5	1.42547E-5	1.42549E-1
3.64108E-2	6.68099E-2	2.99341E+2	2.99155E+2	9.99984E-5	1.42117E-5	1.42119E-1
2.35487E-2	5.41378E-2	2.99352E+2	2.99158E+2	9.99984E-5	1.41590E-5	1.41592E-1
1.13477E-2	4.18304E-2	2.99362E+2	2.99161E+2	9.99984E-5	1.42465E-5	1.42467E-1
3.50685E-3	3.00586E-2	2.99369E+2	2.99165E+2	9.99984E-5	1.43147E-5	1.43149E-1
9.50000E-4	2.04149E-2	2.99381E+2	2.99170E+2	9.99984E-5	1.42322E-5	1.42324E-1
6.84073E-4	1.40365E-2	2.99392E+2	2.99174E+2	9.99984E-5	1.42736E-5	1.42738E-1
4.70000E-4	1.02310E-2	2.99402E+2	2.99177E+2	9.99985E-5	1.41907E-5	1.41909E-1
7.63558E-4	8.28770E-3	2.99411E+2	2.99180E+2	9.99985E-5	1.41673E-5	1.41675E-1
4.70000E-4	7.35621E-3	2.99420E+2	2.99184E+2	9.99985E-5	1.42425E-5	1.42428E-1
-6.66298E-3	6.48330E-3	2.99429E+2	2.99188E+2	9.99985E-5	1.42658E-5	1.42660E-1
-1.62282E-2	4.39818E-3	2.99437E+2	2.99191E+2	9.99986E-5	1.42614E-5	1.42616E-1
-2.89492E-2	-1.39821E-3	2.99447E+2	2.99194E+2	9.99985E-5	1.42425E-5	1.42427E-1
-4.21486E-2	-1.13470E-2	2.99458E+2	2.99198E+2	9.99985E-5	1.42579E-5	1.42581E-1
-5.42062E-2	-2.30675E-2	2.99466E+2	2.99202E+2	9.99985E-5	1.43369E-5	1.43371E-1
-6.65200E-2	-3.47987E-2	2.99474E+2	2.99207E+2	9.99985E-5	1.43430E-5	1.43432E-1
-7.96955E-2	-4.68572E-2	2.99482E+2	2.99211E+2	9.99986E-5	1.43068E-5	1.43070E-1
-9.26542E-2	-5.94388E-2	2.99493E+2	2.99215E+2	9.99985E-5	1.43410E-5	1.43412E-1
-1.05351E-1	-7.21652E-2	2.99502E+2	2.99218E+2	9.99985E-5	1.43620E-5	1.43622E-1
-1.17930E-1	-8.49824E-2	2.99509E+2	2.99222E+2	9.99985E-5	1.44166E-5	1.44168E-1
-1.30110E-1	-9.75347E-2	2.99518E+2	2.99229E+2	9.99985E-5	1.43295E-5	1.43297E-1
-1.43097E-1	-1.10023E-1	2.99526E+2	2.99233E+2	9.99984E-5	1.42309E-5	1.42311E-1
-1.56544E-1	-1.22628E-1	2.99535E+2	2.99238E+2	9.99985E-5	1.41949E-5	1.41951E-1
-1.68443E-1	-1.35105E-1	2.99542E+2	2.99242E+2	9.99985E-5	1.41836E-5	1.41838E-1
-1.80798E-1	-1.47313E-1	2.99549E+2	2.99246E+2	9.99984E-5	1.42501E-5	1.42504E-1
-1.93204E-1	-1.59455E-1	2.99556E+2	2.99250E+2	9.99984E-5	1.42487E-5	1.42489E-1
-2.06029E-1	-1.71454E-1	2.99561E+2	2.99254E+2	9.99986E-5	1.43233E-5	1.43236E-1
-2.18875E-1	-1.83265E-1	2.99567E+2	2.99260E+2	9.99985E-5	1.43029E-5	1.43031E-1
-2.31408E-1	-1.95192E-1	2.99571E+2	2.99265E+2	9.99984E-5	1.42758E-5	1.42760E-1
-2.44386E-1	-2.07236E-1	2.99574E+2	2.99268E+2	9.99985E-5	1.43397E-5	1.43400E-1
-2.57183E-1	-2.19327E-1	2.99578E+2	2.99273E+2	9.99985E-5	1.43591E-5	1.43593E-1
-2.69652E-1	-2.31733E-1	2.99582E+2	2.99276E+2	9.99984E-5	1.43154E-5	1.43157E-1
-2.82367E-1	-2.44218E-1	2.99585E+2	2.99278E+2	9.99984E-5	1.43468E-5	1.43470E-1
-2.95056E-1	-2.56815E-1	2.99587E+2	2.99282E+2	9.99984E-5	1.43807E-5	1.43809E-1
-3.07693E-1	-2.69454E-1	2.99589E+2	2.99286E+2	9.99985E-5	1.43167E-5	1.43169E-1
-3.20289E-1	-2.81991E-1	2.99592E+2	2.99290E+2	9.99985E-5	1.42839E-5	1.42841E-1
-3.33375E-1	-2.94570E-1	2.99593E+2	2.99294E+2	9.99985E-5	1.42947E-5	1.42949E-1
-3.45831E-1	-3.07182E-1	2.99591E+2	2.99297E+2	9.99984E-5	1.42917E-5	1.42920E-1
-3.57905E-1	-3.19703E-1	2.99592E+2	2.99299E+2	9.99984E-5	1.43104E-5	1.43106E-1
-3.70879E-1	-3.32041E-1	2.99591E+2	2.99301E+2	9.99984E-5	1.43816E-5	1.43818E-1
-3.83685E-1	-3.44530E-1	2.99590E+2	2.99305E+2	9.99985E-5	1.43606E-5	1.43609E-1
-3.96158E-1	-3.56943E-1	2.99592E+2	2.99307E+2	9.99985E-5	1.43160E-5	1.43162E-1
-4.08691E-1	-3.69201E-1	2.99591E+2	2.99309E+2	9.99985E-5	1.43286E-5	1.43288E-1
-4.21665E-1	-3.79265E-1	2.99588E+2	2.99312E+2	9.99985E-5	1.43098E-5	1.43100E-1
-4.34047E-1	-3.90560E-1	2.99588E+2	2.99312E+2	9.99985E-5	1.43389E-5	1.43391E-1
-4.46573E-1	-4.04691E-1	2.99588E+2	2.99314E+2	9.99985E-5	1.43620E-5	1.43622E-1
-4.59514E-1	-4.18360E-1	2.99589E+2	2.99317E+2	9.99985E-5	1.43532E-5	1.43534E-1
-4.71829E-1	-4.31645E-1	2.99587E+2	2.99319E+2	9.99986E-5	1.43011E-5	1.43014E-1
-4.84765E-1	-4.44191E-1	2.99583E+2	2.99321E+2	9.99985E-5	1.42974E-5	1.42976E-1
-4.97713E-1	-4.56525E-1	2.99581E+2	2.99322E+2	9.99984E-5	1.42543E-5	1.42545E-1
-5.09625E-1	-4.68810E-1	2.99579E+2	2.99323E+2	9.99985E-5	1.41878E-5	1.41880E-1
-5.22465E-1	-4.80885E-1	2.99579E+2	2.99324E+2	9.99985E-5	1.43252E-5	1.43254E-1
-5.35071E-1	-4.92945E-1	2.99580E+2	2.99324E+2	9.99984E-5	1.44030E-5	1.44032E-1
-5.47954E-1	-5.05068E-1	2.99578E+2	2.99326E+2	9.99983E-5	1.43436E-5	1.43439E-1
-5.60612E-1	-5.17182E-1	2.99575E+2	2.99328E+2	9.99983E-5	1.43389E-5	1.43392E-1
-5.73191E-1	-5.29252E-1	2.99577E+2	2.99327E+2	9.99984E-5	1.43394E-5	1.43396E-1
-5.85968E-1	-5.41427E-1	2.99577E+2	2.99329E+2	9.99984E-5	1.43213E-5	1.43216E-1
-5.98684E-1	-5.53618E-1	2.99575E+2	2.99331E+2	9.99984E-5	1.43941E-5	1.43943E-1
-6.11328E-1	-5.65722E-1	2.99574E+2	2.99331E+2	9.99984E-5	1.43189E-5	1.43192E-1
-6.24076E-1	-5.77852E-1	2.99575E+2	2.99331E+2	9.99984E-5	1.42006E-5	1.42008E-1
-6.37346E-1	-5.90073E-1	2.99574E+2	2.99333E+2	9.99985E-5	1.42181E-5	1.42183E-1
-6.49189E-1	-6.02232E-1	2.99576E+2	2.99334E+2	9.99985E-5	1.42751E-5	1.42753E-1
-6.61192E-1	-6.14373E-1	2.99577E+2	2.99334E+2	9.99984E-5	1.43225E-5	1.43227E-1
-6.75076E-1	-6.26605E-1	2.99576E+2	2.99336E+2	9.99983E-5	1.43844E-5	1.43847E-1
-6.88179E-1	-6.38736E-1	2.99578E+2	2.99339E+2	9.99984E-5	1.43753E-5	1.43755E-1
-7.00553E-1	-6.50985E-1	2.99579E+2	2.99339E+2	9.99985E-5	1.43857E-5	1.43859E-1
-7.12840E-1	-6.63280E-1	2.99581E+2	2.99339E+2	9.99984E-5	1.43971E-5	1.43973E-1
-7.25645E-1	-6.75354E-1	2.99581E+2	2.99340E+2	9.99984E-5	1.44027E-5	1.44029E-1
-7.38330E-1	-6.87538E-1	2.99582E+2	2.99341E+2	9.99984E-5	1.44501E-5	1.44504E-1
-7.50578E-1	-6.99814E-1	2.99584E+2	2.99342E+2	9.99983E-5	1.44370E-5	1.44372E-1
-7.63159E-1	-7.11969E-1	2.99585E+2	2.99344E+2	9.99984E-5	1.43636E-5	1.43638E-1
-7.76101E-1	-7.24146E-1	2.99589E+2	2.99346E+2	9.99984E-5	1.43146E-5	1.43148E-1
-7.89338E-1	-7.36484E-1	2.99591E+2	2.99346E+2	9.99985E-5	1.43304E-5	1.43307E-1
-8.01791E-1	-7.48674E-1	2.99592E+2	2.99348E+2	9.99985E-5	1.44275E-5	1.44277E-1
-8.13869E-1	-7.60921E-1	2.99593E+2	2.99350E+2	9.99985E-5	1.43708E-5	1.43710E-1
-8.26553E-1	-7.73206E-1	2.99594E+2	2.99352E+2	9.99984E-5	1.43733E-5	1.43735E-1
-8.39751E-1	-7.85495E-1	2.99595E+2	2.99352E+2	9.99983E-5	1.44495E-5	1.44497E-1
-8.52310E-1	-7.97769E-1	2.99597E+2	2.99353E+2	9.99984E-5	1.43854E-5	1.43856E-1
-8.64867E-1	-8.10150E-1	2.99599E+2	2.99352E+2	9.99984E-5	1.44033E-5	1.44035E-1
-8.77628E-1	-8.22527E-1	2.99600E+2	2.99354E+2	9.99985E-5	1.43588E-5	1.43590E-1
-8.90386E-1	-8.34753E-1	2.99601E+2	2.99358E+2	9.99984E-5	1.44031E-5	1.44033E-1
-9.02332E-1	-8.47245E-1	2.99603E+2	2.99360E+2	9.99985E-5	1.45173E-5	1.45176E-1
-9.15283E-1	-8.59724E-1	2.99605E+2	2.99361E+2	9.99985E-5	1.44840E-5	1.44843E-1
-9.28098E-1	-8.72189E-1	2.99607E+2	2.99362E+2	9.99984E-5	1.44163E-5	1.44165E-1
-9.41143E-1	-8.84819E-1	2.99608E+2	2.99362E+2	9.99984E-5	1.43669E-5	1.43671E-1
-9.53693E-1	-8.97349E-1	2.99608E+2	2.99364E+2	9.99984E-5	1.44384E-5	1.44386E-1
-9.65859E-1	-9.09957E-1	2.99610E+2	2.99365E+2	9.99984E-5	1.43380E-5	1.43382E-1
-9.78541E-1	-9.22608E-1	2.99612E+2	2.99366E+2	9.99985E-5	1.44194E-5	1.44196E-1
-9.91193E-1	-9.35237E-1	2.99613E+2	2.99368E+2	9.99985E-5	1.45110E-5	1.45113E-1
-1.00408E+0	-9.47971E-1	2.99614E+2	2.99369E+2	9.99985E-5	1.43789E-5	1.43791E-1
-1.01693E+0	-9.60834E-1	2.99613E+2	2.99371E+2	9.99984E-5	1.43062E-5	1.43065E-1
-1.02992E+0	-9.73774E-1	2.99614E+2	2.99374E+2	9.99985E-5	1.42905E-5	1.42908E-1
-1.04266E+0	-9.86587E-1	2.99618E+2	2.99373E+2	9.99985E-5	1.41513E-5	1.41515E-1
-1.05457E+0	-9.99286E-1	2.99620E+2	2.99374E+2	9.99985E-5	1.42945E-5	1.42947E-1
-1.06713E+0	-1.01184E+0	2.99622E+2	2.99377E+2	9.99985E-5	1.44449E-5	1.44451E-1
-1.07973E+0	-1.02431E+0	2.99621E+2	2.99379E+2	9.99985E-5	1.44284E-5	1.44286E-1
-1.09252E+0	-1.03695E+0	2.99621E+2	2.99380E+2	9.99986E-5	1.43945E-5	1.43947E-1
-1.10572E+0	-1.04956E+0	2.99621E+2	2.99382E+2	9.99986E-5	1.44275E-5	1.44277E-1
-1.11782E+0	-1.06198E+0	2.99623E+2	2.99381E+2	9.99985E-5	1.46237E-5	1.46239E-1
-1.13072E+0	-1.07452E+0	2.99624E+2	2.99381E+2	9.99984E-5	1.44745E-5	1.44748E-1
-1.14389E+0	-1.08700E+0	2.99625E+2	2.99384E+2	9.99984E-5	1.43777E-5	1.43780E-1
-1.15668E+0	-1.09931E+0	2.99628E+2	2.99386E+2	9.99984E-5	1.45819E-5	1.45821E-1
-1.16887E+0	-1.11155E+0	2.99629E+2	2.99387E+2	9.99984E-5	1.44725E-5	1.44727E-1
-1.18057E+0	-1.12376E+0	2.99629E+2	2.99387E+2	9.99984E-5	1.42501E-5	1.42503E-1
-1.19379E+0	-1.13603E+0	2.99628E+2	2.99389E+2	9.99985E-5	1.43260E-5	1.43262E-1
-1.20692E+0	-1.14836E+0	2.99628E+2	2.99391E+2	9.99985E-5	1.44206E-5	1.44209E-1
-1.21928E+0	-1.16079E+0	2.99628E+2	2.99392E+2	9.99985E-5	1.43116E-5	1.43118E-1
-1.23182E+0	-1.17315E+0	2.99629E+2	2.99392E+2	9.99985E-5	1.43889E-5	1.43891E-1
-1.24512E+0	-1.18545E+0	2.99628E+2	2.99394E+2	9.99985E-5	1.45270E-5	1.45273E-1
-1.25756E+0	-1.19772E+0	2.99629E+2	2.99395E+2	9.99986E-5	1.43804E-5	1.43806E-1
-1.26941E+0	-1.20995E+0	2.99630E+2	2.99396E+2	9.99985E-5	1.44694E-5	1.44696E-1
-1.28245E+0	-1.22226E+0	2.99631E+2	2.99396E+2	9.99984E-5	1.45403E-5	1.45406E-1
-1.29556E+0	-1.23460E+0	2.99632E+2	2.99397E+2	9.99985E-5	1.45620E-5	1.45622E-1
-1.30811E+0	-1.24692E+0	2.99634E+2	2.99399E+2	9.99985E-5	1.44527E-5	1.44529E-1
-1.32039E+0	-1.25919E+0	2.99632E+2	2.99400E+2	9.99985E-5	1.41786E-5	1.41789E-1
-1.33270E+0	-1.27151E+0	2.99630E+2	2.99400E+2	9.99985E-5	1.44069E-5	1.44071E-1
-1.34606E+0	-1.28395E+0	2.99632E+2	2.99401E+2	9.99985E-5	1.46083E-5	1.46085E-1
-1.35840E+0	-1.29625E+0	2.99631E+2	2.99404E+2	9.99984E-5	1.44528E-5	1.44531E-1
-1.37106E+0	-1.30863E+0	2.99631E+2	2.99403E+2	9.99984E-5	1.44092E-5	1.44094E-1
-1.38354E+0	-1.32112E+0	2.99634E+2	2.99404E+2	9.99986E-5	1.43600E-5	1.43602E-1
-1.39577E+0	-1.33351E+0	2.99633E+2	2.99406E+2	9.99985E-5	1.45505E-5	1.45507E-1
-1.40876E+0	-1.34591E+0	2.99631E+2	2.99406E+2	9.99984E-5	1.46861E-5	1.46863E-1
-1.42105E+0	-1.35828E+0	2.99631E+2	2.99407E+2	9.99984E-5	1.45480E-5	1.45482E-1
-1.43413E+0	-1.37065E+0	2.99631E+2	2.99407E+2	9.99984E-5	1.46275E-5	1.46278E-1
-1.44696E+0	-1.38296E+0	2.99629E+2	2.99408E+2	9.99984E-5	1.45180E-5	1.45183E-1
-1.45864E+0	-1.39530E+0	2.99631E+2	2.99410E+2	9.99984E-5	1.43373E-5	1.43376E-1
-1.47195E+0	-1.40766E+0	2.99631E+2	2.99411E+2	9.99983E-5	1.44519E-5	1.44522E-1
-1.48478E+0	-1.42001E+0	2.99629E+2	2.99412E+2	9.99984E-5	1.44323E-5	1.44325E-1
-1.49739E+0	-1.43247E+0	2.99629E+2	2.99412E+2	9.99985E-5	1.43656E-5	1.43658E-1
-1.51022E+0	-1.44487E+0	2.99627E+2	2.99411E+2	9.99985E-5	1.44022E-5	1.44024E-1
-1.52325E+0	-1.45712E+0	2.99625E+2	2.99412E+2	9.99985E-5	1.45217E-5	1.45219E-1
-1.53592E+0	-1.46948E+0	2.99627E+2	2.99412E+2	9.99984E-5	1.44975E-5	1.44977E-1
-1.54829E+0	-1.48190E+0	2.99626E+2	2.99413E+2	9.99984E-5	1.42925E-5	1.42927E-1
-1.56136E+0	-1.49418E+0	2.99625E+2	2.99412E+2	9.99984E-5	1.44747E-5	1.44749E-1
-1.57359E+0	-1.50653E+0	2.99624E+2	2.99413E+2	9.99984E-5	1.44344E-5	1.44346E-1
-1.58629E+0	-1.51898E+0	2.99622E+2	2.99413E+2	9.99984E-5	1.42533E-5	1.42535E-1
-1.59935E+0	-1.53145E+0	2.99621E+2	2.99415E+2	9.99984E-5	1.44606E-5	1.44608E-1
-1.61215E+0	-1.54378E+0	2.99619E+2	2.99415E+2	9.99984E-5	1.45617E-5	1.45619E-1
-1.62477E+0	-1.55610E+0	2.99617E+2	2.99414E+2	9.99984E-5	1.45133E-5	1.45135E-1
-1.63674E+0	-1.56844E+0	2.99618E+2	2.99414E+2	9.99984E-5	1.44261E-5	1.44263E-1
-1.64974E+0	-1.58081E+0	2.99616E+2	2.99413E+2	9.99984E-5	1.44754E-5	1.44757E-1
-1.66252E+0	-1.59321E+0	2.99615E+2	2.99415E+2	9.99984E-5	1.45510E-5	1.45512E-1
-1.67549E+0	-1.60566E+0	2.99612E+2	2.99415E+2	9.99984E-5	1.45203E-5	1.45206E-1
-1.68839E+0	-1.61818E+0	2.99608E+2	2.99414E+2	9.99984E-5	1.43877E-5	1.43879E-1
-1.69990E+0	-1.63058E+0	2.99607E+2	2.99416E+2	9.99984E-5	1.44508E-5	1.44510E-1
-1.71278E+0	-1.64287E+0	2.99606E+2	2.99416E+2	9.99984E-5	1.45088E-5	1.45091E-1
-1.72566E+0	-1.65532E+0	2.99606E+2	2.99414E+2	9.99984E-5	1.46045E-5	1.46047E-1
-1.73865E+0	-1.66778E+0	2.99603E+2	2.99414E+2	9.99984E-5	1.44019E-5	1.44021E-1
-1.75103E+0	-1.68011E+0	2.99601E+2	2.99414E+2	9.99984E-5	1.41760E-5	1.41762E-1
-1.76294E+0	-1.69261E+0	2.99599E+2	2.99414E+2	9.99985E-5	1.40790E-5	1.40792E-1
-1.77634E+0	-1.70502E+0	2.99598E+2	2.99415E+2	9.99985E-5	1.43568E-5	1.43570E-1
-1.78865E+0	-1.71734E+0	2.99597E+2	2.99414E+2	9.99984E-5	1.44131E-5	1.44133E-1
-1.80169E+0	-1.72978E+0	2.99595E+2	2.99413E+2	9.99984E-5	1.43976E-5	1.43979E-1
-1.81422E+0	-1.74220E+0	2.99592E+2	2.99413E+2	9.99986E-5	1.45530E-5	1.45532E-1
-1.82738E+0	-1.75460E+0	2.99591E+2	2.99412E+2	9.99986E-5	1.44543E-5	1.44545E-1
-1.84016E+0	-1.76710E+0	2.99589E+2	2.99410E+2	9.99985E-5	1.46833E-5	1.46835E-1
-1.85184E+0	-1.77955E+0	2.99588E+2	2.99410E+2	9.99985E-5	1.46936E-5	1.46939E-1
-1.86553E+0	-1.79201E+0	2.99586E+2	2.99410E+2	9.99984E-5	1.47218E-5	1.47220E-1
-1.87786E+0	-1.80453E+0	2.99581E+2	2.99409E+2	9.99983E-5	1.47229E-5	1.47231E-1
-1.89048E+0	-1.81694E+0	2.99579E+2	2.99409E+2	9.99983E-5	1.44501E-5	1.44503E-1
-1.90315E+0	-1.82935E+0	2.99578E+2	2.99408E+2	9.99984E-5	1.45076E-5	1.45078E-1
-1.91477E+0	-1.84176E+0	2.99577E+2	2.99407E+2	9.99984E-5	1.46993E-5	1.46995E-1
-1.92774E+0	-1.85422E+0	2.99575E+2	2.99407E+2	9.99984E-5	1.47238E-5	1.47240E-1
-1.94063E+0	-1.86678E+0	2.99571E+2	2.99406E+2	9.99984E-5	1.46219E-5	1.46221E-1
-1.95368E+0	-1.87917E+0	2.99569E+2	2.99406E+2	9.99984E-5	1.45653E-5	1.45656E-1
-1.96655E+0	-1.89166E+0	2.99569E+2	2.99406E+2	9.99985E-5	1.46374E-5	1.46376E-1
-1.97932E+0	-1.90420E+0	2.99566E+2	2.99405E+2	9.99985E-5	1.43992E-5	1.43994E-1
-1.99231E+0	-1.91662E+0	2.99563E+2	2.99404E+2	9.99985E-5	1.42506E-5	1.42508E-1
-2.00024E+0	-1.92842E+0	2.99562E+2	2.99404E+2	9.99985E-5	1.43570E-5	1.43572E-1
-2.00146E+0	-1.93750E+0	2.99561E+2	2.99404E+2	9.99984E-5	1.47100E-5	1.47103E-1
-2.00133E+0	-1.94353E+0	2.99559E+2	2.99402E+2	9.99985E-5	1.48644E-5	1.48646E-1
-2.00181E+0	-1.94731E+0	2.99560E+2	2.99401E+2	9.99985E-5	1.46116E-5	1.46118E-1
-2.00200E+0	-1.94942E+0	2.99559E+2	2.99400E+2	9.99986E-5	1.44978E-5	1.44980E-1
-2.00200E+0	-1.95037E+0	2.99556E+2	2.99398E+2	9.99985E-5	1.42941E-5	1.42943E-1
-1.99379E+0	-1.95072E+0	2.99550E+2	2.99397E+2	9.99984E-5	1.44407E-5	1.44409E-1
-1.98195E+0	-1.95049E+0	2.99548E+2	2.99397E+2	9.99985E-5	1.45508E-5	1.45510E-1
-1.96950E+0	-1.94923E+0	2.99548E+2	2.99396E+2	9.99985E-5	1.42939E-5	1.42942E-1
-1.95636E+0	-1.94498E+0	2.99547E+2	2.99396E+2	9.99985E-5	1.46357E-5	1.46360E-1
-1.94375E+0	-1.93547E+0	2.99547E+2	2.99395E+2	9.99985E-5	1.47922E-5	1.47924E-1
-1.93195E+0	-1.92272E+0	2.99545E+2	2.99396E+2	9.99986E-5	1.46152E-5	1.46154E-1
-1.91890E+0	-1.90956E+0	2.99544E+2	2.99394E+2	9.99985E-5	1.45352E-5	1.45355E-1
-1.90619E+0	-1.89673E+0	2.99543E+2	2.99393E+2	9.99986E-5	1.44019E-5	1.44021E-1
-1.89340E+0	-1.88409E+0	2.99542E+2	2.99392E+2	9.99986E-5	1.44569E-5	1.44571E-1
-1.88099E+0	-1.87156E+0	2.99544E+2	2.99391E+2	9.99985E-5	1.43618E-5	1.43621E-1
-1.86927E+0	-1.85910E+0	2.99545E+2	2.99390E+2	9.99985E-5	1.45463E-5	1.45465E-1
-1.85613E+0	-1.84671E+0	2.99546E+2	2.99389E+2	9.99985E-5	1.46483E-5	1.46485E-1
-1.84356E+0	-1.83442E+0	2.99548E+2	2.99389E+2	9.99986E-5	1.45211E-5	1.45213E-1
-1.83049E+0	-1.82203E+0	2.99549E+2	2.99390E+2	9.99985E-5	1.45169E-5	1.45172E-1
-1.81766E+0	-1.80962E+0	2.99549E+2	2.99390E+2	9.99984E-5	1.44907E-5	1.44910E-1
-1.80542E+0	-1.79725E+0	2.99552E+2	2.99388E+2	9.99984E-5	1.46155E-5	1.46157E-1
-1.79294E+0	-1.78492E+0	2.99558E+2	2.99386E+2	9.99984E-5	1.44441E-5	1.44443E-1
-1.78020E+0	-1.77248E+0	2.99565E+2	2.99388E+2	9.99985E-5	1.42935E-5	1.42937E-1
-1.76717E+0	-1.76007E+0	2.99572E+2	2.99389E+2	9.99985E-5	1.42898E-5	1.42901E-1
-1.75471E+0	-1.74768E+0	2.99577E+2	2.99390E+2	9.99985E-5	1.44217E-5	1.44219E-1
-1.74151E+0	-1.73516E+0	2.99584E+2	2.99391E+2	9.99985E-5	1.46033E-5	1.46035E-1
-1.72878E+0	-1.72279E+0	2.99590E+2	2.99394E+2	9.99985E-5	1.46357E-5	1.46359E-1
-1.71713E+0	-1.71052E+0	2.99595E+2	2.99395E+2	9.99984E-5	1.45634E-5	1.45636E-1
-1.70382E+0	-1.69803E+0	2.99606E+2	2.99396E+2	9.99985E-5	1.45202E-5	1.45204E-1
-1.69134E+0	-1.68555E+0	2.99615E+2	2.99397E+2	9.99985E-5	1.43843E-5	1.43846E-1
-1.67853E+0	-1.67315E+0	2.99621E+2	2.99400E+2	9.99984E-5	1.44338E-5	1.44341E-1
-1.66539E+0	-1.66078E+0	2.99630E+2	2.99400E+2	9.99985E-5	1.45164E-5	1.45167E-1
-1.65323E+0	-1.64851E+0	2.99640E+2	2.99401E+2	9.99986E-5	1.43798E-5	1.43800E-1
-1.64080E+0	-1.63610E+0	2.99648E+2	2.99405E+2	9.99986E-5	1.43322E-5	1.43324E-1
-1.62830E+0	-1.62367E+0	2.99657E+2	2.99410E+2	9.99985E-5	1.45387E-5	1.45389E-1
-1.61542E+0	-1.61127E+0	2.99666E+2	2.99411E+2	9.99985E-5	1.43760E-5	1.43762E-1
-1.60280E+0	-1.59879E+0	2.99677E+2	2.99414E+2	9.99985E-5	1.42053E-5	1.42055E-1
-1.58945E+0	-1.58641E+0	2.99687E+2	2.99418E+2	9.99985E-5	1.45653E-5	1.45655E-1
-1.57679E+0	-1.57402E+0	2.99694E+2	2.99422E+2	9.99984E-5	1.43604E-5	1.43606E-1
-1.56478E+0	-1.56154E+0	2.99703E+2	2.99425E+2	9.99984E-5	1.43243E-5	1.43245E-1
-1.55200E+0	-1.54918E+0	2.99712E+2	2.99429E+2	9.99984E-5	1.43236E-5	1.43238E-1
-1.53932E+0	-1.53677E+0	2.99721E+2	2.99432E+2	9.99985E-5	1.42704E-5	1.42706E-1
-1.52639E+0	-1.52435E+0	2.99730E+2	2.99436E+2	9.99985E-5	1.45161E-5	1.45163E-1
-1.51364E+0	-1.51202E+0	2.99736E+2	2.99441E+2	9.99985E-5	1.45276E-5	1.45278E-1
-1.50160E+0	-1.49965E+0	2.99743E+2	2.99446E+2	9.99985E-5	1.44843E-5	1.44845E-1
-1.48916E+0	-1.48726E+0	2.99750E+2	2.99450E+2	9.99985E-5	1.45272E-5	1.45274E-1
-1.47649E+0	-1.47485E+0	2.99755E+2	2.99454E+2	9.99985E-5	1.44310E-5	1.44312E-1
-1.46338E+0	-1.46235E+0	2.99760E+2	2.99456E+2	9.99985E-5	1.43451E-5	1.43453E-1
-1.45051E+0	-1.45003E+0	2.99763E+2	2.99460E+2	9.99986E-5	1.42913E-5	1.42915E-1
-1.43788E+0	-1.43766E+0	2.99766E+2	2.99464E+2	9.99984E-5	1.44734E-5	1.44737E-1
-1.42491E+0	-1.42525E+0	2.99768E+2	2.99468E+2	9.99984E-5	1.46926E-5	1.46928E-1
-1.41316E+0	-1.41288E+0	2.99770E+2	2.99471E+2	9.99984E-5	1.45347E-5	1.45349E-1
-1.40040E+0	-1.40053E+0	2.99772E+2	2.99474E+2	9.99985E-5	1.44679E-5	1.44681E-1
-1.38757E+0	-1.38824E+0	2.99773E+2	2.99479E+2	9.99985E-5	1.42950E-5	1.42952E-1
-1.37447E+0	-1.37586E+0	2.99772E+2	2.99483E+2	9.99984E-5	1.42601E-5	1.42603E-1
-1.36184E+0	-1.36339E+0	2.99771E+2	2.99484E+2	9.99984E-5	1.45819E-5	1.45822E-1
-1.35003E+0	-1.35095E+0	2.99768E+2	2.99487E+2	9.99985E-5	1.46374E-5	1.46376E-1
-1.33702E+0	-1.33862E+0	2.99761E+2	2.99492E+2	9.99984E-5	1.43947E-5	1.43949E-1
-1.32400E+0	-1.32627E+0	2.99758E+2	2.99494E+2	9.99984E-5	1.43394E-5	1.43396E-1
-1.31093E+0	-1.31393E+0	2.99756E+2	2.99495E+2	9.99984E-5	1.42834E-5	1.42836E-1
-1.29862E+0	-1.30149E+0	2.99749E+2	2.99497E+2	9.99984E-5	1.43504E-5	1.43506E-1
-1.28678E+0	-1.28908E+0	2.99741E+2	2.99496E+2	9.99984E-5	1.44044E-5	1.44046E-1
-1.27381E+0	-1.27679E+0	2.99733E+2	2.99496E+2	9.99984E-5	1.44559E-5	1.44562E-1
-1.26088E+0	-1.26437E+0	2.99724E+2	2.99498E+2	9.99983E-5	1.45308E-5	1.45310E-1
-1.24791E+0	-1.25201E+0	2.99715E+2	2.99499E+2	9.99984E-5	1.44257E-5	1.44259E-1
-1.23549E+0	-1.23971E+0	2.99705E+2	2.99499E+2	9.99984E-5	1.43304E-5	1.43306E-1
-1.22252E+0	-1.22727E+0	2.99694E+2	2.99498E+2	9.99985E-5	1.42858E-5	1.42860E-1
-1.20955E+0	-1.21489E+0	2.99682E+2	2.99497E+2	9.99985E-5	1.42920E-5	1.42922E-1
-1.19759E+0	-1.20257E+0	2.99669E+2	2.99495E+2	9.99985E-5	1.43739E-5	1.43741E-1
-1.18489E+0	-1.19021E+0	2.99656E+2	2.99491E+2	9.99984E-5	1.43075E-5	1.43078E-1
-1.17184E+0	-1.17781E+0	2.99644E+2	2.99489E+2	9.99985E-5	1.43932E-5	1.43934E-1
-1.15867E+0	-1.16531E+0	2.99632E+2	2.99489E+2	9.99986E-5	1.44198E-5	1.44200E-1
-1.14626E+0	-1.15278E+0	2.99618E+2	2.99487E+2	9.99985E-5	1.45677E-5	1.45679E-1
-1.13435E+0	-1.14039E+0	2.99604E+2	2.99482E+2	9.99984E-5	1.46926E-5	1.46928E-1
-1.12166E+0	-1.12811E+0	2.99590E+2	2.99479E+2	9.99985E-5	1.45599E-5	1.45601E-1
-1.10891E+0	-1.11580E+0	2.99575E+2	2.99474E+2	9.99984E-5	1.43287E-5	1.43289E-1
-1.09582E+0	-1.10345E+0	2.99559E+2	2.99470E+2	9.99984E-5	1.43675E-5	1.43678E-1
-1.08341E+0	-1.09107E+0	2.99545E+2	2.99465E+2	9.99986E-5	1.44123E-5	1.44125E-1
-1.07150E+0	-1.07858E+0	2.99529E+2	2.99460E+2	9.99986E-5	1.44066E-5	1.44068E-1
-1.05842E+0	-1.06605E+0	2.99515E+2	2.99456E+2	9.99985E-5	1.43484E-5	1.43487E-1
-1.04584E+0	-1.05345E+0	2.99500E+2	2.99451E+2	9.99984E-5	1.44051E-5	1.44053E-1
-1.03300E+0	-1.04090E+0	2.99484E+2	2.99444E+2	9.99984E-5	1.42846E-5	1.42848E-1
-1.02024E+0	-1.02831E+0	2.99470E+2	2.99437E+2	9.99985E-5	1.41713E-5	1.41716E-1
-1.00683E+0	-1.01559E+0	2.99455E+2	2.99433E+2	9.99986E-5	1.42645E-5	1.42647E-1
-9.94784E-1	-1.00302E+0	2.99441E+2	2.99426E+2	9.99986E-5	1.42803E-5	1.42805E-1
-9.82797E-1	-9.90392E-1	2.99427E+2	2.99421E+2	9.99985E-5	1.42916E-5	1.42918E-1
-9.70033E-1	-9.77556E-1	2.99413E+2	2.99416E+2	9.99985E-5	1.43031E-5	1.43033E-1
-9.57389E-1	-9.64587E-1	2.99398E+2	2.99408E+2	9.99985E-5	1.43721E-5	1.43723E-1
-9.44135E-1	-9.51692E-1	2.99385E+2	2.99401E+2	9.99985E-5	1.44596E-5	1.44598E-1
-9.31186E-1	-9.38890E-1	2.99372E+2	2.99394E+2	9.99985E-5	1.43885E-5	1.43887E-1
-9.19315E-1	-9.26062E-1	2.99357E+2	2.99388E+2	9.99984E-5	1.43083E-5	1.43085E-1
-9.06640E-1	-9.13199E-1	2.99343E+2	2.99381E+2	9.99985E-5	1.44013E-5	1.44015E-1
-8.93906E-1	-9.00553E-1	2.99330E+2	2.99373E+2	9.99985E-5	1.44235E-5	1.44238E-1
-8.80869E-1	-8.87913E-1	2.99318E+2	2.99366E+2	9.99985E-5	1.43147E-5	1.43149E-1
-8.68127E-1	-8.75291E-1	2.99305E+2	2.99359E+2	9.99985E-5	1.43675E-5	1.43677E-1
-8.55092E-1	-8.62822E-1	2.99293E+2	2.99352E+2	9.99985E-5	1.43971E-5	1.43973E-1
-8.42579E-1	-8.50269E-1	2.99281E+2	2.99343E+2	9.99984E-5	1.43628E-5	1.43630E-1
-8.30595E-1	-8.37726E-1	2.99267E+2	2.99336E+2	9.99984E-5	1.43381E-5	1.43384E-1
-8.18015E-1	-8.25369E-1	2.99256E+2	2.99328E+2	9.99984E-5	1.43216E-5	1.43219E-1
-8.05244E-1	-8.13078E-1	2.99244E+2	2.99321E+2	9.99984E-5	1.43789E-5	1.43791E-1
-7.91990E-1	-8.00609E-1	2.99231E+2	2.99314E+2	9.99983E-5	1.43270E-5	1.43273E-1
-7.79153E-1	-7.88178E-1	2.99220E+2	2.99306E+2	9.99984E-5	1.44028E-5	1.44031E-1
-7.66810E-1	-7.75925E-1	2.99211E+2	2.99298E+2	9.99986E-5	1.44078E-5	1.44080E-1
-7.54100E-1	-7.63555E-1	2.99199E+2	2.99290E+2	9.99984E-5	1.42993E-5	1.42995E-1
-7.41811E-1	-7.51218E-1	2.99189E+2	2.99283E+2	9.99984E-5	1.42812E-5	1.42815E-1
-7.28286E-1	-7.39029E-1	2.99181E+2	2.99276E+2	9.99985E-5	1.44060E-5	1.44062E-1
-7.15787E-1	-7.26765E-1	2.99174E+2	2.99267E+2	9.99985E-5	1.43634E-5	1.43636E-1
-7.03165E-1	-7.14379E-1	2.99166E+2	2.99262E+2	9.99984E-5	1.43012E-5	1.43015E-1
-6.90737E-1	-7.02070E-1	2.99158E+2	2.99255E+2	9.99984E-5	1.43284E-5	1.43286E-1
-6.78566E-1	-6.89826E-1	2.99150E+2	2.99247E+2	9.99985E-5	1.42912E-5	1.42914E-1
-6.65690E-1	-6.77648E-1	2.99143E+2	2.99242E+2	9.99985E-5	1.42522E-5	1.42524E-1
-6.53405E-1	-6.65536E-1	2.99136E+2	2.99235E+2	9.99985E-5	1.42722E-5	1.42724E-1
-6.40548E-1	-6.53193E-1	2.99129E+2	2.99227E+2	9.99985E-5	1.41993E-5	1.41995E-1
-6.28104E-1	-6.40856E-1	2.99124E+2	2.99220E+2	9.99984E-5	1.42463E-5	1.42465E-1
-6.15796E-1	-6.28709E-1	2.99121E+2	2.99213E+2	9.99984E-5	1.44113E-5	1.44116E-1
-6.02699E-1	-6.16516E-1	2.99117E+2	2.99207E+2	9.99984E-5	1.43496E-5	1.43498E-1
-5.89866E-1	-6.04353E-1	2.99114E+2	2.99201E+2	9.99984E-5	1.42716E-5	1.42718E-1
-5.76988E-1	-5.92098E-1	2.99110E+2	2.99197E+2	9.99984E-5	1.42678E-5	1.42680E-1
-5.64510E-1	-5.79816E-1	2.99110E+2	2.99191E+2	9.99983E-5	1.42716E-5	1.42718E-1
-5.51671E-1	-5.67598E-1	2.99111E+2	2.99184E+2	9.99984E-5	1.42151E-5	1.42153E-1
-5.38908E-1	-5.55334E-1	2.99108E+2	2.99180E+2	9.99984E-5	1.43056E-5	1.43058E-1
-5.26501E-1	-5.43070E-1	2.99109E+2	2.99175E+2	9.99985E-5	1.43205E-5	1.43207E-1
-5.13658E-1	-5.30775E-1	2.99113E+2	2.99171E+2	9.99985E-5	1.43370E-5	1.43372E-1
-5.00830E-1	-5.18565E-1	2.99114E+2	2.99167E+2	9.99984E-5	1.43890E-5	1.43892E-1
-4.87951E-1	-5.06398E-1	2.99117E+2	2.99162E+2	9.99985E-5	1.43534E-5	1.43536E-1
-4.75534E-1	-4.94086E-1	2.99121E+2	2.99159E+2	9.99986E-5	1.43233E-5	1.43235E-1
-4.63357E-1	-4.81708E-1	2.99125E+2	2.99156E+2	9.99985E-5	1.42829E-5	1.42831E-1
-4.50394E-1	-4.69456E-1	2.99132E+2	2.99152E+2	9.99985E-5	1.42732E-5	1.42735E-1
-4.37751E-1	-4.57210E-1	2.99137E+2	2.99149E+2	9.99984E-5	1.44032E-5	1.44035E-1
-4.25034E-1	-4.44851E-1	2.99140E+2	2.99146E+2	9.99984E-5	1.44355E-5	1.44358E-1
-4.12736E-1	-4.32611E-1	2.99145E+2	2.99143E+2	9.99985E-5	1.42926E-5	1.42928E-1
-4.00854E-1	-4.20249E-1	2.99152E+2	2.99142E+2	9.99984E-5	1.42972E-5	1.42974E-1
-3.88155E-1	-4.07896E-1	2.99160E+2	2.99142E+2	9.99984E-5	1.43600E-5	1.43602E-1
-3.74906E-1	-3.95582E-1	2.99168E+2	2.99141E+2	9.99985E-5	1.44744E-5	1.44746E-1
-3.61879E-1	-3.83170E-1	2.99176E+2	2.99140E+2	9.99985E-5	1.44214E-5	1.44216E-1
-3.48980E-1	-3.70472E-1	2.99183E+2	2.99137E+2	9.99985E-5	1.42752E-5	1.42754E-1
-3.36178E-1	-3.57729E-1	2.99190E+2	2.99136E+2	9.99984E-5	1.42863E-5	1.42865E-1
-3.23558E-1	-3.45319E-1	2.99199E+2	2.99136E+2	9.99985E-5	1.43096E-5	1.43098E-1
-3.11054E-1	-3.32856E-1	2.99208E+2	2.99137E+2	9.99985E-5	1.43241E-5	1.43243E-1
-2.98747E-1	-3.20394E-1	2.99217E+2	2.99137E+2	9.99985E-5	1.43538E-5	1.43541E-1
-2.86010E-1	-3.07909E-1	2.99224E+2	2.99137E+2	9.99986E-5	1.42870E-5	1.42872E-1
-2.73290E-1	-2.95402E-1	2.99231E+2	2.99137E+2	9.99986E-5	1.42155E-5	1.42157E-1
-2.60618E-1	-2.83044E-1	2.99243E+2	2.99139E+2	9.99985E-5	1.42616E-5	1.42618E-1
-2.48347E-1	-2.70494E-1	2.99254E+2	2.99140E+2	9.99986E-5	1.42178E-5	1.42181E-1
-2.35745E-1	-2.57845E-1	2.99261E+2	2.99141E+2	9.99985E-5	1.41407E-5	1.41409E-1
-2.22539E-1	-2.45347E-1	2.99270E+2	2.99142E+2	9.99985E-5	1.41549E-5	1.41552E-1
-2.09619E-1	-2.32777E-1	2.99280E+2	2.99143E+2	9.99986E-5	1.42135E-5	1.42137E-1
-1.97383E-1	-2.20079E-1	2.99289E+2	2.99145E+2	9.99986E-5	1.43203E-5	1.43205E-1
-1.85015E-1	-2.07454E-1	2.99298E+2	2.99146E+2	9.99985E-5	1.43776E-5	1.43778E-1
-1.72327E-1	-1.94783E-1	2.99307E+2	2.99148E+2	9.99985E-5	1.43520E-5	1.43522E-1
-1.59809E-1	-1.82171E-1	2.99317E+2	2.99151E+2	9.99985E-5	1.42922E-5	1.42924E-1
-1.46990E-1	-1.69587E-1	2.99325E+2	2.99153E+2	9.99985E-5	1.42118E-5	1.42120E-1
-1.34158E-1	-1.56906E-1	2.99333E+2	2.99156E+2	9.99985E-5	1.42238E-5	1.42240E-1
-1.21260E-1	-1.44220E-1	2.99340E+2	2.99159E+2	9.99986E-5	1.42669E-5	1.42671E-1
-1.08459E-1	-1.31492E-1	2.99350E+2	2.99160E+2	9.99986E-5	1.42547E-5	1.42549E-1
-9.60007E-2	-1.18840E-1	2.99359E+2	2.99162E+2	9.99986E-5	1.42646E-5	1.42648E-1
-8.33726E-2	-1.06071E-1	2.99366E+2	2.99166E+2	9.99985E-5	1.42361E-5	1.42363E-1
-7.09119E-2	-9.33481E-2	2.99374E+2	2.99168E+2	9.99985E-5	1.42856E-5	1.42858E-1
-5.86542E-2	-8.07592E-2	2.99382E+2	2.99170E+2	9.99984E-5	1.43505E-5	1.43508E-1
-4.61423E-2	-6.80297E-2	2.99390E+2	2.99172E+2	9.99984E-5	1.42772E-5	1.42774E-1
-3.29110E-2	-5.52737E-2	2.99397E+2	2.99176E+2	9.99986E-5	1.42635E-5	1.42637E-1
-1.99137E-2	-4.26645E-2	2.99403E+2	2.99180E+2	9.99986E-5	1.42894E-5	1.42896E-1
-7.72876E-3	-3.02875E-2	2.99409E+2	2.99183E+2	9.99985E-5	1.42479E-5	1.42481E-1
-1.50148E-3	-1.90512E-2	2.99418E+2	2.99185E+2	9.99984E-5	1.42616E-5	1.42618E-1
-6.30548E-4	-1.04527E-2	2.99428E+2	2.99189E+2	9.99984E-5	1.43234E-5	1.43236E-1
-4.70000E-4	-4.83328E-3	2.99434E+2	2.99192E+2	9.99985E-5	1.42800E-5	1.42802E-1
-1.00865E-3	-1.71827E-3	2.99442E+2	2.99196E+2	9.99985E-5	1.41978E-5	1.41980E-1
-9.19958E-4	-2.00392E-4	2.99449E+2	2.99199E+2	9.99986E-5	1.42121E-5	1.42123E-1
3.22006E-4	6.21245E-4	2.99454E+2	2.99202E+2	9.99986E-5	1.42480E-5	1.42482E-1
8.47797E-3	1.69702E-3	2.99459E+2	2.99205E+2	9.99986E-5	1.42592E-5	1.42594E-1
2.17509E-2	5.14731E-3	2.99466E+2	2.99209E+2	9.99986E-5	1.42506E-5	1.42508E-1
3.43973E-2	1.26454E-2	2.99472E+2	2.99211E+2	9.99986E-5	1.42567E-5	1.42569E-1
4.66291E-2	2.34911E-2	2.99478E+2	2.99214E+2	9.99986E-5	1.42511E-5	1.42513E-1
5.93799E-2	3.53699E-2	2.99485E+2	2.99217E+2	9.99986E-5	1.42183E-5	1.42185E-1
7.22109E-2	4.71504E-2	2.99491E+2	2.99220E+2	9.99985E-5	1.41709E-5	1.41711E-1
8.45205E-2	5.92043E-2	2.99498E+2	2.99224E+2	9.99985E-5	1.41652E-5	1.41654E-1
9.69432E-2	7.19146E-2	2.99506E+2	2.99227E+2	9.99985E-5	1.41824E-5	1.41826E-1
1.09635E-1	8.46285E-2	2.99512E+2	2.99230E+2	9.99985E-5	1.42233E-5	1.42235E-1
1.22440E-1	9.73268E-2	2.99519E+2	2.99235E+2	9.99985E-5	1.42656E-5	1.42658E-1
1.35114E-1	1.09967E-1	2.99525E+2	2.99240E+2	9.99984E-5	1.42188E-5	1.42190E-1
1.47852E-1	1.21961E-1	2.99529E+2	2.99244E+2	9.99984E-5	1.41782E-5	1.41784E-1
1.60803E-1	1.34132E-1	2.99535E+2	2.99245E+2	9.99985E-5	1.42146E-5	1.42148E-1
1.73237E-1	1.46631E-1	2.99541E+2	2.99248E+2	9.99985E-5	1.41851E-5	1.41853E-1
1.85796E-1	1.58706E-1	2.99545E+2	2.99253E+2	9.99985E-5	1.41396E-5	1.41398E-1
1.98725E-1	1.70593E-1	2.99547E+2	2.99258E+2	9.99984E-5	1.41257E-5	1.41260E-1
2.11453E-1	1.82491E-1	2.99551E+2	2.99262E+2	9.99984E-5	1.41236E-5	1.41238E-1
2.23896E-1	1.94177E-1	2.99557E+2	2.99266E+2	9.99986E-5	1.41885E-5	1.41887E-1
2.36859E-1	2.05868E-1	2.99560E+2	2.99269E+2	9.99986E-5	1.42474E-5	1.42476E-1
2.49759E-1	2.17880E-1	2.99560E+2	2.99271E+2	9.99986E-5	1.42473E-5	1.42475E-1
2.62011E-1	2.30076E-1	2.99561E+2	2.99275E+2	9.99986E-5	1.42521E-5	1.42522E-1
2.74255E-1	2.42379E-1	2.99565E+2	2.99279E+2	9.99986E-5	1.42915E-5	1.42917E-1
2.87061E-1	2.54798E-1	2.99566E+2	2.99282E+2	9.99985E-5	1.42044E-5	1.42046E-1
2.99510E-1	2.67227E-1	2.99566E+2	2.99284E+2	9.99985E-5	1.41588E-5	1.41591E-1
3.12807E-1	2.79729E-1	2.99567E+2	2.99285E+2	9.99985E-5	1.42010E-5	1.42012E-1
3.25598E-1	2.92187E-1	2.99568E+2	2.99288E+2	9.99986E-5	1.41286E-5	1.41288E-1
3.37764E-1	3.04556E-1	2.99567E+2	2.99291E+2	9.99985E-5	1.41828E-5	1.41830E-1
3.50469E-1	3.16923E-1	2.99566E+2	2.99292E+2	9.99985E-5	1.42794E-5	1.42797E-1
3.63141E-1	3.29230E-1	2.99566E+2	2.99295E+2	9.99985E-5	1.41876E-5	1.41878E-1
3.75884E-1	3.41397E-1	2.99564E+2	2.99296E+2	9.99986E-5	1.41542E-5	1.41544E-1
3.88559E-1	3.53612E-1	2.99563E+2	2.99298E+2	9.99986E-5	1.41982E-5	1.41984E-1
4.01524E-1	3.65917E-1	2.99561E+2	2.99299E+2	9.99985E-5	1.41150E-5	1.41152E-1
4.13984E-1	3.78098E-1	2.99557E+2	2.99300E+2	9.99985E-5	1.40740E-5	1.40742E-1
4.26108E-1	3.90260E-1	2.99556E+2	2.99301E+2	9.99985E-5	1.40670E-5	1.40672E-1
4.38780E-1	3.99908E-1	2.99555E+2	2.99303E+2	9.99985E-5	1.40981E-5	1.40983E-1
4.52079E-1	4.11131E-1	2.99553E+2	2.99304E+2	9.99985E-5	1.41795E-5	1.41797E-1
4.64844E-1	4.25431E-1	2.99551E+2	2.99306E+2	9.99984E-5	1.41543E-5	1.41545E-1
4.76579E-1	4.39037E-1	2.99549E+2	2.99307E+2	9.99985E-5	1.41867E-5	1.41869E-1
4.89682E-1	4.51813E-1	2.99549E+2	2.99307E+2	9.99985E-5	1.41883E-5	1.41885E-1
5.02332E-1	4.64161E-1	2.99546E+2	2.99307E+2	9.99984E-5	1.41592E-5	1.41595E-1
5.15355E-1	4.76282E-1	2.99544E+2	2.99306E+2	9.99985E-5	1.41569E-5	1.41571E-1
5.27951E-1	4.88450E-1	2.99543E+2	2.99309E+2	9.99985E-5	1.41377E-5	1.41380E-1
5.40591E-1	5.00486E-1	2.99542E+2	2.99311E+2	9.99984E-5	1.41656E-5	1.41659E-1
5.53576E-1	5.12463E-1	2.99540E+2	2.99312E+2	9.99985E-5	1.40660E-5	1.40662E-1
5.65794E-1	5.24537E-1	2.99540E+2	2.99311E+2	9.99985E-5	1.40525E-5	1.40527E-1
5.78142E-1	5.36502E-1	2.99539E+2	2.99311E+2	9.99984E-5	1.41316E-5	1.41318E-1
5.91125E-1	5.48448E-1	2.99539E+2	2.99312E+2	9.99984E-5	1.40867E-5	1.40869E-1
6.03994E-1	5.60504E-1	2.99538E+2	2.99311E+2	9.99985E-5	1.39709E-5	1.39711E-1
6.16258E-1	5.72531E-1	2.99537E+2	2.99311E+2	9.99985E-5	1.39921E-5	1.39923E-1
6.28011E-1	5.84517E-1	2.99538E+2	2.99313E+2	9.99985E-5	1.40969E-5	1.40971E-1
6.41057E-1	5.96601E-1	2.99537E+2	2.99315E+2	9.99985E-5	1.40567E-5	1.40569E-1
6.54336E-1	6.08747E-1	2.99538E+2	2.99314E+2	9.99985E-5	1.39368E-5	1.39370E-1
6.67080E-1	6.20923E-1	2.99540E+2	2.99314E+2	9.99985E-5	1.40398E-5	1.40400E-1
6.79824E-1	6.33024E-1	2.99540E+2	2.99316E+2	9.99985E-5	1.40563E-5	1.40566E-1
6.92065E-1	6.45159E-1	2.99541E+2	2.99317E+2	9.99985E-5	1.40221E-5	1.40223E-1
7.04726E-1	6.57426E-1	2.99543E+2	2.99317E+2	9.99984E-5	1.40546E-5	1.40548E-1
7.17479E-1	6.69567E-1	2.99544E+2	2.99316E+2	9.99984E-5	1.41617E-5	1.41620E-1
7.29939E-1	6.81635E-1	2.99545E+2	2.99316E+2	9.99985E-5	1.42692E-5	1.42694E-1
7.42662E-1	6.93792E-1	2.99547E+2	2.99318E+2	9.99985E-5	1.41631E-5	1.41633E-1
7.55203E-1	7.06103E-1	2.99545E+2	2.99321E+2	9.99985E-5	1.41093E-5	1.41095E-1
7.68547E-1	7.18351E-1	2.99546E+2	2.99322E+2	9.99986E-5	1.41986E-5	1.41988E-1
7.80972E-1	7.30609E-1	2.99549E+2	2.99322E+2	9.99986E-5	1.40308E-5	1.40310E-1
7.93957E-1	7.42880E-1	2.99550E+2	2.99324E+2	9.99985E-5	1.38953E-5	1.38955E-1
8.06247E-1	7.55072E-1	2.99553E+2	2.99324E+2	9.99984E-5	1.40817E-5	1.40819E-1
8.19425E-1	7.67342E-1	2.99554E+2	2.99325E+2	9.99984E-5	1.40754E-5	1.40757E-1
8.32341E-1	7.79620E-1	2.99554E+2	2.99326E+2	9.99985E-5	1.41197E-5	1.41199E-1
8.43929E-1	7.92037E-1	2.99555E+2	2.99327E+2	9.99985E-5	1.41147E-5	1.41149E-1
8.56789E-1	8.04488E-1	2.99558E+2	2.99326E+2	9.99985E-5	1.40703E-5	1.40705E-1
8.69838E-1	8.16869E-1	2.99561E+2	2.99328E+2	9.99985E-5	1.40598E-5	1.40600E-1
8.82594E-1	8.29160E-1	2.99563E+2	2.99330E+2	9.99985E-5	1.39654E-5	1.39656E-1
8.95316E-1	8.41628E-1	2.99564E+2	2.99332E+2	9.99985E-5	1.39994E-5	1.39996E-1
9.07968E-1	8.54138E-1	2.99566E+2	2.99332E+2	9.99984E-5	1.39587E-5	1.39589E-1
9.20516E-1	8.66584E-1	2.99568E+2	2.99334E+2	9.99984E-5	1.40057E-5	1.40059E-1
9.32729E-1	8.79123E-1	2.99569E+2	2.99335E+2	9.99984E-5	1.40698E-5	1.40701E-1
9.45470E-1	8.91693E-1	2.99571E+2	2.99335E+2	9.99984E-5	1.39898E-5	1.39900E-1
9.58294E-1	9.04357E-1	2.99572E+2	2.99337E+2	9.99985E-5	1.40502E-5	1.40504E-1
9.71610E-1	9.17026E-1	2.99574E+2	2.99340E+2	9.99985E-5	1.39550E-5	1.39552E-1
9.84168E-1	9.29746E-1	2.99575E+2	2.99341E+2	9.99985E-5	1.39901E-5	1.39903E-1
9.95932E-1	9.42413E-1	2.99576E+2	2.99341E+2	9.99985E-5	1.41628E-5	1.41630E-1
1.00899E+0	9.55251E-1	2.99579E+2	2.99343E+2	9.99985E-5	1.42790E-5	1.42792E-1
1.02148E+0	9.68069E-1	2.99581E+2	2.99345E+2	9.99985E-5	1.42629E-5	1.42631E-1
1.03400E+0	9.80907E-1	2.99582E+2	2.99346E+2	9.99985E-5	1.41540E-5	1.41542E-1
1.04703E+0	9.93810E-1	2.99583E+2	2.99345E+2	9.99985E-5	1.40659E-5	1.40662E-1
1.05908E+0	1.00651E+0	2.99585E+2	2.99347E+2	9.99985E-5	1.40436E-5	1.40438E-1
1.07181E+0	1.01919E+0	2.99587E+2	2.99349E+2	9.99985E-5	1.40856E-5	1.40858E-1
1.08499E+0	1.03167E+0	2.99588E+2	2.99350E+2	9.99985E-5	1.40828E-5	1.40830E-1
1.09783E+0	1.04386E+0	2.99590E+2	2.99352E+2	9.99985E-5	1.42112E-5	1.42114E-1
1.11056E+0	1.05610E+0	2.99592E+2	2.99353E+2	9.99984E-5	1.41430E-5	1.41432E-1
1.12336E+0	1.06836E+0	2.99593E+2	2.99353E+2	9.99985E-5	1.40075E-5	1.40077E-1
1.13579E+0	1.08058E+0	2.99594E+2	2.99354E+2	9.99985E-5	1.41335E-5	1.41337E-1
1.14785E+0	1.09295E+0	2.99593E+2	2.99357E+2	9.99985E-5	1.41315E-5	1.41317E-1
1.16069E+0	1.10531E+0	2.99595E+2	2.99359E+2	9.99985E-5	1.41453E-5	1.41455E-1
1.17359E+0	1.11750E+0	2.99599E+2	2.99360E+2	9.99984E-5	1.41382E-5	1.41384E-1
1.18670E+0	1.12972E+0	2.99599E+2	2.99361E+2	9.99984E-5	1.40142E-5	1.40145E-1
1.19933E+0	1.14205E+0	2.99599E+2	2.99362E+2	9.99985E-5	1.40582E-5	1.40584E-1
1.21102E+0	1.15441E+0	2.99597E+2	2.99362E+2	9.99984E-5	1.39094E-5	1.39096E-1
1.22394E+0	1.16668E+0	2.99600E+2	2.99363E+2	9.99985E-5	1.39757E-5	1.39759E-1
1.23704E+0	1.17895E+0	2.99605E+2	2.99365E+2	9.99986E-5	1.39708E-5	1.39710E-1
1.24946E+0	1.19122E+0	2.99607E+2	2.99367E+2	9.99985E-5	1.37946E-5	1.37948E-1
1.26244E+0	1.20351E+0	2.99605E+2	2.99367E+2	9.99984E-5	1.40052E-5	1.40054E-1
1.27430E+0	1.21573E+0	2.99606E+2	2.99369E+2	9.99984E-5	1.42214E-5	1.42216E-1
1.28740E+0	1.22805E+0	2.99607E+2	2.99372E+2	9.99985E-5	1.41950E-5	1.41952E-1
1.29967E+0	1.24042E+0	2.99607E+2	2.99372E+2	9.99984E-5	1.40303E-5	1.40305E-1
1.31250E+0	1.25271E+0	2.99608E+2	2.99371E+2	9.99984E-5	1.40702E-5	1.40704E-1
1.32542E+0	1.26502E+0	2.99609E+2	2.99373E+2	9.99985E-5	1.41603E-5	1.41605E-1
1.33827E+0	1.27726E+0	2.99610E+2	2.99376E+2	9.99984E-5	1.39540E-5	1.39542E-1
1.35077E+0	1.28958E+0	2.99612E+2	2.99377E+2	9.99985E-5	1.39683E-5	1.39685E-1
1.36266E+0	1.30184E+0	2.99612E+2	2.99376E+2	9.99984E-5	1.40416E-5	1.40418E-1
1.37604E+0	1.31423E+0	2.99610E+2	2.99376E+2	9.99984E-5	1.39797E-5	1.39799E-1
1.38904E+0	1.32672E+0	2.99609E+2	2.99378E+2	9.99984E-5	1.41400E-5	1.41402E-1
1.40178E+0	1.33908E+0	2.99612E+2	2.99379E+2	9.99984E-5	1.42055E-5	1.42057E-1
1.41441E+0	1.35149E+0	2.99613E+2	2.99380E+2	9.99985E-5	1.38997E-5	1.38999E-1
1.42714E+0	1.36379E+0	2.99611E+2	2.99381E+2	9.99985E-5	1.39254E-5	1.39256E-1
1.43995E+0	1.37606E+0	2.99611E+2	2.99382E+2	9.99985E-5	1.40621E-5	1.40623E-1
1.45186E+0	1.38834E+0	2.99613E+2	2.99385E+2	9.99984E-5	1.39762E-5	1.39764E-1
1.46480E+0	1.40075E+0	2.99613E+2	2.99385E+2	9.99984E-5	1.38460E-5	1.38462E-1
1.47775E+0	1.41320E+0	2.99612E+2	2.99385E+2	9.99985E-5	1.38156E-5	1.38158E-1
1.49029E+0	1.42542E+0	2.99612E+2	2.99385E+2	9.99985E-5	1.39793E-5	1.39795E-1
1.50278E+0	1.43777E+0	2.99610E+2	2.99385E+2	9.99985E-5	1.41816E-5	1.41818E-1
1.51485E+0	1.45017E+0	2.99609E+2	2.99387E+2	9.99985E-5	1.42331E-5	1.42333E-1
1.52776E+0	1.46250E+0	2.99610E+2	2.99389E+2	9.99984E-5	1.40150E-5	1.40153E-1
1.54025E+0	1.47481E+0	2.99609E+2	2.99389E+2	9.99984E-5	1.38656E-5	1.38658E-1
1.55380E+0	1.48724E+0	2.99607E+2	2.99389E+2	9.99984E-5	1.39623E-5	1.39625E-1
1.56638E+0	1.49957E+0	2.99605E+2	2.99388E+2	9.99985E-5	1.39610E-5	1.39612E-1
1.57799E+0	1.51193E+0	2.99605E+2	2.99390E+2	9.99985E-5	1.40745E-5	1.40748E-1
1.59109E+0	1.52430E+0	2.99605E+2	2.99393E+2	9.99985E-5	1.40526E-5	1.40528E-1
1.60362E+0	1.53652E+0	2.99603E+2	2.99392E+2	9.99984E-5	1.38525E-5	1.38527E-1
1.61672E+0	1.54889E+0	2.99602E+2	2.99391E+2	9.99984E-5	1.39544E-5	1.39546E-1
1.62972E+0	1.56141E+0	2.99601E+2	2.99393E+2	9.99984E-5	1.39671E-5	1.39673E-1
1.64118E+0	1.57388E+0	2.99599E+2	2.99393E+2	9.99984E-5	1.38585E-5	1.38587E-1
1.65476E+0	1.58625E+0	2.99598E+2	2.99393E+2	9.99985E-5	1.37758E-5	1.37760E-1
1.66673E+0	1.59860E+0	2.99598E+2	2.99391E+2	9.99985E-5	1.39856E-5	1.39858E-1
1.67996E+0	1.61090E+0	2.99594E+2	2.99392E+2	9.99984E-5	1.40949E-5	1.40951E-1
1.69265E+0	1.62325E+0	2.99594E+2	2.99394E+2	9.99984E-5	1.39604E-5	1.39607E-1
1.70572E+0	1.63562E+0	2.99593E+2	2.99394E+2	9.99985E-5	1.39098E-5	1.39100E-1
1.71812E+0	1.64797E+0	2.99591E+2	2.99393E+2	9.99984E-5	1.38343E-5	1.38345E-1
1.73012E+0	1.66034E+0	2.99590E+2	2.99393E+2	9.99984E-5	1.39662E-5	1.39665E-1
1.74312E+0	1.67276E+0	2.99590E+2	2.99393E+2	9.99985E-5	1.37022E-5	1.37024E-1
1.75611E+0	1.68517E+0	2.99589E+2	2.99393E+2	9.99985E-5	1.37854E-5	1.37856E-1
1.76841E+0	1.69765E+0	2.99585E+2	2.99393E+2	9.99984E-5	1.39542E-5	1.39544E-1
1.78121E+0	1.71002E+0	2.99582E+2	2.99392E+2	9.99984E-5	1.40071E-5	1.40073E-1
1.79450E+0	1.72237E+0	2.99579E+2	2.99390E+2	9.99984E-5	1.40875E-5	1.40877E-1
1.80733E+0	1.73476E+0	2.99578E+2	2.99391E+2	9.99985E-5	1.39612E-5	1.39614E-1
1.81917E+0	1.74720E+0	2.99578E+2	2.99392E+2	9.99985E-5	1.39725E-5	1.39727E-1
1.83201E+0	1.75964E+0	2.99577E+2	2.99391E+2	9.99984E-5	1.41415E-5	1.41418E-1
1.84425E+0	1.77198E+0	2.99574E+2	2.99389E+2	9.99984E-5	1.39859E-5	1.39862E-1
1.85735E+0	1.78446E+0	2.99572E+2	2.99387E+2	9.99984E-5	1.37574E-5	1.37576E-1
1.87069E+0	1.79699E+0	2.99570E+2	2.99389E+2	9.99985E-5	1.38114E-5	1.38116E-1
1.88222E+0	1.80944E+0	2.99570E+2	2.99390E+2	9.99985E-5	1.37881E-5	1.37883E-1
1.89521E+0	1.82180E+0	2.99568E+2	2.99390E+2	9.99985E-5	1.40886E-5	1.40888E-1
1.90771E+0	1.83411E+0	2.99565E+2	2.99389E+2	9.99985E-5	1.42652E-5	1.42654E-1
1.92051E+0	1.84663E+0	2.99563E+2	2.99387E+2	9.99984E-5	1.39030E-5	1.39033E-1
1.93338E+0	1.85908E+0	2.99562E+2	2.99387E+2	9.99984E-5	1.37469E-5	1.37471E-1
1.94522E+0	1.87147E+0	2.99559E+2	2.99387E+2	9.99985E-5	1.39729E-5	1.39731E-1
1.95794E+0	1.88405E+0	2.99558E+2	2.99385E+2	9.99985E-5	1.41158E-5	1.41160E-1
1.97086E+0	1.89644E+0	2.99557E+2	2.99386E+2	9.99985E-5	1.38850E-5	1.38852E-1
1.98433E+0	1.90889E+0	2.99557E+2	2.99385E+2	9.99984E-5	1.38608E-5	1.38610E-1
1.99706E+0	1.92145E+0	2.99555E+2	2.99385E+2	9.99984E-5	1.39214E-5	1.39216E-1
2.00131E+0	1.93226E+0	2.99551E+2	2.99386E+2	9.99984E-5	1.38364E-5	1.38366E-1
2.00152E+0	1.94006E+0	2.99550E+2	2.99384E+2	9.99985E-5	1.35859E-5	1.35861E-1
2.00152E+0	1.94516E+0	2.99548E+2	2.99382E+2	9.99984E-5	1.38855E-5	1.38857E-1
