B_digital_(T)	B_analog_(T)	I_s	V_nv	R_nv
2.00105E+0	1.95367E+0	9.99985E-5	-3.51569E-5	-3.51574E-1
2.00200E+0	1.95375E+0	9.99985E-5	-3.51405E-5	-3.51410E-1
2.00128E+0	1.95393E+0	9.99985E-5	-3.51071E-5	-3.51077E-1
2.00136E+0	1.95414E+0	9.99985E-5	-3.51579E-5	-3.51585E-1
2.00126E+0	1.95429E+0	9.99985E-5	-3.52696E-5	-3.52701E-1
2.00136E+0	1.95445E+0	9.99986E-5	-3.52926E-5	-3.52931E-1
2.00152E+0	1.95461E+0	9.99986E-5	-3.52254E-5	-3.52259E-1
2.00078E+0	1.95473E+0	9.99985E-5	-3.51853E-5	-3.51858E-1
1.99392E+0	1.95468E+0	9.99985E-5	-3.52670E-5	-3.52675E-1
1.98126E+0	1.95403E+0	9.99985E-5	-3.53225E-5	-3.53230E-1
1.96838E+0	1.95174E+0	9.99985E-5	-3.52591E-5	-3.52596E-1
1.95535E+0	1.94454E+0	9.99984E-5	-3.52953E-5	-3.52959E-1
1.94338E+0	1.93276E+0	9.99984E-5	-3.54361E-5	-3.54366E-1
1.93101E+0	1.91940E+0	9.99985E-5	-3.55129E-5	-3.55134E-1
1.91730E+0	1.90632E+0	9.99985E-5	-3.55066E-5	-3.55072E-1
1.90490E+0	1.89347E+0	9.99985E-5	-3.54124E-5	-3.54130E-1
1.89214E+0	1.88089E+0	9.99985E-5	-3.53858E-5	-3.53863E-1
1.87940E+0	1.86847E+0	9.99986E-5	-3.54295E-5	-3.54300E-1
1.86749E+0	1.85601E+0	9.99986E-5	-3.54289E-5	-3.54294E-1
1.85457E+0	1.84355E+0	9.99986E-5	-3.53851E-5	-3.53856E-1
1.84217E+0	1.83121E+0	9.99986E-5	-3.53832E-5	-3.53837E-1
1.82910E+0	1.81886E+0	9.99986E-5	-3.55292E-5	-3.55297E-1
1.81660E+0	1.80650E+0	9.99985E-5	-3.55201E-5	-3.55206E-1
1.80347E+0	1.79412E+0	9.99985E-5	-3.54167E-5	-3.54173E-1
1.79109E+0	1.78181E+0	9.99986E-5	-3.54376E-5	-3.54381E-1
1.77890E+0	1.76956E+0	9.99985E-5	-3.54431E-5	-3.54436E-1
1.76578E+0	1.75714E+0	9.99985E-5	-3.54212E-5	-3.54217E-1
1.75346E+0	1.74465E+0	9.99986E-5	-3.54274E-5	-3.54279E-1
1.74065E+0	1.73237E+0	9.99984E-5	-3.55272E-5	-3.55278E-1
1.72783E+0	1.72009E+0	9.99985E-5	-3.55090E-5	-3.55095E-1
1.71581E+0	1.70765E+0	9.99986E-5	-3.54531E-5	-3.54536E-1
1.70311E+0	1.69519E+0	9.99986E-5	-3.54211E-5	-3.54216E-1
1.69015E+0	1.68281E+0	9.99986E-5	-3.53567E-5	-3.53572E-1
1.67691E+0	1.67043E+0	9.99985E-5	-3.53565E-5	-3.53571E-1
1.66439E+0	1.65812E+0	9.99985E-5	-3.53841E-5	-3.53846E-1
1.65237E+0	1.64574E+0	9.99985E-5	-3.54300E-5	-3.54305E-1
1.63936E+0	1.63322E+0	9.99985E-5	-3.54849E-5	-3.54855E-1
1.62696E+0	1.62083E+0	9.99985E-5	-3.54582E-5	-3.54588E-1
1.61422E+0	1.60854E+0	9.99986E-5	-3.54516E-5	-3.54521E-1
1.60116E+0	1.59615E+0	9.99986E-5	-3.55193E-5	-3.55198E-1
1.58816E+0	1.58378E+0	9.99985E-5	-3.54920E-5	-3.54926E-1
1.57252E+0	1.56826E+0	9.99985E-5	-3.53264E-5	-3.53269E-1
1.55963E+0	1.55586E+0	9.99986E-5	-3.53366E-5	-3.53371E-1
1.54721E+0	1.54360E+0	9.99986E-5	-3.53482E-5	-3.53487E-1
1.53569E+0	1.53121E+0	9.99986E-5	-3.53529E-5	-3.53534E-1
1.52238E+0	1.51883E+0	9.99986E-5	-3.54412E-5	-3.54417E-1
1.50946E+0	1.50652E+0	9.99986E-5	-3.54366E-5	-3.54371E-1
1.49656E+0	1.49403E+0	9.99986E-5	-3.53655E-5	-3.53660E-1
1.48369E+0	1.48165E+0	9.99986E-5	-3.53391E-5	-3.53396E-1
1.47182E+0	1.46938E+0	9.99985E-5	-3.53289E-5	-3.53294E-1
1.45914E+0	1.45707E+0	9.99986E-5	-3.53327E-5	-3.53332E-1
1.44652E+0	1.44458E+0	9.99985E-5	-3.53582E-5	-3.53587E-1
1.43345E+0	1.43222E+0	9.99985E-5	-3.52818E-5	-3.52823E-1
1.42082E+0	1.41989E+0	9.99985E-5	-3.53340E-5	-3.53345E-1
1.40896E+0	1.40742E+0	9.99985E-5	-3.54369E-5	-3.54374E-1
1.39587E+0	1.39503E+0	9.99987E-5	-3.54489E-5	-3.54494E-1
1.38325E+0	1.38267E+0	9.99986E-5	-3.53720E-5	-3.53725E-1
1.37063E+0	1.37038E+0	9.99984E-5	-3.53222E-5	-3.53227E-1
1.35774E+0	1.35810E+0	9.99984E-5	-3.53487E-5	-3.53493E-1
1.34448E+0	1.34580E+0	9.99985E-5	-3.53833E-5	-3.53838E-1
1.33197E+0	1.33347E+0	9.99985E-5	-3.53617E-5	-3.53623E-1
1.32007E+0	1.32111E+0	9.99984E-5	-3.52959E-5	-3.52965E-1
1.30691E+0	1.30865E+0	9.99984E-5	-3.53776E-5	-3.53781E-1
1.29449E+0	1.29621E+0	9.99985E-5	-3.53612E-5	-3.53617E-1
1.28153E+0	1.28384E+0	9.99986E-5	-3.53648E-5	-3.53652E-1
1.26852E+0	1.27157E+0	9.99986E-5	-3.53907E-5	-3.53912E-1
1.25627E+0	1.25924E+0	9.99985E-5	-3.53359E-5	-3.53364E-1
1.24380E+0	1.24686E+0	9.99985E-5	-3.53144E-5	-3.53149E-1
1.23135E+0	1.23453E+0	9.99986E-5	-3.53459E-5	-3.53464E-1
1.21810E+0	1.22217E+0	9.99986E-5	-3.53778E-5	-3.53783E-1
1.20571E+0	1.20996E+0	9.99985E-5	-3.53512E-5	-3.53517E-1
1.19363E+0	1.19760E+0	9.99985E-5	-3.53326E-5	-3.53331E-1
1.18012E+0	1.18528E+0	9.99985E-5	-3.53874E-5	-3.53879E-1
1.16760E+0	1.17299E+0	9.99985E-5	-3.53640E-5	-3.53645E-1
1.15527E+0	1.16036E+0	9.99985E-5	-3.53704E-5	-3.53709E-1
1.14303E+0	1.14787E+0	9.99985E-5	-3.54106E-5	-3.54111E-1
1.12994E+0	1.13555E+0	9.99985E-5	-3.54080E-5	-3.54085E-1
1.11662E+0	1.12333E+0	9.99985E-5	-3.53989E-5	-3.53995E-1
1.10485E+0	1.11100E+0	9.99986E-5	-3.54012E-5	-3.54017E-1
1.09176E+0	1.09855E+0	9.99986E-5	-3.54106E-5	-3.54111E-1
1.07873E+0	1.08637E+0	9.99985E-5	-3.53595E-5	-3.53601E-1
1.06655E+0	1.07416E+0	9.99985E-5	-3.53279E-5	-3.53284E-1
1.05398E+0	1.06184E+0	9.99985E-5	-3.52978E-5	-3.52984E-1
1.04089E+0	1.04950E+0	9.99985E-5	-3.52914E-5	-3.52919E-1
1.02825E+0	1.03709E+0	9.99985E-5	-3.53180E-5	-3.53185E-1
1.01563E+0	1.02466E+0	9.99985E-5	-3.53499E-5	-3.53505E-1
1.00297E+0	1.01214E+0	9.99986E-5	-3.53486E-5	-3.53491E-1
9.90222E-1	9.99406E-1	9.99985E-5	-3.53601E-5	-3.53606E-1
9.76679E-1	9.86584E-1	9.99984E-5	-3.53707E-5	-3.53712E-1
9.64662E-1	9.73664E-1	9.99984E-5	-3.53759E-5	-3.53765E-1
9.52715E-1	9.60737E-1	9.99985E-5	-3.54117E-5	-3.54122E-1
9.40237E-1	9.47965E-1	9.99986E-5	-3.53919E-5	-3.53924E-1
9.27618E-1	9.35125E-1	9.99984E-5	-3.53785E-5	-3.53790E-1
9.14521E-1	9.22270E-1	9.99985E-5	-3.53843E-5	-3.53848E-1
9.01612E-1	9.09629E-1	9.99986E-5	-3.53978E-5	-3.53983E-1
8.89576E-1	8.97031E-1	9.99985E-5	-3.54321E-5	-3.54326E-1
8.77288E-1	8.84303E-1	9.99985E-5	-3.53898E-5	-3.53903E-1
8.64582E-1	8.71729E-1	9.99985E-5	-3.53314E-5	-3.53320E-1
8.51245E-1	8.59285E-1	9.99986E-5	-3.53194E-5	-3.53199E-1
8.38447E-1	8.46739E-1	9.99986E-5	-3.53323E-5	-3.53328E-1
8.25606E-1	8.34226E-1	9.99986E-5	-3.52874E-5	-3.52879E-1
8.12574E-1	8.21676E-1	9.99985E-5	-3.52945E-5	-3.52950E-1
8.00711E-1	8.09181E-1	9.99984E-5	-3.53646E-5	-3.53651E-1
7.88056E-1	7.96869E-1	9.99984E-5	-3.53818E-5	-3.53824E-1
7.74806E-1	7.84552E-1	9.99985E-5	-3.53619E-5	-3.53624E-1
7.62314E-1	7.72211E-1	9.99985E-5	-3.53222E-5	-3.53228E-1
7.49810E-1	7.59776E-1	9.99984E-5	-3.53147E-5	-3.53152E-1
7.37008E-1	7.47443E-1	9.99985E-5	-3.53408E-5	-3.53413E-1
7.24458E-1	7.35262E-1	9.99986E-5	-3.52846E-5	-3.52851E-1
7.11997E-1	7.22905E-1	9.99984E-5	-3.52339E-5	-3.52344E-1
6.99104E-1	7.10619E-1	9.99985E-5	-3.52611E-5	-3.52616E-1
6.86521E-1	6.98428E-1	9.99985E-5	-3.53011E-5	-3.53016E-1
6.73833E-1	6.86210E-1	9.99986E-5	-3.53038E-5	-3.53043E-1
6.60919E-1	6.73940E-1	9.99987E-5	-3.53095E-5	-3.53100E-1
6.48892E-1	6.61699E-1	9.99986E-5	-3.52685E-5	-3.52690E-1
6.36487E-1	6.49538E-1	9.99986E-5	-3.52791E-5	-3.52797E-1
6.23721E-1	6.37441E-1	9.99986E-5	-3.52914E-5	-3.52919E-1
6.10460E-1	6.25247E-1	9.99986E-5	-3.52895E-5	-3.52900E-1
5.98114E-1	6.13069E-1	9.99986E-5	-3.53283E-5	-3.53288E-1
5.85807E-1	6.01023E-1	9.99986E-5	-3.52993E-5	-3.52998E-1
5.72642E-1	5.88821E-1	9.99985E-5	-3.52810E-5	-3.52816E-1
5.60123E-1	5.76648E-1	9.99984E-5	-3.52916E-5	-3.52921E-1
5.47500E-1	5.64481E-1	9.99985E-5	-3.52588E-5	-3.52593E-1
5.34773E-1	5.52385E-1	9.99985E-5	-3.52599E-5	-3.52605E-1
5.21886E-1	5.40377E-1	9.99986E-5	-3.52606E-5	-3.52611E-1
5.09092E-1	5.28220E-1	9.99985E-5	-3.52561E-5	-3.52566E-1
4.96714E-1	5.16088E-1	9.99984E-5	-3.52766E-5	-3.52772E-1
4.83995E-1	5.03881E-1	9.99986E-5	-3.52752E-5	-3.52757E-1
4.71471E-1	4.91691E-1	9.99987E-5	-3.52466E-5	-3.52471E-1
4.58822E-1	4.79619E-1	9.99986E-5	-3.52284E-5	-3.52289E-1
4.45615E-1	4.67515E-1	9.99986E-5	-3.52280E-5	-3.52285E-1
4.33043E-1	4.55356E-1	9.99986E-5	-3.52400E-5	-3.52405E-1
4.20426E-1	4.43061E-1	9.99985E-5	-3.52563E-5	-3.52568E-1
4.08070E-1	4.30873E-1	9.99985E-5	-3.52504E-5	-3.52509E-1
3.95174E-1	4.18723E-1	9.99985E-5	-3.52304E-5	-3.52309E-1
3.82548E-1	4.06455E-1	9.99985E-5	-3.52249E-5	-3.52254E-1
3.70313E-1	3.94352E-1	9.99984E-5	-3.52154E-5	-3.52159E-1
3.57287E-1	3.82142E-1	9.99985E-5	-3.52063E-5	-3.52069E-1
3.44867E-1	3.69486E-1	9.99986E-5	-3.51929E-5	-3.51934E-1
3.32002E-1	3.57001E-1	9.99985E-5	-3.52207E-5	-3.52212E-1
3.19232E-1	3.44764E-1	9.99985E-5	-3.52131E-5	-3.52136E-1
3.06438E-1	3.32445E-1	9.99985E-5	-3.51963E-5	-3.51968E-1
2.94127E-1	3.20257E-1	9.99985E-5	-3.51866E-5	-3.51872E-1
2.81906E-1	3.08102E-1	9.99985E-5	-3.51864E-5	-3.51869E-1
2.68927E-1	2.95744E-1	9.99985E-5	-3.51740E-5	-3.51745E-1
2.56347E-1	2.83381E-1	9.99985E-5	-3.51852E-5	-3.51857E-1
2.43400E-1	2.71018E-1	9.99985E-5	-3.52000E-5	-3.52005E-1
2.31055E-1	2.58544E-1	9.99986E-5	-3.51633E-5	-3.51639E-1
2.18428E-1	2.46205E-1	9.99985E-5	-3.51429E-5	-3.51434E-1
2.05461E-1	2.33876E-1	9.99985E-5	-3.51443E-5	-3.51448E-1
1.92753E-1	2.21399E-1	9.99985E-5	-3.51322E-5	-3.51327E-1
1.80538E-1	2.08826E-1	9.99985E-5	-3.51479E-5	-3.51484E-1
1.67969E-1	1.96356E-1	9.99986E-5	-3.51601E-5	-3.51606E-1
1.54787E-1	1.83895E-1	9.99985E-5	-3.51468E-5	-3.51473E-1
1.41727E-1	1.71352E-1	9.99985E-5	-3.51263E-5	-3.51268E-1
1.29258E-1	1.58851E-1	9.99986E-5	-3.51013E-5	-3.51018E-1
1.16846E-1	1.46341E-1	9.99986E-5	-3.51175E-5	-3.51180E-1
1.04394E-1	1.33788E-1	9.99985E-5	-3.51408E-5	-3.51413E-1
9.18493E-2	1.21106E-1	9.99985E-5	-3.51215E-5	-3.51220E-1
7.91436E-2	1.08717E-1	9.99985E-5	-3.50962E-5	-3.50968E-1
6.69086E-2	9.63736E-2	9.99986E-5	-3.51112E-5	-3.51117E-1
5.41417E-2	8.37347E-2	9.99987E-5	-3.51196E-5	-3.51201E-1
4.07318E-2	7.11991E-2	9.99985E-5	-3.51131E-5	-3.51136E-1
2.78808E-2	5.85550E-2	9.99985E-5	-3.51246E-5	-3.51251E-1
1.57157E-2	4.59397E-2	9.99985E-5	-3.51102E-5	-3.51108E-1
4.72425E-3	3.38350E-2	9.99986E-5	-3.51011E-5	-3.51016E-1
6.44316E-4	2.34827E-2	9.99985E-5	-3.50887E-5	-3.50892E-1
7.60029E-4	1.59225E-2	9.99985E-5	-3.50881E-5	-3.50887E-1
6.95074E-4	1.12971E-2	9.99985E-5	-3.50968E-5	-3.50974E-1
4.70000E-4	8.75619E-3	9.99984E-5	-3.50862E-5	-3.50867E-1
1.21759E-4	7.61446E-3	9.99985E-5	-3.50754E-5	-3.50760E-1
-3.48711E-3	6.85108E-3	9.99986E-5	-3.50841E-5	-3.50846E-1
-1.21456E-2	5.50663E-3	9.99985E-5	-3.50747E-5	-3.50752E-1
-2.37695E-2	1.21631E-3	9.99984E-5	-3.50709E-5	-3.50714E-1
-3.69198E-2	-7.26801E-3	9.99985E-5	-3.51037E-5	-3.51042E-1
-5.00153E-2	-1.84090E-2	9.99986E-5	-3.51116E-5	-3.51121E-1
-6.26181E-2	-3.03430E-2	9.99985E-5	-3.50925E-5	-3.50931E-1
-7.48877E-2	-4.23913E-2	9.99985E-5	-3.50816E-5	-3.50822E-1
-8.73019E-2	-5.45177E-2	9.99984E-5	-3.50485E-5	-3.50491E-1
-1.00397E-1	-6.71688E-2	9.99985E-5	-3.50413E-5	-3.50418E-1
-1.13329E-1	-7.99032E-2	9.99985E-5	-3.50629E-5	-3.50635E-1
-1.25583E-1	-9.26130E-2	9.99985E-5	-3.50182E-5	-3.50187E-1
-1.38253E-1	-1.05231E-1	9.99985E-5	-3.50233E-5	-3.50239E-1
-1.50883E-1	-1.17702E-1	9.99985E-5	-3.50753E-5	-3.50758E-1
-1.63672E-1	-1.30153E-1	9.99985E-5	-3.50503E-5	-3.50509E-1
-1.76131E-1	-1.42478E-1	9.99984E-5	-3.50266E-5	-3.50271E-1
-1.88483E-1	-1.54625E-1	9.99985E-5	-3.50496E-5	-3.50501E-1
-2.00925E-1	-1.66655E-1	9.99985E-5	-3.50794E-5	-3.50799E-1
-2.13882E-1	-1.78487E-1	9.99985E-5	-3.50591E-5	-3.50596E-1
-2.26569E-1	-1.90322E-1	9.99984E-5	-3.50459E-5	-3.50465E-1
-2.39273E-1	-2.02357E-1	9.99984E-5	-3.50496E-5	-3.50502E-1
-2.52106E-1	-2.14405E-1	9.99985E-5	-3.50464E-5	-3.50469E-1
-2.65036E-1	-2.26646E-1	9.99986E-5	-3.50234E-5	-3.50239E-1
-2.78036E-1	-2.39106E-1	9.99986E-5	-3.50073E-5	-3.50078E-1
-2.90647E-1	-2.51678E-1	9.99986E-5	-3.50108E-5	-3.50113E-1
-3.03051E-1	-2.64182E-1	9.99986E-5	-3.50140E-5	-3.50145E-1
-3.15806E-1	-2.76718E-1	9.99986E-5	-3.50280E-5	-3.50285E-1
-3.28612E-1	-2.89397E-1	9.99986E-5	-3.50292E-5	-3.50297E-1
-3.40932E-1	-3.01880E-1	9.99985E-5	-3.50387E-5	-3.50392E-1
-3.53341E-1	-3.14412E-1	9.99985E-5	-3.50341E-5	-3.50346E-1
-3.66175E-1	-3.26918E-1	9.99986E-5	-3.50167E-5	-3.50171E-1
-3.79076E-1	-3.39309E-1	9.99986E-5	-3.49957E-5	-3.49962E-1
-3.91461E-1	-3.51732E-1	9.99986E-5	-3.49757E-5	-3.49762E-1
-4.03808E-1	-3.63987E-1	9.99985E-5	-3.49887E-5	-3.49892E-1
-4.16540E-1	-3.76183E-1	9.99985E-5	-3.50136E-5	-3.50141E-1
-4.29495E-1	-3.88409E-1	9.99986E-5	-3.50160E-5	-3.50164E-1
-4.41931E-1	-3.99171E-1	9.99986E-5	-3.50107E-5	-3.50112E-1
-4.54864E-1	-4.10816E-1	9.99985E-5	-3.50045E-5	-3.50051E-1
-4.68036E-1	-4.24802E-1	9.99985E-5	-3.50082E-5	-3.50088E-1
-4.79552E-1	-4.38414E-1	9.99986E-5	-3.50144E-5	-3.50149E-1
-4.92375E-1	-4.51131E-1	9.99986E-5	-3.50006E-5	-3.50011E-1
-5.05195E-1	-4.63489E-1	9.99986E-5	-3.49735E-5	-3.49740E-1
-5.18051E-1	-4.75682E-1	9.99985E-5	-3.49625E-5	-3.49630E-1
-5.30787E-1	-4.87767E-1	9.99985E-5	-3.49838E-5	-3.49843E-1
-5.43540E-1	-4.99802E-1	9.99985E-5	-3.49814E-5	-3.49819E-1
-5.55910E-1	-5.11830E-1	9.99986E-5	-3.49672E-5	-3.49677E-1
-5.68260E-1	-5.23988E-1	9.99985E-5	-3.49881E-5	-3.49886E-1
-5.81294E-1	-5.36104E-1	9.99985E-5	-3.50273E-5	-3.50278E-1
-5.94256E-1	-5.48091E-1	9.99985E-5	-3.50026E-5	-3.50031E-1
-6.07020E-1	-5.60206E-1	9.99985E-5	-3.49560E-5	-3.49565E-1
-6.19546E-1	-5.72455E-1	9.99986E-5	-3.49658E-5	-3.49663E-1
-6.32027E-1	-5.84660E-1	9.99985E-5	-3.49836E-5	-3.49842E-1
-6.44776E-1	-5.96744E-1	9.99984E-5	-3.49640E-5	-3.49646E-1
-6.57059E-1	-6.08911E-1	9.99985E-5	-3.49395E-5	-3.49400E-1
-6.70012E-1	-6.21174E-1	9.99986E-5	-3.49252E-5	-3.49256E-1
-6.82512E-1	-6.33246E-1	9.99986E-5	-3.49193E-5	-3.49198E-1
-6.95363E-1	-6.45401E-1	9.99985E-5	-3.49288E-5	-3.49293E-1
-7.08195E-1	-6.57638E-1	9.99986E-5	-3.49383E-5	-3.49388E-1
-7.20458E-1	-6.69733E-1	9.99987E-5	-3.49537E-5	-3.49542E-1
-7.33552E-1	-6.81851E-1	9.99986E-5	-3.49468E-5	-3.49473E-1
-7.46237E-1	-6.94036E-1	9.99984E-5	-3.49512E-5	-3.49517E-1
-7.59031E-1	-7.06310E-1	9.99985E-5	-3.49277E-5	-3.49282E-1
-7.71649E-1	-7.18522E-1	9.99986E-5	-3.49598E-5	-3.49603E-1
-7.83642E-1	-7.30665E-1	9.99986E-5	-3.49846E-5	-3.49851E-1
-7.96587E-1	-7.42931E-1	9.99986E-5	-3.49705E-5	-3.49710E-1
-8.09300E-1	-7.55173E-1	9.99985E-5	-3.49233E-5	-3.49238E-1
-8.22148E-1	-7.67516E-1	9.99985E-5	-3.49156E-5	-3.49161E-1
-8.34705E-1	-7.79930E-1	9.99986E-5	-3.49312E-5	-3.49317E-1
-8.46712E-1	-7.92107E-1	9.99987E-5	-3.48559E-5	-3.48564E-1
-8.59722E-1	-8.04371E-1	9.99986E-5	-3.48683E-5	-3.48688E-1
-8.72508E-1	-8.16692E-1	9.99985E-5	-3.49093E-5	-3.49098E-1
-8.85305E-1	-8.29089E-1	9.99985E-5	-3.48820E-5	-3.48826E-1
-8.98208E-1	-8.41575E-1	9.99985E-5	-3.49325E-5	-3.49330E-1
-9.10977E-1	-8.53968E-1	9.99985E-5	-3.49501E-5	-3.49506E-1
-9.23767E-1	-8.66447E-1	9.99986E-5	-3.48875E-5	-3.48880E-1
-9.35651E-1	-8.78972E-1	9.99986E-5	-3.49025E-5	-3.49030E-1
-9.48012E-1	-8.91379E-1	9.99985E-5	-3.49481E-5	-3.49486E-1
-9.60584E-1	-9.03834E-1	9.99986E-5	-3.49247E-5	-3.49252E-1
-9.73587E-1	-9.16425E-1	9.99986E-5	-3.49013E-5	-3.49018E-1
-9.86615E-1	-9.29181E-1	9.99986E-5	-3.49031E-5	-3.49036E-1
-9.98641E-1	-9.41956E-1	9.99985E-5	-3.49420E-5	-3.49425E-1
-1.01173E+0	-9.54689E-1	9.99985E-5	-3.49218E-5	-3.49223E-1
-1.02424E+0	-9.67633E-1	9.99985E-5	-3.49123E-5	-3.49128E-1
-1.03676E+0	-9.80508E-1	9.99984E-5	-3.49231E-5	-3.49236E-1
-1.04963E+0	-9.93294E-1	9.99985E-5	-3.49027E-5	-3.49032E-1
-1.06249E+0	-1.00597E+0	9.99986E-5	-3.48455E-5	-3.48460E-1
-1.07550E+0	-1.01848E+0	9.99986E-5	-3.48032E-5	-3.48037E-1
-1.08784E+0	-1.03092E+0	9.99986E-5	-3.48679E-5	-3.48684E-1
-1.10043E+0	-1.04338E+0	9.99985E-5	-3.48749E-5	-3.48754E-1
-1.11297E+0	-1.05595E+0	9.99986E-5	-3.48157E-5	-3.48162E-1
-1.12618E+0	-1.06855E+0	9.99986E-5	-3.48207E-5	-3.48212E-1
-1.13880E+0	-1.08097E+0	9.99986E-5	-3.48243E-5	-3.48248E-1
-1.15156E+0	-1.09316E+0	9.99985E-5	-3.48201E-5	-3.48207E-1
-1.16412E+0	-1.10557E+0	9.99984E-5	-3.48315E-5	-3.48321E-1
-1.17645E+0	-1.11787E+0	9.99985E-5	-3.48052E-5	-3.48057E-1
-1.18924E+0	-1.13002E+0	9.99986E-5	-3.48143E-5	-3.48148E-1
-1.20205E+0	-1.14242E+0	9.99985E-5	-3.48565E-5	-3.48570E-1
-1.21467E+0	-1.15484E+0	9.99985E-5	-3.49053E-5	-3.49058E-1
-1.22693E+0	-1.16716E+0	9.99985E-5	-3.48647E-5	-3.48652E-1
-1.23922E+0	-1.17941E+0	9.99985E-5	-3.48379E-5	-3.48384E-1
-1.25227E+0	-1.19163E+0	9.99986E-5	-3.48247E-5	-3.48252E-1
-1.26466E+0	-1.20385E+0	9.99986E-5	-3.48218E-5	-3.48223E-1
-1.27811E+0	-1.21613E+0	9.99986E-5	-3.48788E-5	-3.48793E-1
-1.29077E+0	-1.22855E+0	9.99986E-5	-3.49290E-5	-3.49295E-1
-1.30232E+0	-1.24092E+0	9.99986E-5	-3.49323E-5	-3.49328E-1
-1.31569E+0	-1.25314E+0	9.99986E-5	-3.48784E-5	-3.48789E-1
-1.32811E+0	-1.26539E+0	9.99984E-5	-3.48435E-5	-3.48441E-1
-1.34063E+0	-1.27782E+0	9.99984E-5	-3.48074E-5	-3.48079E-1
-1.35390E+0	-1.29015E+0	9.99985E-5	-3.47805E-5	-3.47810E-1
-1.36596E+0	-1.30235E+0	9.99985E-5	-3.48082E-5	-3.48087E-1
-1.37877E+0	-1.31487E+0	9.99986E-5	-3.48431E-5	-3.48436E-1
-1.39139E+0	-1.32744E+0	9.99985E-5	-3.47905E-5	-3.47910E-1
-1.40400E+0	-1.33974E+0	9.99985E-5	-3.48059E-5	-3.48064E-1
-1.41705E+0	-1.35198E+0	9.99986E-5	-3.48183E-5	-3.48188E-1
-1.43035E+0	-1.36434E+0	9.99985E-5	-3.48196E-5	-3.48201E-1
-1.44277E+0	-1.37670E+0	9.99985E-5	-3.48020E-5	-3.48025E-1
-1.45486E+0	-1.38901E+0	9.99986E-5	-3.48065E-5	-3.48070E-1
-1.46765E+0	-1.40138E+0	9.99985E-5	-3.47835E-5	-3.47840E-1
-1.47998E+0	-1.41374E+0	9.99985E-5	-3.47251E-5	-3.47256E-1
-1.49349E+0	-1.42621E+0	9.99986E-5	-3.47736E-5	-3.47741E-1
-1.50602E+0	-1.43854E+0	9.99986E-5	-3.47913E-5	-3.47918E-1
-1.51887E+0	-1.45076E+0	9.99985E-5	-3.47842E-5	-3.47847E-1
-1.53167E+0	-1.46311E+0	9.99985E-5	-3.48053E-5	-3.48058E-1
-1.54349E+0	-1.47559E+0	9.99985E-5	-3.47428E-5	-3.47433E-1
-1.55604E+0	-1.48799E+0	9.99985E-5	-3.47568E-5	-3.47573E-1
-1.56875E+0	-1.50037E+0	9.99985E-5	-3.47563E-5	-3.47568E-1
-1.58185E+0	-1.51270E+0	9.99984E-5	-3.47833E-5	-3.47838E-1
-1.59481E+0	-1.52503E+0	9.99985E-5	-3.47782E-5	-3.47787E-1
-1.60634E+0	-1.53742E+0	9.99985E-5	-3.46872E-5	-3.46877E-1
-1.61979E+0	-1.54982E+0	9.99985E-5	-3.46624E-5	-3.46629E-1
-1.63282E+0	-1.56220E+0	9.99986E-5	-3.47522E-5	-3.47526E-1
-1.64496E+0	-1.57463E+0	9.99986E-5	-3.47155E-5	-3.47160E-1
-1.65749E+0	-1.58713E+0	9.99986E-5	-3.46759E-5	-3.46764E-1
-1.66976E+0	-1.59946E+0	9.99986E-5	-3.47856E-5	-3.47861E-1
-1.68264E+0	-1.61183E+0	9.99986E-5	-3.48225E-5	-3.48230E-1
-1.69561E+0	-1.62414E+0	9.99986E-5	-3.47440E-5	-3.47445E-1
-1.70902E+0	-1.63648E+0	9.99986E-5	-3.46977E-5	-3.46982E-1
-1.72088E+0	-1.64897E+0	9.99985E-5	-3.47852E-5	-3.47857E-1
-1.73268E+0	-1.66143E+0	9.99986E-5	-3.47693E-5	-3.47698E-1
-1.74599E+0	-1.67384E+0	9.99987E-5	-3.47624E-5	-3.47629E-1
-1.75840E+0	-1.68613E+0	9.99986E-5	-3.48477E-5	-3.48483E-1
-1.77178E+0	-1.69847E+0	9.99985E-5	-3.47465E-5	-3.47470E-1
-1.78442E+0	-1.71104E+0	9.99985E-5	-3.46667E-5	-3.46672E-1
-1.79761E+0	-1.72349E+0	9.99986E-5	-3.47373E-5	-3.47378E-1
-1.80978E+0	-1.73581E+0	9.99986E-5	-3.47610E-5	-3.47615E-1
-1.82177E+0	-1.74832E+0	9.99985E-5	-3.47522E-5	-3.47528E-1
-1.83511E+0	-1.76073E+0	9.99985E-5	-3.47437E-5	-3.47442E-1
-1.84777E+0	-1.77303E+0	9.99986E-5	-3.48335E-5	-3.48340E-1
-1.86079E+0	-1.78547E+0	9.99986E-5	-3.49146E-5	-3.49151E-1
-1.87323E+0	-1.79799E+0	9.99985E-5	-3.48259E-5	-3.48264E-1
-1.88583E+0	-1.81040E+0	9.99986E-5	-3.47134E-5	-3.47139E-1
-1.89856E+0	-1.82285E+0	9.99986E-5	-3.46341E-5	-3.46346E-1
-1.91063E+0	-1.83537E+0	9.99985E-5	-3.46131E-5	-3.46136E-1
-1.92375E+0	-1.84773E+0	9.99986E-5	-3.46384E-5	-3.46389E-1
-1.93689E+0	-1.86012E+0	9.99986E-5	-3.46626E-5	-3.46630E-1
-1.94947E+0	-1.87259E+0	9.99986E-5	-3.46830E-5	-3.46835E-1
-1.96172E+0	-1.88503E+0	9.99986E-5	-3.47364E-5	-3.47369E-1
-1.97370E+0	-1.89745E+0	9.99986E-5	-3.47175E-5	-3.47180E-1
-1.98686E+0	-1.90996E+0	9.99986E-5	-3.45754E-5	-3.45759E-1
-1.99784E+0	-1.92234E+0	9.99985E-5	-3.45849E-5	-3.45854E-1
-2.00180E+0	-1.93270E+0	9.99986E-5	-3.46088E-5	-3.46093E-1
-2.00200E+0	-1.93976E+0	9.99986E-5	-3.45538E-5	-3.45543E-1
-2.00144E+0	-1.94434E+0	9.99986E-5	-3.45919E-5	-3.45924E-1
-2.00179E+0	-1.94699E+0	9.99986E-5	-3.47665E-5	-3.47669E-1
-2.00161E+0	-1.94832E+0	9.99986E-5	-3.46832E-5	-3.46837E-1
-1.99643E+0	-1.94890E+0	9.99986E-5	-3.45533E-5	-3.45538E-1
-1.98547E+0	-1.94886E+0	9.99985E-5	-3.46203E-5	-3.46209E-1
-1.97333E+0	-1.94803E+0	9.99985E-5	-3.45883E-5	-3.45888E-1
-1.96137E+0	-1.94503E+0	9.99985E-5	-3.45977E-5	-3.45982E-1
-1.94874E+0	-1.93707E+0	9.99986E-5	-3.46444E-5	-3.46449E-1
-1.93629E+0	-1.92499E+0	9.99985E-5	-3.46235E-5	-3.46240E-1
-1.92257E+0	-1.91190E+0	9.99985E-5	-3.45230E-5	-3.45235E-1
-1.91010E+0	-1.89891E+0	9.99987E-5	-3.45307E-5	-3.45312E-1
-1.89840E+0	-1.88619E+0	9.99986E-5	-3.46144E-5	-3.46149E-1
-1.88532E+0	-1.87365E+0	9.99985E-5	-3.45725E-5	-3.45730E-1
-1.87326E+0	-1.86130E+0	9.99986E-5	-3.45584E-5	-3.45589E-1
-1.85979E+0	-1.84888E+0	9.99985E-5	-3.46475E-5	-3.46480E-1
-1.84688E+0	-1.83640E+0	9.99985E-5	-3.47300E-5	-3.47305E-1
-1.83420E+0	-1.82409E+0	9.99985E-5	-3.46614E-5	-3.46620E-1
-1.82128E+0	-1.81175E+0	9.99985E-5	-3.45760E-5	-3.45765E-1
-1.80917E+0	-1.79937E+0	9.99986E-5	-3.45920E-5	-3.45925E-1
-1.79620E+0	-1.78707E+0	9.99986E-5	-3.46827E-5	-3.46832E-1
-1.78389E+0	-1.77469E+0	9.99985E-5	-3.47597E-5	-3.47602E-1
-1.77133E+0	-1.76229E+0	9.99985E-5	-3.46932E-5	-3.46937E-1
-1.75823E+0	-1.74988E+0	9.99986E-5	-3.46635E-5	-3.46640E-1
-1.74611E+0	-1.73745E+0	9.99985E-5	-3.45833E-5	-3.45838E-1
-1.73367E+0	-1.72510E+0	9.99985E-5	-3.45571E-5	-3.45576E-1
-1.72082E+0	-1.71270E+0	9.99985E-5	-3.46010E-5	-3.46015E-1
-1.70746E+0	-1.70019E+0	9.99984E-5	-3.46780E-5	-3.46786E-1
-1.69449E+0	-1.68782E+0	9.99985E-5	-3.46413E-5	-3.46418E-1
-1.68295E+0	-1.67547E+0	9.99985E-5	-3.46101E-5	-3.46106E-1
-1.67015E+0	-1.66300E+0	9.99984E-5	-3.46366E-5	-3.46372E-1
-1.65722E+0	-1.65065E+0	9.99985E-5	-3.46229E-5	-3.46234E-1
-1.64449E+0	-1.63820E+0	9.99986E-5	-3.46552E-5	-3.46557E-1
-1.63186E+0	-1.62582E+0	9.99986E-5	-3.47149E-5	-3.47153E-1
-1.61859E+0	-1.61348E+0	9.99985E-5	-3.47718E-5	-3.47724E-1
-1.60634E+0	-1.60104E+0	9.99985E-5	-3.47033E-5	-3.47039E-1
-1.59470E+0	-1.58865E+0	9.99984E-5	-3.45930E-5	-3.45936E-1
-1.58191E+0	-1.57630E+0	9.99984E-5	-3.46162E-5	-3.46167E-1
-1.56877E+0	-1.56390E+0	9.99986E-5	-3.46504E-5	-3.46508E-1
-1.55572E+0	-1.55151E+0	9.99986E-5	-3.47057E-5	-3.47062E-1
-1.54311E+0	-1.53915E+0	9.99986E-5	-3.46740E-5	-3.46745E-1
-1.53088E+0	-1.52675E+0	9.99986E-5	-3.45786E-5	-3.45791E-1
-1.51790E+0	-1.51431E+0	9.99986E-5	-3.46507E-5	-3.46512E-1
-1.50517E+0	-1.50182E+0	9.99986E-5	-3.47844E-5	-3.47849E-1
-1.49233E+0	-1.48942E+0	9.99985E-5	-3.47634E-5	-3.47639E-1
-1.47974E+0	-1.47711E+0	9.99985E-5	-3.46966E-5	-3.46971E-1
-1.46660E+0	-1.46479E+0	9.99986E-5	-3.47557E-5	-3.47562E-1
-1.45414E+0	-1.45242E+0	9.99987E-5	-3.47489E-5	-3.47493E-1
-1.44220E+0	-1.43999E+0	9.99986E-5	-3.47179E-5	-3.47183E-1
-1.42934E+0	-1.42762E+0	9.99985E-5	-3.47213E-5	-3.47218E-1
-1.41697E+0	-1.41517E+0	9.99985E-5	-3.46899E-5	-3.46904E-1
-1.40445E+0	-1.40274E+0	9.99985E-5	-3.47221E-5	-3.47226E-1
-1.39127E+0	-1.39048E+0	9.99985E-5	-3.47641E-5	-3.47646E-1
-1.37893E+0	-1.37814E+0	9.99986E-5	-3.47557E-5	-3.47562E-1
-1.36603E+0	-1.36564E+0	9.99986E-5	-3.48073E-5	-3.48078E-1
-1.35343E+0	-1.35321E+0	9.99985E-5	-3.48070E-5	-3.48076E-1
-1.34087E+0	-1.34088E+0	9.99985E-5	-3.47104E-5	-3.47109E-1
-1.32826E+0	-1.32857E+0	9.99986E-5	-3.47419E-5	-3.47424E-1
-1.31461E+0	-1.31621E+0	9.99986E-5	-3.48308E-5	-3.48313E-1
-1.30193E+0	-1.30383E+0	9.99985E-5	-3.48275E-5	-3.48280E-1
-1.29040E+0	-1.29147E+0	9.99986E-5	-3.47510E-5	-3.47515E-1
-1.27712E+0	-1.27909E+0	9.99986E-5	-3.48274E-5	-3.48279E-1
-1.26448E+0	-1.26673E+0	9.99986E-5	-3.48390E-5	-3.48395E-1
-1.25188E+0	-1.25444E+0	9.99985E-5	-3.47318E-5	-3.47324E-1
-1.23910E+0	-1.24211E+0	9.99985E-5	-3.47157E-5	-3.47162E-1
-1.22700E+0	-1.22976E+0	9.99986E-5	-3.47402E-5	-3.47407E-1
-1.21453E+0	-1.21739E+0	9.99986E-5	-3.48164E-5	-3.48169E-1
-1.20159E+0	-1.20499E+0	9.99985E-5	-3.47925E-5	-3.47930E-1
-1.18851E+0	-1.19252E+0	9.99985E-5	-3.47697E-5	-3.47703E-1
-1.17587E+0	-1.18016E+0	9.99986E-5	-3.47506E-5	-3.47511E-1
-1.16347E+0	-1.16790E+0	9.99986E-5	-3.47508E-5	-3.47513E-1
-1.15084E+0	-1.15543E+0	9.99986E-5	-3.48001E-5	-3.48006E-1
-1.13805E+0	-1.14286E+0	9.99987E-5	-3.47583E-5	-3.47588E-1
-1.12503E+0	-1.13052E+0	9.99986E-5	-3.47428E-5	-3.47433E-1
-1.11240E+0	-1.11822E+0	9.99985E-5	-3.48014E-5	-3.48019E-1
-1.10049E+0	-1.10578E+0	9.99985E-5	-3.48163E-5	-3.48168E-1
-1.08746E+0	-1.09344E+0	9.99985E-5	-3.47902E-5	-3.47907E-1
-1.07472E+0	-1.08116E+0	9.99986E-5	-3.47992E-5	-3.47997E-1
-1.06189E+0	-1.06869E+0	9.99987E-5	-3.47796E-5	-3.47801E-1
-1.04947E+0	-1.05604E+0	9.99986E-5	-3.47955E-5	-3.47960E-1
-1.03698E+0	-1.04350E+0	9.99985E-5	-3.47983E-5	-3.47989E-1
-1.02415E+0	-1.03099E+0	9.99985E-5	-3.47952E-5	-3.47957E-1
-1.01193E+0	-1.01836E+0	9.99984E-5	-3.47985E-5	-3.47990E-1
-9.99516E-1	-1.00574E+0	9.99985E-5	-3.47324E-5	-3.47329E-1
-9.86756E-1	-9.93109E-1	9.99985E-5	-3.47252E-5	-3.47257E-1
-9.73756E-1	-9.80238E-1	9.99985E-5	-3.48250E-5	-3.48255E-1
-9.61216E-1	-9.67145E-1	9.99986E-5	-3.47951E-5	-3.47957E-1
-9.48914E-1	-9.54247E-1	9.99986E-5	-3.47295E-5	-3.47300E-1
-9.35827E-1	-9.41445E-1	9.99985E-5	-3.47803E-5	-3.47808E-1
-9.23039E-1	-9.28684E-1	9.99985E-5	-3.48155E-5	-3.48160E-1
-9.10106E-1	-9.15972E-1	9.99986E-5	-3.47986E-5	-3.47991E-1
-8.97639E-1	-9.03305E-1	9.99985E-5	-3.47736E-5	-3.47741E-1
-8.84812E-1	-8.90677E-1	9.99984E-5	-3.48052E-5	-3.48058E-1
-8.72248E-1	-8.78122E-1	9.99985E-5	-3.47988E-5	-3.47994E-1
-8.60108E-1	-8.65577E-1	9.99985E-5	-3.47879E-5	-3.47884E-1
-8.47236E-1	-8.52996E-1	9.99986E-5	-3.48161E-5	-3.48166E-1
-8.34286E-1	-8.40566E-1	9.99986E-5	-3.48261E-5	-3.48266E-1
-8.21532E-1	-8.28152E-1	9.99986E-5	-3.47990E-5	-3.47995E-1
-8.09174E-1	-8.15660E-1	9.99985E-5	-3.48519E-5	-3.48524E-1
-7.96861E-1	-8.03225E-1	9.99985E-5	-3.48389E-5	-3.48394E-1
-7.83745E-1	-7.90896E-1	9.99985E-5	-3.48073E-5	-3.48078E-1
-7.71186E-1	-7.78627E-1	9.99986E-5	-3.48073E-5	-3.48078E-1
-7.58596E-1	-7.66405E-1	9.99986E-5	-3.48260E-5	-3.48265E-1
-7.45665E-1	-7.54044E-1	9.99987E-5	-3.49090E-5	-3.49095E-1
-7.32777E-1	-7.41670E-1	9.99985E-5	-3.49086E-5	-3.49091E-1
-7.20231E-1	-7.29400E-1	9.99985E-5	-3.48433E-5	-3.48438E-1
-7.07634E-1	-7.17228E-1	9.99985E-5	-3.48447E-5	-3.48452E-1
-6.95070E-1	-7.04935E-1	9.99985E-5	-3.48334E-5	-3.48339E-1
-6.82514E-1	-6.92598E-1	9.99984E-5	-3.48647E-5	-3.48652E-1
-6.69817E-1	-6.80487E-1	9.99985E-5	-3.48706E-5	-3.48711E-1
-6.56959E-1	-6.68276E-1	9.99986E-5	-3.48682E-5	-3.48687E-1
-6.44408E-1	-6.56057E-1	9.99985E-5	-3.48743E-5	-3.48748E-1
-6.32017E-1	-6.43892E-1	9.99985E-5	-3.48735E-5	-3.48740E-1
-6.19871E-1	-6.31590E-1	9.99985E-5	-3.48921E-5	-3.48926E-1
-6.06881E-1	-6.19378E-1	9.99986E-5	-3.48744E-5	-3.48749E-1
-5.93793E-1	-6.07290E-1	9.99984E-5	-3.48588E-5	-3.48593E-1
-5.80983E-1	-5.95126E-1	9.99985E-5	-3.48350E-5	-3.48355E-1
-5.68408E-1	-5.82819E-1	9.99985E-5	-3.48345E-5	-3.48350E-1
-5.56151E-1	-5.70491E-1	9.99985E-5	-3.48898E-5	-3.48903E-1
-5.43307E-1	-5.58332E-1	9.99985E-5	-3.48915E-5	-3.48920E-1
-5.30306E-1	-5.46116E-1	9.99985E-5	-3.48715E-5	-3.48720E-1
-5.17499E-1	-5.33810E-1	9.99985E-5	-3.48963E-5	-3.48969E-1
-5.05005E-1	-5.21675E-1	9.99985E-5	-3.49005E-5	-3.49010E-1
-4.92782E-1	-5.09437E-1	9.99986E-5	-3.49009E-5	-3.49014E-1
-4.80011E-1	-4.97083E-1	9.99986E-5	-3.49178E-5	-3.49183E-1
-4.67168E-1	-4.84784E-1	9.99985E-5	-3.49237E-5	-3.49243E-1
-4.54468E-1	-4.72585E-1	9.99985E-5	-3.49168E-5	-3.49174E-1
-4.41842E-1	-4.60340E-1	9.99986E-5	-3.49236E-5	-3.49242E-1
-4.29109E-1	-4.47978E-1	9.99985E-5	-3.49176E-5	-3.49181E-1
-4.16366E-1	-4.35762E-1	9.99985E-5	-3.49200E-5	-3.49205E-1
-4.03885E-1	-4.23458E-1	9.99986E-5	-3.49410E-5	-3.49415E-1
-3.91377E-1	-4.10988E-1	9.99985E-5	-3.49417E-5	-3.49422E-1
-3.78531E-1	-3.98630E-1	9.99985E-5	-3.49531E-5	-3.49536E-1
-3.65806E-1	-3.86283E-1	9.99986E-5	-3.49450E-5	-3.49455E-1
-3.53015E-1	-3.73588E-1	9.99984E-5	-3.49512E-5	-3.49517E-1
-3.40455E-1	-3.60902E-1	9.99984E-5	-3.49806E-5	-3.49812E-1
-3.28043E-1	-3.48593E-1	9.99986E-5	-3.49908E-5	-3.49913E-1
-3.15522E-1	-3.36142E-1	9.99985E-5	-3.49561E-5	-3.49566E-1
-3.02890E-1	-3.23698E-1	9.99985E-5	-3.49439E-5	-3.49444E-1
-2.90080E-1	-3.11287E-1	9.99987E-5	-3.49628E-5	-3.49633E-1
-2.77835E-1	-2.98847E-1	9.99986E-5	-3.49503E-5	-3.49508E-1
-2.64934E-1	-2.86364E-1	9.99985E-5	-3.49412E-5	-3.49418E-1
-2.51846E-1	-2.73875E-1	9.99985E-5	-3.49476E-5	-3.49481E-1
-2.39483E-1	-2.61343E-1	9.99985E-5	-3.49231E-5	-3.49236E-1
-2.26841E-1	-2.48715E-1	9.99985E-5	-3.49223E-5	-3.49228E-1
-2.13778E-1	-2.36155E-1	9.99985E-5	-3.49863E-5	-3.49869E-1
-2.01422E-1	-2.23651E-1	9.99986E-5	-3.50255E-5	-3.50260E-1
-1.88755E-1	-2.11049E-1	9.99986E-5	-3.50017E-5	-3.50022E-1
-1.75959E-1	-1.98378E-1	9.99985E-5	-3.49535E-5	-3.49541E-1
-1.63263E-1	-1.85782E-1	9.99984E-5	-3.49742E-5	-3.49748E-1
-1.50447E-1	-1.73096E-1	9.99985E-5	-3.50002E-5	-3.50007E-1
-1.37776E-1	-1.60427E-1	9.99987E-5	-3.49764E-5	-3.49769E-1
-1.25234E-1	-1.47827E-1	9.99987E-5	-3.49693E-5	-3.49697E-1
-1.12900E-1	-1.35148E-1	9.99986E-5	-3.49938E-5	-3.49943E-1
-9.99128E-2	-1.22501E-1	9.99985E-5	-3.49864E-5	-3.49869E-1
-8.73701E-2	-1.09822E-1	9.99986E-5	-3.50006E-5	-3.50011E-1
-7.47913E-2	-9.72260E-2	9.99985E-5	-3.50248E-5	-3.50253E-1
-6.22345E-2	-8.45531E-2	9.99985E-5	-3.50016E-5	-3.50021E-1
-4.95714E-2	-7.18440E-2	9.99985E-5	-3.50116E-5	-3.50122E-1
-3.68598E-2	-5.93019E-2	9.99984E-5	-3.50185E-5	-3.50191E-1
-2.40400E-2	-4.66653E-2	9.99986E-5	-3.50076E-5	-3.50081E-1
-1.13028E-2	-3.42997E-2	9.99986E-5	-3.50279E-5	-3.50284E-1
-3.63648E-3	-2.24435E-2	9.99987E-5	-3.50118E-5	-3.50122E-1
-9.08064E-4	-1.27072E-2	9.99986E-5	-3.50233E-5	-3.50238E-1
-4.70000E-4	-6.40624E-3	9.99986E-5	-3.50360E-5	-3.50365E-1
-7.27888E-4	-2.49689E-3	9.99985E-5	-3.50314E-5	-3.50319E-1
-9.50000E-4	-5.47998E-4	9.99985E-5	-3.50554E-5	-3.50559E-1
-9.50000E-4	3.85837E-4	9.99985E-5	-3.50604E-5	-3.50609E-1
5.57706E-3	1.18677E-3	9.99985E-5	-3.50331E-5	-3.50337E-1
1.49190E-2	2.99569E-3	9.99985E-5	-3.50283E-5	-3.50289E-1
2.77344E-2	8.40177E-3	9.99985E-5	-3.50232E-5	-3.50237E-1
3.99839E-2	1.78447E-2	9.99985E-5	-3.50245E-5	-3.50250E-1
5.29284E-2	2.94064E-2	9.99985E-5	-3.50266E-5	-3.50271E-1
6.58185E-2	4.09677E-2	9.99986E-5	-3.50282E-5	-3.50287E-1
7.78859E-2	5.28695E-2	9.99987E-5	-3.50408E-5	-3.50412E-1
9.06194E-2	6.55046E-2	9.99986E-5	-3.50527E-5	-3.50532E-1
1.03546E-1	7.81892E-2	9.99985E-5	-3.50563E-5	-3.50568E-1
1.16070E-1	9.08161E-2	9.99986E-5	-3.50438E-5	-3.50443E-1
1.28945E-1	1.03375E-1	9.99985E-5	-3.50360E-5	-3.50365E-1
1.41635E-1	1.15919E-1	9.99985E-5	-3.50585E-5	-3.50590E-1
1.54709E-1	1.28213E-1	9.99986E-5	-3.50754E-5	-3.50759E-1
1.66940E-1	1.40308E-1	9.99985E-5	-3.50631E-5	-3.50637E-1
1.79426E-1	1.52396E-1	9.99985E-5	-3.50441E-5	-3.50446E-1
1.92053E-1	1.64395E-1	9.99985E-5	-3.50471E-5	-3.50477E-1
2.04770E-1	1.76221E-1	9.99985E-5	-3.50269E-5	-3.50274E-1
2.17989E-1	1.87863E-1	9.99985E-5	-3.50153E-5	-3.50159E-1
2.30370E-1	1.99587E-1	9.99984E-5	-3.50336E-5	-3.50342E-1
2.42614E-1	2.11494E-1	9.99985E-5	-3.50439E-5	-3.50444E-1
2.55469E-1	2.23582E-1	9.99986E-5	-3.50693E-5	-3.50698E-1
2.68333E-1	2.35656E-1	9.99987E-5	-3.50700E-5	-3.50705E-1
2.80953E-1	2.47878E-1	9.99986E-5	-3.50555E-5	-3.50560E-1
2.93582E-1	2.60346E-1	9.99986E-5	-3.50537E-5	-3.50542E-1
3.06266E-1	2.72953E-1	9.99986E-5	-3.50622E-5	-3.50627E-1
3.18728E-1	2.85437E-1	9.99985E-5	-3.50887E-5	-3.50893E-1
3.31323E-1	2.97795E-1	9.99985E-5	-3.50588E-5	-3.50593E-1
3.44386E-1	3.10106E-1	9.99986E-5	-3.50664E-5	-3.50669E-1
3.56910E-1	3.22466E-1	9.99986E-5	-3.50609E-5	-3.50614E-1
3.68868E-1	3.34775E-1	9.99985E-5	-3.50476E-5	-3.50481E-1
3.81575E-1	3.46868E-1	9.99985E-5	-3.51086E-5	-3.51091E-1
3.94815E-1	3.59034E-1	9.99985E-5	-3.51102E-5	-3.51107E-1
4.07050E-1	3.71196E-1	9.99986E-5	-3.50883E-5	-3.50888E-1
4.20016E-1	3.83327E-1	9.99985E-5	-3.50658E-5	-3.50663E-1
4.33038E-1	3.93957E-1	9.99985E-5	-3.50658E-5	-3.50663E-1
4.45786E-1	4.05497E-1	9.99985E-5	-3.50798E-5	-3.50804E-1
4.58640E-1	4.19381E-1	9.99985E-5	-3.50924E-5	-3.50929E-1
4.71041E-1	4.32624E-1	9.99986E-5	-3.51025E-5	-3.51030E-1
4.83643E-1	4.45084E-1	9.99986E-5	-3.51019E-5	-3.51024E-1
4.96053E-1	4.57369E-1	9.99985E-5	-3.51285E-5	-3.51290E-1
5.08775E-1	4.69553E-1	9.99985E-5	-3.51432E-5	-3.51437E-1
5.21530E-1	4.81515E-1	9.99986E-5	-3.51259E-5	-3.51264E-1
5.33893E-1	4.93407E-1	9.99986E-5	-3.51282E-5	-3.51287E-1
5.47159E-1	5.05374E-1	9.99986E-5	-3.50983E-5	-3.50988E-1
5.59982E-1	5.17464E-1	9.99986E-5	-3.50996E-5	-3.51001E-1
5.72535E-1	5.29458E-1	9.99986E-5	-3.51249E-5	-3.51254E-1
5.84757E-1	5.41393E-1	9.99985E-5	-3.51355E-5	-3.51361E-1
5.96823E-1	5.53496E-1	9.99986E-5	-3.51589E-5	-3.51594E-1
6.09639E-1	5.65564E-1	9.99984E-5	-3.51623E-5	-3.51629E-1
6.21998E-1	5.77517E-1	9.99985E-5	-3.51586E-5	-3.51591E-1
6.34541E-1	5.89571E-1	9.99987E-5	-3.51446E-5	-3.51451E-1
6.48117E-1	6.01808E-1	9.99986E-5	-3.51509E-5	-3.51514E-1
6.60474E-1	6.13953E-1	9.99986E-5	-3.51323E-5	-3.51328E-1
6.73010E-1	6.25948E-1	9.99986E-5	-3.51072E-5	-3.51077E-1
6.86195E-1	6.38040E-1	9.99986E-5	-3.51152E-5	-3.51156E-1
6.98649E-1	6.50199E-1	9.99986E-5	-3.51264E-5	-3.51268E-1
7.10999E-1	6.62311E-1	9.99985E-5	-3.51081E-5	-3.51086E-1
7.24281E-1	6.74453E-1	9.99985E-5	-3.50958E-5	-3.50964E-1
7.36916E-1	6.86693E-1	9.99985E-5	-3.51291E-5	-3.51296E-1
7.48831E-1	6.98885E-1	9.99986E-5	-3.51397E-5	-3.51402E-1
7.61548E-1	7.11125E-1	9.99987E-5	-3.51758E-5	-3.51763E-1
7.74445E-1	7.23355E-1	9.99986E-5	-3.51866E-5	-3.51872E-1
7.87624E-1	7.35509E-1	9.99985E-5	-3.51582E-5	-3.51587E-1
8.00168E-1	7.47682E-1	9.99985E-5	-3.51539E-5	-3.51544E-1
8.12127E-1	7.59936E-1	9.99985E-5	-3.51447E-5	-3.51453E-1
8.24949E-1	7.72304E-1	9.99985E-5	-3.51507E-5	-3.51512E-1
8.37782E-1	7.84558E-1	9.99985E-5	-3.51759E-5	-3.51764E-1
8.50548E-1	7.96884E-1	9.99985E-5	-3.52148E-5	-3.52153E-1
8.63199E-1	8.09240E-1	9.99985E-5	-3.52705E-5	-3.52711E-1
8.75157E-1	8.21667E-1	9.99986E-5	-3.52307E-5	-3.52312E-1
8.88221E-1	8.34056E-1	9.99986E-5	-3.51765E-5	-3.51770E-1
9.01175E-1	8.46458E-1	9.99986E-5	-3.52534E-5	-3.52539E-1
9.14472E-1	8.58923E-1	9.99986E-5	-3.52850E-5	-3.52855E-1
9.27215E-1	8.71375E-1	9.99986E-5	-3.52227E-5	-3.52232E-1
9.40079E-1	8.83934E-1	9.99985E-5	-3.51928E-5	-3.51933E-1
9.52136E-1	8.96638E-1	9.99985E-5	-3.51159E-5	-3.51165E-1
9.64347E-1	9.09252E-1	9.99985E-5	-3.51210E-5	-3.51215E-1
9.76884E-1	9.21805E-1	9.99986E-5	-3.51868E-5	-3.51873E-1
9.89741E-1	9.34552E-1	9.99985E-5	-3.51868E-5	-3.51873E-1
1.00267E+0	9.47254E-1	9.99985E-5	-3.51797E-5	-3.51803E-1
1.01508E+0	9.59977E-1	9.99986E-5	-3.52039E-5	-3.52044E-1
1.02680E+0	9.72856E-1	9.99987E-5	-3.52561E-5	-3.52566E-1
1.03970E+0	9.85728E-1	9.99986E-5	-3.52594E-5	-3.52599E-1
1.05285E+0	9.98479E-1	9.99985E-5	-3.52785E-5	-3.52790E-1
1.06601E+0	1.01124E+0	9.99984E-5	-3.52982E-5	-3.52988E-1
1.07851E+0	1.02387E+0	9.99985E-5	-3.52461E-5	-3.52466E-1
1.09120E+0	1.03620E+0	9.99986E-5	-3.52849E-5	-3.52854E-1
1.10412E+0	1.04846E+0	9.99986E-5	-3.53019E-5	-3.53024E-1
1.11609E+0	1.06071E+0	9.99986E-5	-3.52630E-5	-3.52635E-1
1.12906E+0	1.07293E+0	9.99986E-5	-3.52483E-5	-3.52488E-1
1.14165E+0	1.08521E+0	9.99986E-5	-3.52960E-5	-3.52965E-1
1.15465E+0	1.09741E+0	9.99986E-5	-3.53604E-5	-3.53609E-1
1.16748E+0	1.10963E+0	9.99986E-5	-3.52791E-5	-3.52796E-1
1.17939E+0	1.12191E+0	9.99986E-5	-3.52164E-5	-3.52169E-1
1.19217E+0	1.13424E+0	9.99985E-5	-3.52254E-5	-3.52260E-1
1.20475E+0	1.14659E+0	9.99986E-5	-3.52250E-5	-3.52255E-1
1.21828E+0	1.15884E+0	9.99986E-5	-3.51781E-5	-3.51786E-1
1.23083E+0	1.17102E+0	9.99986E-5	-3.52620E-5	-3.52625E-1
1.24338E+0	1.18337E+0	9.99985E-5	-3.52847E-5	-3.52853E-1
1.25617E+0	1.19565E+0	9.99985E-5	-3.52253E-5	-3.52258E-1
1.26814E+0	1.20783E+0	9.99985E-5	-3.52279E-5	-3.52284E-1
1.28102E+0	1.22017E+0	9.99986E-5	-3.51930E-5	-3.51935E-1
1.29391E+0	1.23249E+0	9.99985E-5	-3.52218E-5	-3.52223E-1
1.30650E+0	1.24475E+0	9.99985E-5	-3.52573E-5	-3.52579E-1
1.31912E+0	1.25705E+0	9.99984E-5	-3.52291E-5	-3.52296E-1
1.33151E+0	1.26940E+0	9.99985E-5	-3.52259E-5	-3.52265E-1
1.34431E+0	1.28170E+0	9.99985E-5	-3.52079E-5	-3.52084E-1
1.35690E+0	1.29389E+0	9.99986E-5	-3.51551E-5	-3.51556E-1
1.37018E+0	1.30623E+0	9.99986E-5	-3.52349E-5	-3.52354E-1
1.38302E+0	1.31874E+0	9.99985E-5	-3.52554E-5	-3.52559E-1
1.39501E+0	1.33115E+0	9.99985E-5	-3.52030E-5	-3.52036E-1
1.40749E+0	1.34340E+0	9.99985E-5	-3.51765E-5	-3.51770E-1
1.41978E+0	1.35578E+0	9.99986E-5	-3.52322E-5	-3.52327E-1
1.43278E+0	1.36810E+0	9.99987E-5	-3.52782E-5	-3.52786E-1
1.44593E+0	1.38036E+0	9.99987E-5	-3.53214E-5	-3.53219E-1
1.45899E+0	1.39272E+0	9.99986E-5	-3.53510E-5	-3.53515E-1
1.47165E+0	1.40512E+0	9.99986E-5	-3.53374E-5	-3.53379E-1
1.48360E+0	1.41739E+0	9.99987E-5	-3.53322E-5	-3.53327E-1
1.49690E+0	1.42967E+0	9.99986E-5	-3.52783E-5	-3.52788E-1
1.50920E+0	1.44204E+0	9.99984E-5	-3.53209E-5	-3.53214E-1
1.52228E+0	1.45432E+0	9.99985E-5	-3.53684E-5	-3.53689E-1
1.53465E+0	1.46660E+0	9.99986E-5	-3.53249E-5	-3.53254E-1
1.54673E+0	1.47905E+0	9.99986E-5	-3.53044E-5	-3.53049E-1
1.55967E+0	1.49153E+0	9.99986E-5	-3.53820E-5	-3.53825E-1
1.57220E+0	1.50390E+0	9.99985E-5	-3.53595E-5	-3.53600E-1
1.58502E+0	1.51628E+0	9.99985E-5	-3.53247E-5	-3.53252E-1
1.59778E+0	1.52862E+0	9.99986E-5	-3.53970E-5	-3.53975E-1
1.61033E+0	1.54089E+0	9.99987E-5	-3.54398E-5	-3.54402E-1
1.62326E+0	1.55318E+0	9.99988E-5	-3.53648E-5	-3.53653E-1
1.63566E+0	1.56554E+0	9.99986E-5	-3.53036E-5	-3.53041E-1
1.64823E+0	1.57787E+0	9.99985E-5	-3.52579E-5	-3.52584E-1
1.66101E+0	1.59021E+0	9.99986E-5	-3.52678E-5	-3.52683E-1
1.67425E+0	1.60267E+0	9.99987E-5	-3.53412E-5	-3.53417E-1
1.68653E+0	1.61516E+0	9.99987E-5	-3.53705E-5	-3.53710E-1
1.69848E+0	1.62759E+0	9.99986E-5	-3.53885E-5	-3.53890E-1
1.71142E+0	1.63988E+0	9.99986E-5	-3.53510E-5	-3.53514E-1
1.72402E+0	1.65216E+0	9.99986E-5	-3.52924E-5	-3.52929E-1
1.73733E+0	1.66452E+0	9.99986E-5	-3.53007E-5	-3.53012E-1
1.75005E+0	1.67694E+0	9.99986E-5	-3.53559E-5	-3.53564E-1
1.76169E+0	1.68942E+0	9.99986E-5	-3.53413E-5	-3.53418E-1
1.77512E+0	1.70188E+0	9.99986E-5	-3.53674E-5	-3.53679E-1
1.78743E+0	1.71417E+0	9.99985E-5	-3.53611E-5	-3.53616E-1
1.80033E+0	1.72649E+0	9.99985E-5	-3.53136E-5	-3.53142E-1
1.81323E+0	1.73888E+0	9.99986E-5	-3.53070E-5	-3.53075E-1
1.82606E+0	1.75138E+0	9.99986E-5	-3.53976E-5	-3.53981E-1
1.83876E+0	1.76382E+0	9.99986E-5	-3.54523E-5	-3.54528E-1
1.85053E+0	1.77617E+0	9.99987E-5	-3.53369E-5	-3.53373E-1
1.86349E+0	1.78866E+0	9.99986E-5	-3.52883E-5	-3.52888E-1
1.87629E+0	1.80111E+0	9.99986E-5	-3.52632E-5	-3.52637E-1
1.88863E+0	1.81358E+0	9.99986E-5	-3.52732E-5	-3.52737E-1
1.90138E+0	1.82604E+0	9.99987E-5	-3.54263E-5	-3.54267E-1
1.91385E+0	1.83846E+0	9.99987E-5	-3.54389E-5	-3.54394E-1
1.92715E+0	1.85082E+0	9.99986E-5	-3.54144E-5	-3.54149E-1
1.93980E+0	1.86328E+0	9.99987E-5	-3.53897E-5	-3.53902E-1
1.95267E+0	1.87569E+0	9.99987E-5	-3.53963E-5	-3.53968E-1
1.96511E+0	1.88808E+0	9.99986E-5	-3.53842E-5	-3.53847E-1
1.97667E+0	1.90065E+0	9.99986E-5	-3.53603E-5	-3.53608E-1
1.99014E+0	1.91300E+0	9.99986E-5	-3.53833E-5	-3.53838E-1
1.99931E+0	1.92483E+0	9.99985E-5	-3.54575E-5	-3.54580E-1
2.00152E+0	1.93444E+0	9.99986E-5	-3.54428E-5	-3.54433E-1
2.00152E+0	1.94083E+0	9.99986E-5	-3.54586E-5	-3.54591E-1
2.00152E+0	1.94483E+0	9.99987E-5	-3.55323E-5	-3.55328E-1
