B_digital_(T)	B_analog_(T)	I_s	V_nv	R_nv
2.00152E+0	1.95677E+0	9.99986E-5	-3.69604E-5	-3.69609E-1
2.00185E+0	1.95673E+0	9.99987E-5	-3.67592E-5	-3.67597E-1
2.00200E+0	1.95674E+0	9.99986E-5	-3.67621E-5	-3.67626E-1
2.00200E+0	1.95674E+0	9.99985E-5	-3.68408E-5	-3.68413E-1
2.00200E+0	1.95674E+0	9.99986E-5	-3.65261E-5	-3.65266E-1
2.00200E+0	1.95674E+0	9.99986E-5	-3.63188E-5	-3.63193E-1
2.00177E+0	1.95674E+0	9.99986E-5	-3.65754E-5	-3.65759E-1
2.00152E+0	1.95677E+0	9.99985E-5	-3.66476E-5	-3.66482E-1
2.00126E+0	1.95677E+0	9.99986E-5	-3.65250E-5	-3.65255E-1
2.00133E+0	1.95677E+0	9.99985E-5	-3.67616E-5	-3.67621E-1
2.00184E+0	1.95677E+0	9.99985E-5	-3.67635E-5	-3.67640E-1
2.00234E+0	1.95677E+0	9.99986E-5	-3.67482E-5	-3.67487E-1
2.00215E+0	1.95677E+0	9.99986E-5	-3.67166E-5	-3.67171E-1
2.00200E+0	1.95677E+0	9.99987E-5	-3.64545E-5	-3.64550E-1
2.00200E+0	1.95679E+0	9.99985E-5	-3.66078E-5	-3.66083E-1
2.00170E+0	1.95679E+0	9.99986E-5	-3.64311E-5	-3.64316E-1
2.00182E+0	1.95679E+0	9.99986E-5	-3.62188E-5	-3.62193E-1
2.00200E+0	1.95682E+0	9.99986E-5	-3.65329E-5	-3.65334E-1
2.00146E+0	1.95682E+0	9.99985E-5	-3.66941E-5	-3.66946E-1
2.00105E+0	1.95682E+0	9.99985E-5	-3.67785E-5	-3.67791E-1
2.00135E+0	1.95682E+0	9.99984E-5	-3.70476E-5	-3.70482E-1
2.00123E+0	1.95682E+0	9.99985E-5	-3.69009E-5	-3.69014E-1
2.00155E+0	1.95682E+0	9.99985E-5	-3.64428E-5	-3.64434E-1
2.00200E+0	1.95679E+0	9.99985E-5	-3.63928E-5	-3.63933E-1
2.00170E+0	1.95677E+0	9.99985E-5	-3.65799E-5	-3.65804E-1
2.00152E+0	1.95679E+0	9.99985E-5	-3.65013E-5	-3.65018E-1
2.00182E+0	1.95682E+0	9.99985E-5	-3.67128E-5	-3.67134E-1
2.00200E+0	1.95684E+0	9.99985E-5	-3.69271E-5	-3.69276E-1
2.00172E+0	1.95684E+0	9.99986E-5	-3.65271E-5	-3.65276E-1
2.00124E+0	1.95682E+0	9.99986E-5	-3.63086E-5	-3.63092E-1
2.00200E+0	1.95682E+0	9.99985E-5	-3.62027E-5	-3.62032E-1
2.00169E+0	1.95684E+0	9.99985E-5	-3.63242E-5	-3.63247E-1
2.00122E+0	1.95684E+0	9.99985E-5	-3.66501E-5	-3.66507E-1
2.00161E+0	1.95682E+0	9.99985E-5	-3.67576E-5	-3.67581E-1
2.00170E+0	1.95687E+0	9.99985E-5	-3.65481E-5	-3.65486E-1
2.00152E+0	1.95689E+0	9.99986E-5	-3.64852E-5	-3.64857E-1
2.00123E+0	1.95687E+0	9.99985E-5	-3.65420E-5	-3.65425E-1
2.00105E+0	1.95687E+0	9.99986E-5	-3.65657E-5	-3.65662E-1
2.00134E+0	1.95687E+0	9.99985E-5	-3.69660E-5	-3.69665E-1
2.00123E+0	1.95684E+0	9.99985E-5	-3.69046E-5	-3.69051E-1
2.00163E+0	1.95684E+0	9.99984E-5	-3.65297E-5	-3.65302E-1
2.00170E+0	1.95684E+0	9.99985E-5	-3.67847E-5	-3.67852E-1
2.00121E+0	1.95684E+0	9.99986E-5	-3.67430E-5	-3.67435E-1
2.00168E+0	1.95687E+0	9.99986E-5	-3.67919E-5	-3.67924E-1
2.00200E+0	1.95687E+0	9.99985E-5	-3.68780E-5	-3.68785E-1
2.00142E+0	1.95687E+0	9.99986E-5	-3.67547E-5	-3.67553E-1
2.00105E+0	1.95690E+0	9.99985E-5	-3.66470E-5	-3.66476E-1
2.00135E+0	1.95692E+0	9.99985E-5	-3.64769E-5	-3.64775E-1
2.00185E+0	1.95689E+0	9.99986E-5	-3.64542E-5	-3.64547E-1
2.00165E+0	1.95687E+0	9.99985E-5	-3.64220E-5	-3.64226E-1
2.00182E+0	1.95687E+0	9.99985E-5	-3.65758E-5	-3.65763E-1
2.00200E+0	1.95687E+0	9.99985E-5	-3.67784E-5	-3.67790E-1
2.00171E+0	1.95690E+0	9.99985E-5	-3.66175E-5	-3.66181E-1
2.00175E+0	1.95690E+0	9.99985E-5	-3.63833E-5	-3.63838E-1
2.00168E+0	1.95687E+0	9.99985E-5	-3.63011E-5	-3.63016E-1
2.00180E+0	1.95689E+0	9.99985E-5	-3.64427E-5	-3.64432E-1
2.00177E+0	1.95692E+0	9.99985E-5	-3.64271E-5	-3.64277E-1
2.00152E+0	1.95689E+0	9.99986E-5	-3.65529E-5	-3.65534E-1
2.00187E+0	1.95687E+0	9.99986E-5	-3.67177E-5	-3.67183E-1
2.00134E+0	1.95689E+0	9.99986E-5	-3.69098E-5	-3.69103E-1
2.00137E+0	1.95692E+0	9.99986E-5	-3.69382E-5	-3.69387E-1
2.00152E+0	1.95692E+0	9.99985E-5	-3.69267E-5	-3.69273E-1
2.00183E+0	1.95689E+0	9.99984E-5	-3.66777E-5	-3.66782E-1
2.00200E+0	1.95692E+0	9.99985E-5	-3.66860E-5	-3.66866E-1
2.00168E+0	1.95695E+0	9.99986E-5	-3.70430E-5	-3.70436E-1
2.00152E+0	1.95695E+0	9.99987E-5	-3.71217E-5	-3.71222E-1
2.00185E+0	1.95695E+0	9.99986E-5	-3.69270E-5	-3.69276E-1
2.00167E+0	1.95692E+0	9.99985E-5	-3.64582E-5	-3.64588E-1
2.00152E+0	1.95689E+0	9.99985E-5	-3.64221E-5	-3.64226E-1
2.00122E+0	1.95689E+0	9.99986E-5	-3.65301E-5	-3.65306E-1
2.00169E+0	1.95692E+0	9.99986E-5	-3.67709E-5	-3.67714E-1
2.00200E+0	1.95695E+0	9.99984E-5	-3.67698E-5	-3.67704E-1
2.00144E+0	1.95694E+0	9.99985E-5	-3.65733E-5	-3.65738E-1
2.00133E+0	1.95695E+0	9.99986E-5	-3.66878E-5	-3.66883E-1
2.00181E+0	1.95695E+0	9.99985E-5	-3.66322E-5	-3.66328E-1
2.00172E+0	1.95694E+0	9.99985E-5	-3.64229E-5	-3.64234E-1
2.00182E+0	1.95697E+0	9.99985E-5	-3.64512E-5	-3.64518E-1
2.00139E+0	1.95697E+0	9.99985E-5	-3.65898E-5	-3.65904E-1
2.00164E+0	1.95694E+0	9.99985E-5	-3.67483E-5	-3.67489E-1
2.00200E+0	1.95695E+0	9.99985E-5	-3.67718E-5	-3.67723E-1
2.00200E+0	1.95697E+0	9.99985E-5	-3.70022E-5	-3.70028E-1
2.00144E+0	1.95694E+0	9.99985E-5	-3.73124E-5	-3.73130E-1
2.00160E+0	1.95692E+0	9.99986E-5	-3.69037E-5	-3.69042E-1
2.00173E+0	1.95695E+0	9.99986E-5	-3.64976E-5	-3.64982E-1
2.00179E+0	1.95697E+0	9.99985E-5	-3.69447E-5	-3.69453E-1
2.00171E+0	1.95697E+0	9.99984E-5	-3.70361E-5	-3.70367E-1
2.00152E+0	1.95694E+0	9.99985E-5	-3.68204E-5	-3.68210E-1
2.00152E+0	1.95695E+0	9.99985E-5	-3.67954E-5	-3.67960E-1
2.00152E+0	1.95697E+0	9.99984E-5	-3.69392E-5	-3.69398E-1
2.00185E+0	1.95697E+0	9.99984E-5	-3.67470E-5	-3.67476E-1
2.00200E+0	1.95697E+0	9.99985E-5	-3.66851E-5	-3.66857E-1
2.00133E+0	1.95697E+0	9.99984E-5	-3.68154E-5	-3.68160E-1
2.00105E+0	1.95700E+0	9.99984E-5	-3.65762E-5	-3.65768E-1
2.00138E+0	1.95700E+0	9.99985E-5	-3.62832E-5	-3.62837E-1
2.00200E+0	1.95697E+0	9.99984E-5	-3.67564E-5	-3.67570E-1
2.00176E+0	1.95697E+0	9.99984E-5	-3.67210E-5	-3.67216E-1
2.00177E+0	1.95697E+0	9.99985E-5	-3.68196E-5	-3.68202E-1
2.00168E+0	1.95697E+0	9.99984E-5	-3.67021E-5	-3.67027E-1
2.00186E+0	1.95697E+0	9.99985E-5	-3.62427E-5	-3.62433E-1
2.00172E+0	1.95700E+0	9.99985E-5	-3.64484E-5	-3.64489E-1
2.00177E+0	1.95702E+0	9.99985E-5	-3.68021E-5	-3.68027E-1
2.00173E+0	1.95700E+0	9.99985E-5	-3.64358E-5	-3.64364E-1
2.00126E+0	1.95700E+0	9.99985E-5	-3.62545E-5	-3.62551E-1
2.00105E+0	1.95702E+0	9.99984E-5	-3.65965E-5	-3.65971E-1
2.00135E+0	1.95702E+0	9.99984E-5	-3.69355E-5	-3.69360E-1
2.00152E+0	1.95700E+0	9.99986E-5	-3.67348E-5	-3.67353E-1
2.00152E+0	1.95700E+0	9.99987E-5	-3.63699E-5	-3.63704E-1
2.00152E+0	1.95702E+0	9.99986E-5	-3.66434E-5	-3.66439E-1
2.00152E+0	1.95702E+0	9.99984E-5	-3.69521E-5	-3.69526E-1
2.00152E+0	1.95702E+0	9.99985E-5	-3.66440E-5	-3.66446E-1
2.00180E+0	1.95702E+0	9.99985E-5	-3.64952E-5	-3.64957E-1
2.00200E+0	1.95702E+0	9.99985E-5	-3.68122E-5	-3.68128E-1
2.00170E+0	1.95702E+0	9.99986E-5	-3.67384E-5	-3.67389E-1
2.00152E+0	1.95700E+0	9.99986E-5	-3.66294E-5	-3.66299E-1
2.00186E+0	1.95702E+0	9.99986E-5	-3.67486E-5	-3.67492E-1
2.00132E+0	1.95705E+0	9.99986E-5	-3.65771E-5	-3.65777E-1
2.00169E+0	1.95702E+0	9.99986E-5	-3.62935E-5	-3.62940E-1
2.00200E+0	1.95700E+0	9.99986E-5	-3.65909E-5	-3.65914E-1
2.00200E+0	1.95700E+0	9.99985E-5	-3.66530E-5	-3.66535E-1
2.00167E+0	1.95702E+0	9.99985E-5	-3.65579E-5	-3.65585E-1
2.00152E+0	1.95702E+0	9.99984E-5	-3.64179E-5	-3.64185E-1
2.00120E+0	1.95702E+0	9.99984E-5	-3.64110E-5	-3.64116E-1
2.00137E+0	1.95702E+0	9.99986E-5	-3.65327E-5	-3.65332E-1
2.00152E+0	1.95702E+0	9.99986E-5	-3.67148E-5	-3.67154E-1
2.00152E+0	1.95702E+0	9.99985E-5	-3.66561E-5	-3.66566E-1
2.00125E+0	1.95702E+0	9.99984E-5	-3.63122E-5	-3.63127E-1
2.00105E+0	1.95702E+0	9.99984E-5	-3.66362E-5	-3.66368E-1
2.00129E+0	1.95702E+0	9.99984E-5	-3.70359E-5	-3.70365E-1
2.00152E+0	1.95702E+0	9.99985E-5	-3.69843E-5	-3.69848E-1
2.00152E+0	1.95702E+0	9.99986E-5	-3.67988E-5	-3.67993E-1
2.00152E+0	1.95702E+0	9.99985E-5	-3.65876E-5	-3.65882E-1
2.00152E+0	1.95702E+0	9.99985E-5	-3.63490E-5	-3.63496E-1
2.00180E+0	1.95702E+0	9.99985E-5	-3.63237E-5	-3.63243E-1
2.00173E+0	1.95700E+0	9.99986E-5	-3.64432E-5	-3.64437E-1
2.00152E+0	1.95702E+0	9.99986E-5	-3.65768E-5	-3.65773E-1
2.00119E+0	1.95705E+0	9.99985E-5	-3.70521E-5	-3.70527E-1
2.00162E+0	1.95702E+0	9.99985E-5	-3.68687E-5	-3.68693E-1
2.00200E+0	1.95700E+0	9.99985E-5	-3.65407E-5	-3.65412E-1
2.00200E+0	1.95702E+0	9.99986E-5	-3.65266E-5	-3.65271E-1
2.00175E+0	1.95707E+0	9.99985E-5	-3.68181E-5	-3.68186E-1
2.00152E+0	1.95705E+0	9.99984E-5	-3.69704E-5	-3.69710E-1
2.00128E+0	1.95705E+0	9.99985E-5	-3.66945E-5	-3.66951E-1
2.00152E+0	1.95707E+0	9.99985E-5	-3.65147E-5	-3.65153E-1
2.00176E+0	1.95707E+0	9.99986E-5	-3.68886E-5	-3.68891E-1
2.00127E+0	1.95707E+0	9.99985E-5	-3.67208E-5	-3.67214E-1
2.00162E+0	1.95705E+0	9.99985E-5	-3.66098E-5	-3.66103E-1
2.00171E+0	1.95705E+0	9.99986E-5	-3.66416E-5	-3.66422E-1
2.00152E+0	1.95707E+0	9.99987E-5	-3.65911E-5	-3.65916E-1
2.00179E+0	1.95707E+0	9.99987E-5	-3.65690E-5	-3.65694E-1
2.00175E+0	1.95707E+0	9.99987E-5	-3.64258E-5	-3.64262E-1
2.00126E+0	1.95707E+0	9.99986E-5	-3.65124E-5	-3.65128E-1
2.00131E+0	1.95707E+0	9.99986E-5	-3.65501E-5	-3.65506E-1
2.00178E+0	1.95707E+0	5.51809E-5	-1.90818E-5	1.12980E+1
2.00173E+0	1.95707E+0	4.33579E-5	-1.61194E-5	1.28914E+1
2.00152E+0	1.95707E+0	9.99986E-5	-3.55778E-5	-3.55783E-1
2.00152E+0	1.95710E+0	9.99986E-5	-3.56075E-5	-3.56080E-1
2.00152E+0	1.95707E+0	9.99985E-5	-3.51176E-5	-3.51181E-1
2.00176E+0	1.95705E+0	9.99986E-5	-3.51566E-5	-3.51571E-1
2.00200E+0	1.95707E+0	9.99987E-5	-3.55659E-5	-3.55664E-1
2.00170E+0	1.95705E+0	5.48289E-5	-1.88871E-5	-5.58667E+1
2.00182E+0	1.95705E+0	4.38505E-5	1.65431E-5	-6.21099E+1
2.00146E+0	1.95710E+0	9.99985E-5	3.56028E-5	3.56033E-1
2.00131E+0	1.95707E+0	9.99985E-5	3.51036E-5	3.51041E-1
2.00152E+0	1.95702E+0	9.99985E-5	3.51294E-5	3.51299E-1
2.00125E+0	1.95705E+0	9.99986E-5	3.52836E-5	3.52841E-1
2.00162E+0	1.95707E+0	9.99986E-5	3.52694E-5	3.52699E-1
2.00169E+0	1.95707E+0	9.99986E-5	3.53308E-5	3.53313E-1
2.00186E+0	1.95710E+0	9.99985E-5	3.55002E-5	3.55007E-1
2.00134E+0	1.95707E+0	9.99986E-5	3.53806E-5	3.53811E-1
2.00160E+0	1.95705E+0	9.99986E-5	3.50849E-5	3.50854E-1
2.00200E+0	1.95707E+0	9.99984E-5	3.54546E-5	3.54552E-1
2.00132E+0	1.95710E+0	9.99985E-5	3.56512E-5	3.56517E-1
2.00105E+0	1.95710E+0	9.99986E-5	3.54064E-5	3.54069E-1
2.00105E+0	1.95707E+0	9.99987E-5	3.53609E-5	3.53613E-1
2.00173E+0	1.95707E+0	9.99987E-5	3.53538E-5	3.53543E-1
2.00200E+0	1.95707E+0	9.99985E-5	3.53133E-5	3.53138E-1
2.00200E+0	1.95710E+0	9.99985E-5	3.53754E-5	3.53759E-1
2.00167E+0	1.95710E+0	9.99986E-5	3.52511E-5	3.52516E-1
2.00152E+0	1.95707E+0	9.99986E-5	3.52107E-5	3.52112E-1
2.00122E+0	1.95710E+0	9.99985E-5	3.52099E-5	3.52105E-1
2.00166E+0	1.95713E+0	9.99985E-5	3.53417E-5	3.53423E-1
2.00200E+0	1.95713E+0	9.99984E-5	3.53812E-5	3.53818E-1
2.00134E+0	1.95713E+0	9.99984E-5	3.52439E-5	3.52444E-1
2.00105E+0	1.95710E+0	9.99986E-5	3.52703E-5	3.52708E-1
2.00162E+0	1.95707E+0	9.99986E-5	3.53829E-5	3.53834E-1
2.00145E+0	1.95710E+0	9.99986E-5	3.55618E-5	3.55623E-1
2.00133E+0	1.95713E+0	9.99985E-5	3.57891E-5	3.57896E-1
2.00182E+0	1.95713E+0	9.99984E-5	3.57615E-5	3.57621E-1
2.00136E+0	1.95710E+0	9.99985E-5	3.55512E-5	3.55517E-1
2.00105E+0	1.95707E+0	9.99985E-5	3.54764E-5	3.54769E-1
2.00167E+0	1.95710E+0	9.99985E-5	3.53924E-5	3.53929E-1
2.00170E+0	1.95713E+0	9.99985E-5	3.52069E-5	3.52075E-1
2.00152E+0	1.95713E+0	9.99986E-5	3.52386E-5	3.52391E-1
2.00152E+0	1.95710E+0	9.99986E-5	3.55333E-5	3.55338E-1
2.00152E+0	1.95710E+0	9.99985E-5	3.55428E-5	3.55434E-1
2.00152E+0	1.95713E+0	9.99986E-5	3.52040E-5	3.52045E-1
2.00126E+0	1.95713E+0	9.99987E-5	3.51208E-5	3.51213E-1
2.00134E+0	1.95710E+0	9.99986E-5	3.52290E-5	3.52295E-1
2.00182E+0	1.95707E+0	9.99985E-5	3.55855E-5	3.55861E-1
2.00170E+0	1.95710E+0	9.99987E-5	3.54248E-5	3.54252E-1
2.00152E+0	1.95713E+0	9.99987E-5	3.53100E-5	3.53105E-1
2.00152E+0	1.95713E+0	9.99986E-5	3.56000E-5	3.56004E-1
2.00186E+0	1.95710E+0	9.99986E-5	3.56848E-5	3.56853E-1
2.00200E+0	1.95710E+0	9.99986E-5	3.56876E-5	3.56881E-1
2.00200E+0	1.95713E+0	9.99988E-5	3.55836E-5	3.55840E-1
2.00200E+0	1.95713E+0	9.99988E-5	3.50942E-5	3.50947E-1
2.00165E+0	1.95713E+0	9.99986E-5	3.52472E-5	3.52478E-1
2.00185E+0	1.95713E+0	9.99984E-5	3.55798E-5	3.55803E-1
2.00134E+0	1.95713E+0	9.99985E-5	3.52720E-5	3.52725E-1
2.00160E+0	1.95713E+0	9.99985E-5	3.51253E-5	3.51258E-1
2.00200E+0	1.95715E+0	9.99985E-5	3.54019E-5	3.54024E-1
2.00170E+0	1.95715E+0	9.99985E-5	3.56723E-5	3.56729E-1
2.00152E+0	1.95713E+0	9.99984E-5	3.53879E-5	3.53884E-1
2.00119E+0	1.95713E+0	9.99986E-5	3.52109E-5	3.52114E-1
2.00163E+0	1.95713E+0	9.99986E-5	3.51923E-5	3.51928E-1
2.00200E+0	1.95713E+0	9.99986E-5	3.53226E-5	3.53231E-1
2.00169E+0	1.95713E+0	9.99985E-5	3.53993E-5	3.53998E-1
2.00152E+0	1.95713E+0	9.99985E-5	3.52028E-5	3.52033E-1
2.00152E+0	1.95713E+0	9.99986E-5	3.50174E-5	3.50179E-1
2.00182E+0	1.95713E+0	9.99985E-5	3.50640E-5	3.50645E-1
2.00166E+0	1.95710E+0	9.99985E-5	3.55046E-5	3.55051E-1
2.00184E+0	1.95710E+0	9.99986E-5	3.55273E-5	3.55278E-1
2.00144E+0	1.95713E+0	9.99985E-5	3.51170E-5	3.51175E-1
2.00132E+0	1.95713E+0	9.99986E-5	3.52884E-5	3.52889E-1
2.00152E+0	1.95713E+0	9.99985E-5	3.54130E-5	3.54135E-1
2.00152E+0	1.95715E+0	9.99985E-5	3.54514E-5	3.54520E-1
2.00184E+0	1.95715E+0	9.99985E-5	3.55543E-5	3.55548E-1
2.00170E+0	1.95713E+0	9.99986E-5	3.53115E-5	3.53120E-1
2.00179E+0	1.95713E+0	9.99987E-5	3.52493E-5	3.52497E-1
2.00147E+0	1.95713E+0	9.99987E-5	3.53983E-5	3.53987E-1
2.00132E+0	1.95713E+0	9.99985E-5	3.55269E-5	3.55274E-1
2.00152E+0	1.95713E+0	9.99984E-5	3.55057E-5	3.55063E-1
2.00181E+0	1.95713E+0	9.99985E-5	3.54139E-5	3.54144E-1
2.00171E+0	1.95713E+0	9.99986E-5	3.55039E-5	3.55044E-1
2.00152E+0	1.95713E+0	9.99985E-5	3.55391E-5	3.55397E-1
2.00152E+0	1.95713E+0	9.99985E-5	3.54931E-5	3.54936E-1
2.00178E+0	1.95713E+0	9.99987E-5	3.55388E-5	3.55393E-1
2.00200E+0	1.95713E+0	9.99987E-5	3.55037E-5	3.55041E-1
2.00200E+0	1.95713E+0	9.99987E-5	3.50672E-5	3.50677E-1
2.00200E+0	1.95713E+0	9.99986E-5	3.51095E-5	3.51100E-1
2.00169E+0	1.95713E+0	9.99985E-5	3.53205E-5	3.53211E-1
2.00121E+0	1.95713E+0	9.99985E-5	3.52776E-5	3.52781E-1
2.00137E+0	1.95710E+0	9.99987E-5	3.51852E-5	3.51856E-1
2.00152E+0	1.95710E+0	9.99986E-5	3.51134E-5	3.51139E-1
2.00152E+0	1.95713E+0	9.99984E-5	3.53101E-5	3.53107E-1
2.00152E+0	1.95713E+0	9.99984E-5	3.53287E-5	3.53293E-1
2.00152E+0	1.95713E+0	9.99984E-5	3.52643E-5	3.52648E-1
2.00177E+0	1.95715E+0	9.99985E-5	3.53044E-5	3.53050E-1
2.00150E+0	1.95715E+0	9.99985E-5	3.57550E-5	3.57555E-1
2.00135E+0	1.95713E+0	9.99984E-5	3.57583E-5	3.57588E-1
2.00152E+0	1.95713E+0	9.99985E-5	3.53950E-5	3.53956E-1
2.00152E+0	1.95713E+0	9.99986E-5	3.53912E-5	3.53917E-1
2.00209E+0	1.95713E+0	9.99984E-5	3.55839E-5	3.55844E-1
2.00156E+0	1.95710E+0	9.99985E-5	3.55282E-5	3.55287E-1
2.00163E+0	1.95710E+0	9.99985E-5	3.53488E-5	3.53493E-1
2.00173E+0	1.95713E+0	9.99985E-5	3.54472E-5	3.54477E-1
2.00152E+0	1.95713E+0	9.99985E-5	3.51580E-5	3.51585E-1
2.00152E+0	1.95713E+0	9.99986E-5	3.50950E-5	3.50955E-1
2.00181E+0	1.95713E+0	9.99985E-5	3.52839E-5	3.52844E-1
2.00175E+0	1.95713E+0	9.99985E-5	3.51595E-5	3.51600E-1
2.00176E+0	1.95713E+0	9.99987E-5	3.52850E-5	3.52854E-1
2.00144E+0	1.95715E+0	9.99986E-5	3.53536E-5	3.53541E-1
2.00171E+0	1.95715E+0	9.99986E-5	3.54824E-5	3.54829E-1
2.00167E+0	1.95713E+0	9.99985E-5	3.54038E-5	3.54043E-1
2.00152E+0	1.95715E+0	9.99985E-5	3.51779E-5	3.51784E-1
2.00181E+0	1.95715E+0	9.99986E-5	3.53427E-5	3.53432E-1
2.00170E+0	1.95713E+0	9.99984E-5	3.57095E-5	3.57101E-1
2.00152E+0	1.95713E+0	9.99983E-5	3.56478E-5	3.56484E-1
2.00152E+0	1.95715E+0	9.99985E-5	3.53603E-5	3.53608E-1
2.00152E+0	1.95718E+0	9.99987E-5	3.54629E-5	3.54634E-1
2.00182E+0	1.95715E+0	9.99985E-5	3.52835E-5	3.52841E-1
2.00170E+0	1.95715E+0	9.99983E-5	3.52783E-5	3.52789E-1
2.00185E+0	1.95715E+0	9.99985E-5	3.53667E-5	3.53672E-1
2.00172E+0	1.95713E+0	9.99985E-5	3.51783E-5	3.51788E-1
2.00152E+0	1.95713E+0	9.99984E-5	3.54367E-5	3.54373E-1
2.00152E+0	1.95713E+0	9.99984E-5	3.57801E-5	3.57807E-1
2.00121E+0	1.95713E+0	9.99984E-5	3.56697E-5	3.56703E-1
2.00138E+0	1.95715E+0	9.99985E-5	3.53075E-5	3.53080E-1
2.00186E+0	1.95718E+0	9.99985E-5	3.53498E-5	3.53503E-1
2.00171E+0	1.95718E+0	9.99986E-5	3.52869E-5	3.52874E-1
2.00152E+0	1.95715E+0	9.99986E-5	3.52505E-5	3.52510E-1
2.00178E+0	1.95713E+0	9.99985E-5	3.54687E-5	3.54692E-1
2.00200E+0	1.95713E+0	9.99985E-5	3.53404E-5	3.53409E-1
2.00146E+0	1.95715E+0	9.99984E-5	3.53272E-5	3.53278E-1
2.00105E+0	1.95718E+0	9.99985E-5	3.54486E-5	3.54491E-1
2.00164E+0	1.95715E+0	9.99985E-5	3.55708E-5	3.55713E-1
2.00200E+0	1.95713E+0	9.99983E-5	3.55422E-5	3.55428E-1
2.00137E+0	1.95713E+0	9.99984E-5	3.52979E-5	3.52984E-1
2.00171E+0	1.95713E+0	9.99986E-5	3.52133E-5	3.52138E-1
2.00200E+0	1.95713E+0	9.99985E-5	3.53474E-5	3.53479E-1
2.00174E+0	1.95715E+0	9.99984E-5	3.56856E-5	3.56861E-1
2.00180E+0	1.95715E+0	9.99985E-5	3.54393E-5	3.54398E-1
2.00200E+0	1.95715E+0	9.99985E-5	3.53340E-5	3.53345E-1
2.00143E+0	1.95718E+0	9.99985E-5	3.55328E-5	3.55333E-1
2.00136E+0	1.95718E+0	9.99986E-5	3.54161E-5	3.54166E-1
2.00152E+0	1.95715E+0	9.99986E-5	3.51229E-5	3.51234E-1
2.00152E+0	1.95715E+0	9.99985E-5	3.51841E-5	3.51847E-1
2.00152E+0	1.95718E+0	9.99987E-5	3.57658E-5	3.57663E-1
2.00184E+0	1.95718E+0	9.99988E-5	3.56635E-5	3.56640E-1
2.00200E+0	1.95718E+0	9.99987E-5	3.51572E-5	3.51576E-1
2.00200E+0	1.95718E+0	9.99987E-5	3.51974E-5	3.51979E-1
2.00166E+0	1.95718E+0	9.99985E-5	3.52943E-5	3.52948E-1
2.00152E+0	1.95718E+0	9.99984E-5	3.52896E-5	3.52902E-1
2.00152E+0	1.95718E+0	9.99984E-5	3.56831E-5	3.56837E-1
2.00128E+0	1.95718E+0	9.99984E-5	3.57748E-5	3.57754E-1
2.00130E+0	1.95718E+0	9.99985E-5	3.54545E-5	3.54551E-1
2.00152E+0	1.95715E+0	9.99985E-5	3.52157E-5	3.52162E-1
2.00152E+0	1.95715E+0	9.99985E-5	3.51438E-5	3.51443E-1
2.00124E+0	1.95718E+0	9.99985E-5	3.50478E-5	3.50484E-1
2.00159E+0	1.95718E+0	9.99985E-5	3.51341E-5	3.51346E-1
2.00151E+0	1.95715E+0	9.99985E-5	3.52342E-5	3.52347E-1
2.00137E+0	1.95715E+0	9.99985E-5	3.54271E-5	3.54277E-1
2.00181E+0	1.95718E+0	9.99986E-5	3.55447E-5	3.55452E-1
2.00200E+0	1.95718E+0	9.99986E-5	3.55228E-5	3.55233E-1
2.00175E+0	1.95718E+0	9.99985E-5	3.54697E-5	3.54703E-1
2.00152E+0	1.95720E+0	9.99986E-5	3.54510E-5	3.54515E-1
2.00178E+0	1.95720E+0	9.99987E-5	3.53929E-5	3.53933E-1
2.00173E+0	1.95718E+0	9.99986E-5	3.52789E-5	3.52794E-1
2.00180E+0	1.95718E+0	9.99986E-5	3.53243E-5	3.53248E-1
2.00172E+0	1.95718E+0	9.99985E-5	3.54425E-5	3.54430E-1
2.00124E+0	1.95718E+0	9.99986E-5	3.55521E-5	3.55526E-1
2.00159E+0	1.95718E+0	9.99987E-5	3.56971E-5	3.56976E-1
2.00200E+0	1.95718E+0	9.99985E-5	3.55937E-5	3.55943E-1
2.00150E+0	1.95718E+0	9.99985E-5	3.53960E-5	3.53965E-1
2.00130E+0	1.95718E+0	9.99987E-5	3.55007E-5	3.55011E-1
2.00152E+0	1.95715E+0	9.99986E-5	3.54464E-5	3.54469E-1
2.00118E+0	1.95713E+0	9.99985E-5	3.51719E-5	3.51724E-1
2.00138E+0	1.95713E+0	9.99986E-5	3.50361E-5	3.50366E-1
2.00120E+0	1.95715E+0	9.99986E-5	3.54987E-5	3.54991E-1
2.00105E+0	1.95715E+0	9.99985E-5	3.54738E-5	3.54743E-1
2.00136E+0	1.95715E+0	9.99984E-5	3.52243E-5	3.52249E-1
2.00120E+0	1.95718E+0	9.99985E-5	3.54117E-5	3.54122E-1
2.00132E+0	1.95718E+0	9.99985E-5	3.53933E-5	3.53938E-1
2.00177E+0	1.95715E+0	9.99986E-5	3.52544E-5	3.52549E-1
2.00200E+0	1.95715E+0	9.99986E-5	3.51401E-5	3.51406E-1
2.00172E+0	1.95718E+0	9.99985E-5	3.54641E-5	3.54646E-1
2.00152E+0	1.95718E+0	9.99986E-5	3.58134E-5	3.58139E-1
2.00152E+0	1.95718E+0	9.99987E-5	3.56076E-5	3.56081E-1
2.00177E+0	1.95718E+0	9.99985E-5	3.54370E-5	3.54375E-1
2.00149E+0	1.95718E+0	9.99985E-5	3.53564E-5	3.53569E-1
2.00131E+0	1.95715E+0	9.99986E-5	3.55974E-5	3.55979E-1
2.00152E+0	1.95713E+0	9.99986E-5	3.56796E-5	3.56801E-1
2.00152E+0	1.95713E+0	9.99985E-5	3.55322E-5	3.55327E-1
2.00152E+0	1.95715E+0	9.99985E-5	3.53702E-5	3.53707E-1
2.00182E+0	1.95718E+0	9.99986E-5	3.55060E-5	3.55065E-1
2.00200E+0	1.95718E+0	9.99986E-5	3.55016E-5	3.55021E-1
2.00142E+0	1.95718E+0	9.99985E-5	3.51223E-5	3.51228E-1
2.00138E+0	1.95718E+0	9.99984E-5	3.49104E-5	3.49109E-1
2.00152E+0	1.95715E+0	9.99984E-5	3.51435E-5	3.51440E-1
2.00120E+0	1.95715E+0	9.99984E-5	3.51812E-5	3.51817E-1
2.00105E+0	1.95715E+0	9.99985E-5	3.50442E-5	3.50448E-1
2.00133E+0	1.95715E+0	9.99986E-5	3.55195E-5	3.55200E-1
2.00123E+0	1.95718E+0	9.99986E-5	3.56669E-5	3.56674E-1
2.00105E+0	1.95718E+0	9.99986E-5	3.55020E-5	3.55025E-1
2.00105E+0	1.95718E+0	9.99985E-5	3.55280E-5	3.55285E-1
2.00154E+0	1.95718E+0	9.99985E-5	3.55572E-5	3.55577E-1
2.00176E+0	1.95718E+0	9.99985E-5	3.52895E-5	3.52900E-1
2.00152E+0	1.95721E+0	9.99984E-5	3.51766E-5	3.51771E-1
2.00152E+0	1.95720E+0	9.99984E-5	3.53029E-5	3.53034E-1
2.00184E+0	1.95720E+0	9.99984E-5	3.53793E-5	3.53799E-1
2.00168E+0	1.95718E+0	9.99984E-5	3.54418E-5	3.54423E-1
2.00152E+0	1.95715E+0	9.99984E-5	3.55964E-5	3.55969E-1
2.00152E+0	1.95718E+0	9.99984E-5	3.55846E-5	3.55852E-1
2.00183E+0	1.95718E+0	9.99984E-5	3.53859E-5	3.53864E-1
2.00171E+0	1.95718E+0	9.99985E-5	3.54017E-5	3.54022E-1
2.00125E+0	1.95718E+0	9.99987E-5	3.55116E-5	3.55121E-1
2.00105E+0	1.95720E+0	9.99986E-5	3.56531E-5	3.56536E-1
2.00105E+0	1.95718E+0	9.99986E-5	3.54017E-5	3.54022E-1
2.00159E+0	1.95715E+0	9.99986E-5	3.53445E-5	3.53450E-1
2.00174E+0	1.95720E+0	9.99984E-5	3.55534E-5	3.55540E-1
2.00152E+0	1.95720E+0	9.99985E-5	3.55985E-5	3.55991E-1
2.00152E+0	1.95718E+0	9.99984E-5	3.53038E-5	3.53044E-1
2.00152E+0	1.95715E+0	9.99985E-5	3.52527E-5	3.52532E-1
2.00152E+0	1.95715E+0	9.99985E-5	3.54323E-5	3.54328E-1
2.00180E+0	1.95718E+0	9.99986E-5	3.52197E-5	3.52202E-1
2.00200E+0	1.95718E+0	9.99986E-5	3.53123E-5	3.53128E-1
2.00200E+0	1.95718E+0	9.99986E-5	3.58362E-5	3.58367E-1
2.00170E+0	1.95718E+0	9.99986E-5	3.56900E-5	3.56905E-1
2.00127E+0	1.95718E+0	9.99986E-5	3.54653E-5	3.54658E-1
2.00133E+0	1.95718E+0	9.99986E-5	3.56229E-5	3.56234E-1
2.00152E+0	1.95720E+0	9.99986E-5	3.56520E-5	3.56525E-1
2.00184E+0	1.95718E+0	9.99985E-5	3.54860E-5	3.54865E-1
2.00200E+0	1.95715E+0	9.99986E-5	3.53273E-5	3.53278E-1
2.00200E+0	1.95720E+0	9.99986E-5	3.52932E-5	3.52937E-1
2.00175E+0	1.95720E+0	9.99985E-5	3.55168E-5	3.55174E-1
2.00152E+0	1.95718E+0	9.99986E-5	3.55740E-5	3.55745E-1
2.00181E+0	1.95718E+0	9.99986E-5	3.52790E-5	3.52795E-1
2.00172E+0	1.95718E+0	9.99985E-5	3.53898E-5	3.53903E-1
2.00179E+0	1.95718E+0	9.99986E-5	3.53426E-5	3.53431E-1
2.00173E+0	1.95718E+0	9.99985E-5	3.52553E-5	3.52558E-1
2.00177E+0	1.95720E+0	9.99985E-5	3.51421E-5	3.51427E-1
2.00176E+0	1.95720E+0	9.99985E-5	3.52680E-5	3.52685E-1
2.00183E+0	1.95720E+0	9.99985E-5	3.55620E-5	3.55626E-1
2.00167E+0	1.95720E+0	9.99985E-5	3.54665E-5	3.54670E-1
2.00152E+0	1.95718E+0	9.99985E-5	3.52693E-5	3.52698E-1
2.00152E+0	1.95718E+0	9.99986E-5	3.51793E-5	3.51798E-1
2.00124E+0	1.95718E+0	9.99986E-5	3.51290E-5	3.51295E-1
2.00132E+0	1.95718E+0	9.99985E-5	3.52064E-5	3.52070E-1
2.00178E+0	1.95718E+0	9.99984E-5	3.54255E-5	3.54261E-1
2.00174E+0	1.95720E+0	9.99983E-5	3.53786E-5	3.53792E-1
2.00152E+0	1.95720E+0	9.99984E-5	3.54376E-5	3.54382E-1
2.00152E+0	1.95718E+0	9.99983E-5	3.56382E-5	3.56388E-1
2.00152E+0	1.95720E+0	9.99984E-5	3.55529E-5	3.55535E-1
2.00152E+0	1.95723E+0	9.99985E-5	3.50815E-5	3.50820E-1
2.00180E+0	1.95720E+0	9.99986E-5	3.53064E-5	3.53069E-1
2.00144E+0	1.95718E+0	9.99985E-5	3.55868E-5	3.55873E-1
2.00161E+0	1.95718E+0	9.99985E-5	3.56232E-5	3.56237E-1
2.00173E+0	1.95720E+0	9.99986E-5	3.53649E-5	3.53654E-1
2.00180E+0	1.95720E+0	9.99986E-5	3.54642E-5	3.54647E-1
2.00171E+0	1.95720E+0	9.99986E-5	3.55624E-5	3.55629E-1
2.00152E+0	1.95723E+0	9.99985E-5	3.50876E-5	3.50881E-1
2.00124E+0	1.95720E+0	9.99985E-5	3.51168E-5	3.51173E-1
2.00105E+0	1.95720E+0	9.99986E-5	3.51796E-5	3.51801E-1
2.00131E+0	1.95723E+0	9.99986E-5	3.51403E-5	3.51408E-1
2.00182E+0	1.95720E+0	9.99984E-5	3.52453E-5	3.52458E-1
2.00169E+0	1.95720E+0	9.99984E-5	3.52184E-5	3.52189E-1
2.00152E+0	1.95726E+0	9.99985E-5	3.52589E-5	3.52594E-1
2.00152E+0	1.95723E+0	9.99985E-5	3.52323E-5	3.52328E-1
2.00180E+0	1.95720E+0	9.99985E-5	3.49366E-5	3.49371E-1
2.00173E+0	1.95723E+0	9.99984E-5	3.49520E-5	3.49526E-1
2.00097E+0	1.95723E+0	9.99984E-5	3.50681E-5	3.50686E-1
2.00114E+0	1.95723E+0	9.99984E-5	3.51210E-5	3.51216E-1
2.00181E+0	1.95723E+0	9.99985E-5	3.49236E-5	3.49241E-1
2.00142E+0	1.95723E+0	9.99986E-5	3.49064E-5	3.49068E-1
2.00105E+0	1.95723E+0	9.99986E-5	3.53381E-5	3.53386E-1
2.00160E+0	1.95726E+0	9.99984E-5	3.51067E-5	3.51073E-1
2.00148E+0	1.95725E+0	9.99985E-5	3.50557E-5	3.50563E-1
2.00105E+0	1.95725E+0	9.99987E-5	3.55690E-5	3.55695E-1
2.00105E+0	1.95726E+0	9.99987E-5	3.55774E-5	3.55779E-1
2.00129E+0	1.95725E+0	9.99986E-5	3.51934E-5	3.51939E-1
2.00152E+0	1.95725E+0	9.99985E-5	3.51944E-5	3.51949E-1
2.00185E+0	1.95725E+0	9.99985E-5	3.52779E-5	3.52784E-1
2.00135E+0	1.95728E+0	9.99986E-5	3.54007E-5	3.54012E-1
2.00174E+0	1.95728E+0	9.99986E-5	3.53646E-5	3.53651E-1
2.00172E+0	1.95728E+0	9.99985E-5	3.52162E-5	3.52167E-1
2.00152E+0	1.95728E+0	9.99986E-5	3.49536E-5	3.49541E-1
2.00152E+0	1.95728E+0	9.99986E-5	3.54126E-5	3.54131E-1
2.00152E+0	1.95728E+0	9.99985E-5	3.57458E-5	3.57463E-1
2.00152E+0	1.95728E+0	9.99985E-5	3.54193E-5	3.54198E-1
2.00152E+0	1.95728E+0	9.99985E-5	3.55934E-5	3.55939E-1
2.00152E+0	1.95728E+0	9.99985E-5	3.55533E-5	3.55539E-1
2.00152E+0	1.95728E+0	9.99986E-5	3.53723E-5	3.53728E-1
2.00180E+0	1.95728E+0	9.99985E-5	3.52965E-5	3.52970E-1
2.00200E+0	1.95731E+0	9.99984E-5	3.53882E-5	3.53888E-1
2.00200E+0	1.95731E+0	9.99985E-5	3.57430E-5	3.57435E-1
2.00200E+0	1.95731E+0	9.99984E-5	3.54784E-5	3.54790E-1
2.00173E+0	1.95730E+0	9.99984E-5	3.51467E-5	3.51473E-1
2.00152E+0	1.95728E+0	9.99984E-5	3.52580E-5	3.52585E-1
2.00178E+0	1.95728E+0	9.99985E-5	3.53849E-5	3.53854E-1
2.00200E+0	1.95731E+0	9.99987E-5	3.58724E-5	3.58729E-1
2.00144E+0	1.95733E+0	9.99986E-5	3.57833E-5	3.57838E-1
2.00132E+0	1.95733E+0	9.99985E-5	3.56767E-5	3.56772E-1
2.00152E+0	1.95733E+0	9.99985E-5	3.57509E-5	3.57515E-1
2.00152E+0	1.95731E+0	9.99985E-5	3.51909E-5	3.51914E-1
2.00181E+0	1.95731E+0	9.99985E-5	3.55173E-5	3.55178E-1
2.00168E+0	1.95733E+0	9.99986E-5	3.59056E-5	3.59061E-1
2.00152E+0	1.95733E+0	9.99987E-5	3.56063E-5	3.56067E-1
2.00125E+0	1.95736E+0	9.99987E-5	3.53041E-5	3.53045E-1
2.00166E+0	1.95736E+0	9.99987E-5	3.54502E-5	3.54507E-1
2.00172E+0	1.95733E+0	9.99986E-5	3.52763E-5	3.52768E-1
2.00183E+0	1.95733E+0	9.99986E-5	3.51698E-5	3.51703E-1
2.00200E+0	1.95733E+0	9.99986E-5	3.53535E-5	3.53540E-1
2.00200E+0	1.95733E+0	9.99985E-5	3.50420E-5	3.50426E-1
2.00200E+0	1.95733E+0	9.99986E-5	3.51490E-5	3.51495E-1
2.00200E+0	1.95736E+0	9.99985E-5	3.51859E-5	3.51864E-1
2.00171E+0	1.95736E+0	9.99985E-5	3.52644E-5	3.52649E-1
2.00176E+0	1.95733E+0	9.99986E-5	3.55404E-5	3.55409E-1
2.00200E+0	1.95736E+0	9.99987E-5	3.55173E-5	3.55178E-1
2.00200E+0	1.95738E+0	9.99987E-5	3.53901E-5	3.53906E-1
2.00200E+0	1.95738E+0	9.99986E-5	3.56055E-5	3.56060E-1
2.00148E+0	1.95736E+0	9.99986E-5	3.55578E-5	3.55583E-1
2.00138E+0	1.95736E+0	9.99985E-5	3.53691E-5	3.53696E-1
2.00152E+0	1.95738E+0	9.99986E-5	3.57033E-5	3.57038E-1
2.00185E+0	1.95738E+0	9.99986E-5	3.56513E-5	3.56518E-1
2.00200E+0	1.95738E+0	9.99986E-5	3.53461E-5	3.53466E-1
1.99315E+0	1.95716E+0	9.99986E-5	3.51755E-5	3.51760E-1
1.98101E+0	1.95623E+0	9.99985E-5	3.53045E-5	3.53050E-1
1.96858E+0	1.95287E+0	9.99986E-5	3.50002E-5	3.50007E-1
1.95533E+0	1.94425E+0	9.99986E-5	3.52426E-5	3.52431E-1
1.94320E+0	1.93168E+0	9.99985E-5	3.56831E-5	3.56836E-1
1.93162E+0	1.91821E+0	9.99985E-5	3.56016E-5	3.56021E-1
1.91835E+0	1.90518E+0	9.99984E-5	3.54140E-5	3.54146E-1
1.90535E+0	1.89255E+0	9.99985E-5	3.54422E-5	3.54427E-1
1.89237E+0	1.87996E+0	9.99985E-5	3.56823E-5	3.56828E-1
1.87991E+0	1.86739E+0	9.99985E-5	3.56779E-5	3.56784E-1
1.86779E+0	1.85502E+0	9.99985E-5	3.54616E-5	3.54621E-1
1.85489E+0	1.84265E+0	9.99985E-5	3.54624E-5	3.54629E-1
1.84216E+0	1.83024E+0	9.99985E-5	3.52823E-5	3.52828E-1
1.82904E+0	1.81789E+0	9.99986E-5	3.54969E-5	3.54974E-1
1.81680E+0	1.80563E+0	9.99985E-5	3.56099E-5	3.56104E-1
1.80374E+0	1.79339E+0	9.99986E-5	3.52612E-5	3.52617E-1
1.79083E+0	1.78102E+0	9.99986E-5	3.51598E-5	3.51603E-1
1.77908E+0	1.76855E+0	9.99987E-5	3.50793E-5	3.50797E-1
1.76608E+0	1.75616E+0	9.99987E-5	3.53006E-5	3.53010E-1
1.75325E+0	1.74385E+0	9.99986E-5	3.52534E-5	3.52539E-1
1.74006E+0	1.73151E+0	9.99985E-5	3.50129E-5	3.50135E-1
1.72764E+0	1.71901E+0	9.99986E-5	3.49371E-5	3.49375E-1
1.71652E+0	1.70651E+0	9.99987E-5	3.49450E-5	3.49455E-1
1.70371E+0	1.69416E+0	9.99986E-5	3.49543E-5	3.49548E-1
1.69068E+0	1.68180E+0	9.99985E-5	3.50628E-5	3.50633E-1
1.67786E+0	1.66953E+0	9.99985E-5	3.51803E-5	3.51808E-1
1.66495E+0	1.65724E+0	9.99985E-5	3.53852E-5	3.53858E-1
1.65159E+0	1.64486E+0	9.99985E-5	3.57285E-5	3.57290E-1
1.63870E+0	1.63236E+0	9.99985E-5	3.56512E-5	3.56517E-1
1.62682E+0	1.61997E+0	9.99985E-5	3.54792E-5	3.54797E-1
1.61352E+0	1.60776E+0	9.99986E-5	3.56020E-5	3.56025E-1
1.60095E+0	1.59535E+0	9.99986E-5	3.53261E-5	3.53266E-1
1.58841E+0	1.58294E+0	9.99986E-5	3.50905E-5	3.50910E-1
1.57596E+0	1.57064E+0	9.99986E-5	3.51948E-5	3.51952E-1
1.56400E+0	1.55818E+0	9.99986E-5	3.51317E-5	3.51322E-1
1.55122E+0	1.54584E+0	9.99985E-5	3.54108E-5	3.54114E-1
1.53844E+0	1.53358E+0	9.99984E-5	3.54295E-5	3.54301E-1
1.52511E+0	1.52117E+0	9.99984E-5	3.55500E-5	3.55506E-1
1.51235E+0	1.50880E+0	9.99986E-5	3.56868E-5	3.56873E-1
1.50069E+0	1.49630E+0	9.99985E-5	3.53344E-5	3.53349E-1
1.48789E+0	1.48394E+0	9.99985E-5	3.51388E-5	3.51394E-1
1.47518E+0	1.47158E+0	9.99985E-5	3.49640E-5	3.49646E-1
1.46184E+0	1.45922E+0	9.99984E-5	3.49075E-5	3.49081E-1
1.44916E+0	1.44685E+0	9.99984E-5	3.50830E-5	3.50836E-1
1.43615E+0	1.43443E+0	9.99985E-5	3.51077E-5	3.51082E-1
1.42374E+0	1.42211E+0	9.99986E-5	3.52928E-5	3.52933E-1
1.41177E+0	1.40973E+0	9.99985E-5	3.54341E-5	3.54346E-1
1.39921E+0	1.39741E+0	9.99985E-5	3.52992E-5	3.52997E-1
1.38674E+0	1.38519E+0	9.99985E-5	3.50488E-5	3.50493E-1
1.37335E+0	1.37277E+0	9.99985E-5	3.50919E-5	3.50924E-1
1.36018E+0	1.36031E+0	9.99986E-5	3.51979E-5	3.51984E-1
1.34827E+0	1.34810E+0	9.99985E-5	3.51985E-5	3.51990E-1
1.33541E+0	1.33589E+0	9.99985E-5	3.50916E-5	3.50921E-1
1.32277E+0	1.32345E+0	9.99986E-5	3.51506E-5	3.51511E-1
1.30994E+0	1.31105E+0	9.99986E-5	3.52068E-5	3.52073E-1
1.29725E+0	1.29877E+0	9.99985E-5	3.51607E-5	3.51613E-1
1.28516E+0	1.28641E+0	9.99987E-5	3.52915E-5	3.52920E-1
1.27266E+0	1.27398E+0	9.99986E-5	3.52597E-5	3.52602E-1
1.25986E+0	1.26161E+0	9.99985E-5	3.52539E-5	3.52544E-1
1.24648E+0	1.24926E+0	9.99986E-5	3.53540E-5	3.53546E-1
1.23396E+0	1.23694E+0	9.99985E-5	3.52604E-5	3.52610E-1
1.22137E+0	1.22468E+0	9.99985E-5	3.53036E-5	3.53041E-1
1.20903E+0	1.21242E+0	9.99985E-5	3.52294E-5	3.52299E-1
1.19692E+0	1.19998E+0	9.99985E-5	3.51080E-5	3.51085E-1
1.18368E+0	1.18767E+0	9.99986E-5	3.52456E-5	3.52461E-1
1.17106E+0	1.17549E+0	9.99986E-5	3.51416E-5	3.51421E-1
1.15800E+0	1.16291E+0	9.99985E-5	3.50480E-5	3.50486E-1
1.14537E+0	1.15040E+0	9.99985E-5	3.51395E-5	3.51400E-1
1.13331E+0	1.13818E+0	9.99986E-5	3.53293E-5	3.53297E-1
1.12057E+0	1.12580E+0	9.99986E-5	3.53205E-5	3.53210E-1
1.10793E+0	1.11349E+0	9.99987E-5	3.51368E-5	3.51373E-1
1.09479E+0	1.10131E+0	9.99986E-5	3.52020E-5	3.52025E-1
1.08193E+0	1.08896E+0	9.99986E-5	3.51055E-5	3.51060E-1
1.06906E+0	1.07655E+0	9.99986E-5	3.49945E-5	3.49950E-1
1.05685E+0	1.06430E+0	9.99985E-5	3.50461E-5	3.50467E-1
1.04428E+0	1.05195E+0	9.99985E-5	3.52331E-5	3.52336E-1
1.03106E+0	1.03962E+0	9.99985E-5	3.52085E-5	3.52090E-1
1.01831E+0	1.02741E+0	9.99985E-5	3.51392E-5	3.51397E-1
1.00568E+0	1.01487E+0	9.99985E-5	3.51856E-5	3.51862E-1
9.93339E-1	1.00210E+0	9.99985E-5	3.51723E-5	3.51728E-1
9.81187E-1	9.89178E-1	9.99986E-5	3.51097E-5	3.51102E-1
9.68316E-1	9.76255E-1	9.99984E-5	3.50964E-5	3.50970E-1
9.55967E-1	9.63496E-1	9.99985E-5	3.50896E-5	3.50901E-1
9.43185E-1	9.50611E-1	9.99986E-5	3.49885E-5	3.49890E-1
9.30726E-1	9.37744E-1	9.99985E-5	3.50985E-5	3.50990E-1
9.17451E-1	9.25080E-1	9.99985E-5	3.52093E-5	3.52099E-1
9.04608E-1	9.12367E-1	9.99985E-5	3.51056E-5	3.51061E-1
8.92445E-1	8.99735E-1	9.99986E-5	3.51076E-5	3.51081E-1
8.79736E-1	8.87157E-1	9.99986E-5	3.50612E-5	3.50617E-1
8.66916E-1	8.74486E-1	9.99985E-5	3.50262E-5	3.50267E-1
8.53649E-1	8.61834E-1	9.99987E-5	3.51553E-5	3.51558E-1
8.41263E-1	8.49356E-1	9.99986E-5	3.51947E-5	3.51952E-1
8.29486E-1	8.36914E-1	9.99985E-5	3.51810E-5	3.51815E-1
8.16627E-1	8.24447E-1	9.99984E-5	3.50985E-5	3.50991E-1
8.03894E-1	8.12046E-1	9.99984E-5	3.50502E-5	3.50508E-1
7.91347E-1	7.99690E-1	9.99984E-5	3.50931E-5	3.50936E-1
7.78761E-1	7.87235E-1	9.99984E-5	3.51282E-5	3.51288E-1
7.66220E-1	7.74883E-1	9.99984E-5	3.50902E-5	3.50907E-1
7.53241E-1	7.62600E-1	9.99984E-5	3.49522E-5	3.49527E-1
7.40887E-1	7.50179E-1	9.99985E-5	3.50120E-5	3.50125E-1
7.28001E-1	7.37861E-1	9.99986E-5	3.51348E-5	3.51353E-1
7.15323E-1	7.25651E-1	9.99986E-5	3.51225E-5	3.51230E-1
7.02541E-1	7.13478E-1	9.99985E-5	3.51918E-5	3.51923E-1
6.89655E-1	7.01167E-1	9.99984E-5	3.52616E-5	3.52622E-1
6.77327E-1	6.88886E-1	9.99985E-5	3.52036E-5	3.52041E-1
6.64799E-1	6.76779E-1	9.99985E-5	3.51645E-5	3.51650E-1
6.52397E-1	6.64645E-1	9.99985E-5	3.51610E-5	3.51616E-1
6.38967E-1	6.52456E-1	9.99985E-5	3.50934E-5	3.50940E-1
6.26704E-1	6.40308E-1	9.99985E-5	3.50707E-5	3.50712E-1
6.14705E-1	6.28192E-1	9.99985E-5	3.50569E-5	3.50574E-1
6.01431E-1	6.16061E-1	9.99985E-5	3.50180E-5	3.50185E-1
5.88586E-1	6.03807E-1	9.99985E-5	3.50523E-5	3.50528E-1
5.75860E-1	5.91645E-1	9.99985E-5	3.51138E-5	3.51143E-1
5.63141E-1	5.79575E-1	9.99985E-5	3.51635E-5	3.51640E-1
5.50631E-1	5.67447E-1	9.99984E-5	3.51174E-5	3.51179E-1
5.37704E-1	5.55340E-1	9.99984E-5	3.50634E-5	3.50640E-1
5.25033E-1	5.43212E-1	9.99985E-5	3.50509E-5	3.50514E-1
5.12347E-1	5.30942E-1	9.99984E-5	3.51159E-5	3.51164E-1
4.99936E-1	5.18793E-1	9.99984E-5	3.50800E-5	3.50805E-1
4.87201E-1	5.06788E-1	9.99985E-5	3.49934E-5	3.49939E-1
4.74070E-1	4.94725E-1	9.99986E-5	3.50189E-5	3.50194E-1
4.61637E-1	4.82597E-1	9.99987E-5	3.50700E-5	3.50705E-1
4.49073E-1	4.70432E-1	9.99986E-5	3.50398E-5	3.50403E-1
4.36762E-1	4.58277E-1	9.99986E-5	3.51501E-5	3.51506E-1
4.24160E-1	4.46026E-1	9.99987E-5	3.52189E-5	3.52193E-1
4.11419E-1	4.33871E-1	9.99986E-5	3.50504E-5	3.50508E-1
3.99320E-1	4.21681E-1	9.99985E-5	3.50158E-5	3.50163E-1
3.86204E-1	4.09370E-1	9.99985E-5	3.50129E-5	3.50134E-1
3.73159E-1	3.97296E-1	9.99986E-5	3.50696E-5	3.50700E-1
3.60540E-1	3.85100E-1	9.99986E-5	3.50860E-5	3.50865E-1
3.47793E-1	3.72443E-1	9.99985E-5	3.50353E-5	3.50358E-1
3.35425E-1	3.59997E-1	9.99985E-5	3.50237E-5	3.50243E-1
3.22778E-1	3.47868E-1	9.99986E-5	3.50379E-5	3.50384E-1
3.09904E-1	3.35536E-1	9.99987E-5	3.50546E-5	3.50551E-1
2.97421E-1	3.23226E-1	9.99988E-5	3.50325E-5	3.50329E-1
2.84775E-1	3.11062E-1	9.99987E-5	3.50418E-5	3.50423E-1
2.72080E-1	2.98703E-1	9.99986E-5	3.50461E-5	3.50466E-1
2.59464E-1	2.86371E-1	9.99985E-5	3.50202E-5	3.50207E-1
2.47122E-1	2.74166E-1	9.99986E-5	3.49950E-5	3.49955E-1
2.34378E-1	2.61837E-1	9.99987E-5	3.49553E-5	3.49558E-1
2.21146E-1	2.49377E-1	9.99987E-5	3.49947E-5	3.49952E-1
2.08913E-1	2.36857E-1	9.99986E-5	3.50226E-5	3.50231E-1
1.96448E-1	2.24403E-1	9.99985E-5	3.50172E-5	3.50177E-1
1.83624E-1	2.11951E-1	9.99986E-5	3.50301E-5	3.50306E-1
1.70749E-1	1.99395E-1	9.99984E-5	3.50131E-5	3.50136E-1
1.57907E-1	1.86919E-1	9.99984E-5	3.50046E-5	3.50051E-1
1.45369E-1	1.74493E-1	9.99985E-5	3.50012E-5	3.50017E-1
1.32809E-1	1.61923E-1	9.99987E-5	3.50075E-5	3.50080E-1
1.19909E-1	1.49297E-1	9.99986E-5	3.50251E-5	3.50256E-1
1.07452E-1	1.36726E-1	9.99985E-5	3.50092E-5	3.50097E-1
9.50463E-2	1.24286E-1	9.99985E-5	3.49967E-5	3.49973E-1
8.20658E-2	1.11917E-1	9.99986E-5	3.50050E-5	3.50055E-1
6.92396E-2	9.95079E-2	9.99986E-5	3.49872E-5	3.49877E-1
5.67256E-2	8.69861E-2	9.99985E-5	3.49696E-5	3.49702E-1
4.41107E-2	7.43593E-2	9.99985E-5	3.49741E-5	3.49747E-1
3.15009E-2	6.17745E-2	9.99986E-5	3.49771E-5	3.49776E-1
1.88001E-2	4.91282E-2	9.99986E-5	3.49734E-5	3.49739E-1
6.65202E-3	3.67425E-2	9.99985E-5	3.49706E-5	3.49711E-1
1.48999E-3	2.57829E-2	9.99984E-5	3.49942E-5	3.49947E-1
7.58720E-4	1.75509E-2	9.99984E-5	3.49999E-5	3.50005E-1
9.50000E-4	1.22784E-2	9.99984E-5	3.50045E-5	3.50051E-1
6.46685E-4	9.29138E-3	9.99986E-5	3.50009E-5	3.50014E-1
4.70000E-4	7.86248E-3	9.99987E-5	3.49965E-5	3.49969E-1
-2.79869E-3	7.03051E-3	9.99985E-5	3.49964E-5	3.49969E-1
-1.15818E-2	5.57547E-3	9.99986E-5	3.50207E-5	3.50212E-1
-2.42212E-2	1.39064E-3	9.99986E-5	3.50520E-5	3.50525E-1
-3.69759E-2	-7.34208E-3	9.99985E-5	3.49818E-5	3.49823E-1
-4.92415E-2	-1.84402E-2	9.99985E-5	3.49379E-5	3.49384E-1
-6.25316E-2	-3.04362E-2	9.99986E-5	3.49480E-5	3.49485E-1
-7.51416E-2	-4.24673E-2	9.99987E-5	3.49441E-5	3.49446E-1
-8.73456E-2	-5.46011E-2	9.99986E-5	3.49421E-5	3.49426E-1
-1.00209E-1	-6.71563E-2	9.99986E-5	3.49250E-5	3.49255E-1
-1.13035E-1	-7.99155E-2	9.99986E-5	3.49221E-5	3.49226E-1
-1.25553E-1	-9.26386E-2	9.99987E-5	3.49220E-5	3.49225E-1
-1.38405E-1	-1.05218E-1	9.99986E-5	3.49293E-5	3.49298E-1
-1.50853E-1	-1.17754E-1	9.99985E-5	3.49427E-5	3.49432E-1
-1.63420E-1	-1.30159E-1	9.99987E-5	3.49376E-5	3.49380E-1
-1.76633E-1	-1.42400E-1	9.99987E-5	3.49408E-5	3.49412E-1
-1.89015E-1	-1.54516E-1	9.99985E-5	3.49575E-5	3.49580E-1
-2.01115E-1	-1.66499E-1	9.99985E-5	3.49746E-5	3.49751E-1
-2.14064E-1	-1.78409E-1	9.99985E-5	3.49885E-5	3.49890E-1
-2.26874E-1	-1.90235E-1	9.99986E-5	3.49495E-5	3.49500E-1
-2.39372E-1	-2.02038E-1	9.99985E-5	3.49224E-5	3.49229E-1
-2.52460E-1	-2.14191E-1	9.99986E-5	3.49441E-5	3.49446E-1
-2.64764E-1	-2.26458E-1	9.99987E-5	3.49674E-5	3.49678E-1
-2.77145E-1	-2.38851E-1	9.99986E-5	3.49726E-5	3.49731E-1
-2.90234E-1	-2.51473E-1	9.99984E-5	3.49485E-5	3.49491E-1
-3.03350E-1	-2.64089E-1	9.99985E-5	3.49188E-5	3.49193E-1
-3.15621E-1	-2.76753E-1	9.99987E-5	3.49242E-5	3.49247E-1
-3.28203E-1	-2.89372E-1	9.99986E-5	3.49368E-5	3.49373E-1
-3.41150E-1	-3.01811E-1	9.99985E-5	3.49364E-5	3.49369E-1
-3.53524E-1	-3.14173E-1	9.99985E-5	3.49329E-5	3.49334E-1
-3.65858E-1	-3.26586E-1	9.99985E-5	3.49271E-5	3.49276E-1
-3.78673E-1	-3.39014E-1	9.99986E-5	3.49366E-5	3.49371E-1
-3.91182E-1	-3.51454E-1	9.99985E-5	3.49236E-5	3.49241E-1
-4.03908E-1	-3.63803E-1	9.99984E-5	3.48806E-5	3.48811E-1
-4.16623E-1	-3.76121E-1	9.99985E-5	3.48804E-5	3.48809E-1
-4.29492E-1	-3.86723E-1	9.99986E-5	3.48763E-5	3.48768E-1
-4.42052E-1	-3.98273E-1	9.99986E-5	3.48939E-5	3.48944E-1
-4.54217E-1	-4.11991E-1	9.99986E-5	3.49123E-5	3.49128E-1
-4.67436E-1	-4.25567E-1	9.99986E-5	3.48606E-5	3.48611E-1
-4.80429E-1	-4.38640E-1	9.99986E-5	3.48170E-5	3.48175E-1
-4.92997E-1	-4.51031E-1	9.99986E-5	3.48257E-5	3.48262E-1
-5.05550E-1	-4.63307E-1	9.99985E-5	3.48611E-5	3.48616E-1
-5.18090E-1	-4.75385E-1	9.99985E-5	3.48459E-5	3.48464E-1
-5.30612E-1	-4.87434E-1	9.99984E-5	3.48130E-5	3.48135E-1
-5.43380E-1	-4.99505E-1	9.99985E-5	3.48586E-5	3.48591E-1
-5.56360E-1	-5.11633E-1	9.99986E-5	3.48603E-5	3.48608E-1
-5.69017E-1	-5.23734E-1	9.99985E-5	3.48438E-5	3.48444E-1
-5.81217E-1	-5.35866E-1	9.99985E-5	3.48694E-5	3.48699E-1
-5.93590E-1	-5.47978E-1	9.99986E-5	3.48756E-5	3.48761E-1
-6.06724E-1	-5.59995E-1	9.99986E-5	3.48730E-5	3.48734E-1
-6.19523E-1	-5.72177E-1	9.99985E-5	3.48644E-5	3.48649E-1
-6.31709E-1	-5.84450E-1	9.99984E-5	3.48656E-5	3.48662E-1
-6.44258E-1	-5.96671E-1	9.99983E-5	3.48553E-5	3.48559E-1
-6.56953E-1	-6.08833E-1	9.99985E-5	3.48518E-5	3.48523E-1
-6.70012E-1	-6.20993E-1	9.99985E-5	3.48596E-5	3.48601E-1
-6.82648E-1	-6.33055E-1	9.99985E-5	3.48128E-5	3.48133E-1
-6.95361E-1	-6.45259E-1	9.99985E-5	3.47993E-5	3.47998E-1
-7.08253E-1	-6.57475E-1	9.99986E-5	3.48115E-5	3.48120E-1
-7.20583E-1	-6.69626E-1	9.99985E-5	3.48416E-5	3.48421E-1
-7.33744E-1	-6.81892E-1	9.99986E-5	3.48447E-5	3.48452E-1
-7.46270E-1	-6.93974E-1	9.99987E-5	3.47877E-5	3.47882E-1
-7.58530E-1	-7.06059E-1	9.99987E-5	3.47730E-5	3.47734E-1
-7.71050E-1	-7.18335E-1	9.99985E-5	3.47974E-5	3.47980E-1
-7.83489E-1	-7.30511E-1	9.99985E-5	3.47888E-5	3.47893E-1
-7.96266E-1	-7.42681E-1	9.99985E-5	3.48179E-5	3.48184E-1
-8.09242E-1	-7.55006E-1	9.99986E-5	3.48341E-5	3.48345E-1
-8.22229E-1	-7.67312E-1	9.99986E-5	3.47961E-5	3.47966E-1
-8.34892E-1	-7.79502E-1	9.99985E-5	3.47903E-5	3.47908E-1
-8.47103E-1	-7.91824E-1	9.99986E-5	3.47637E-5	3.47642E-1
-8.59652E-1	-8.04153E-1	9.99985E-5	3.47858E-5	3.47863E-1
-8.71918E-1	-8.16511E-1	9.99985E-5	3.48534E-5	3.48539E-1
-8.85528E-1	-8.28922E-1	9.99985E-5	3.48419E-5	3.48424E-1
-8.98266E-1	-8.41259E-1	9.99987E-5	3.48644E-5	3.48649E-1
-9.10646E-1	-8.53611E-1	9.99987E-5	3.48835E-5	3.48840E-1
-9.23525E-1	-8.66102E-1	9.99988E-5	3.48296E-5	3.48300E-1
-9.36124E-1	-8.78587E-1	9.99987E-5	3.47818E-5	3.47823E-1
-9.48711E-1	-8.91157E-1	9.99985E-5	3.47707E-5	3.47713E-1
-9.60825E-1	-9.03792E-1	9.99985E-5	3.47909E-5	3.47914E-1
-9.73418E-1	-9.16292E-1	9.99984E-5	3.48270E-5	3.48276E-1
-9.86058E-1	-9.28895E-1	9.99986E-5	3.47592E-5	3.47597E-1
-9.98987E-1	-9.41648E-1	9.99988E-5	3.46766E-5	3.46770E-1
-1.01196E+0	-9.54454E-1	9.99987E-5	3.46700E-5	3.46704E-1
-1.02410E+0	-9.67377E-1	9.99985E-5	3.46826E-5	3.46831E-1
-1.03729E+0	-9.80313E-1	9.99984E-5	3.47189E-5	3.47194E-1
-1.05026E+0	-9.92986E-1	9.99984E-5	3.47292E-5	3.47298E-1
-1.06311E+0	-1.00559E+0	9.99985E-5	3.47253E-5	3.47258E-1
-1.07506E+0	-1.01814E+0	9.99985E-5	3.46635E-5	3.46640E-1
-1.08756E+0	-1.03069E+0	9.99985E-5	3.46293E-5	3.46298E-1
-1.10042E+0	-1.04317E+0	9.99985E-5	3.46451E-5	3.46456E-1
-1.11259E+0	-1.05559E+0	9.99984E-5	3.45788E-5	3.45793E-1
-1.12567E+0	-1.06813E+0	9.99984E-5	3.46191E-5	3.46197E-1
-1.13900E+0	-1.08066E+0	9.99985E-5	3.47632E-5	3.47637E-1
-1.15175E+0	-1.09296E+0	9.99985E-5	3.47332E-5	3.47337E-1
-1.16426E+0	-1.10528E+0	9.99985E-5	3.46602E-5	3.46607E-1
-1.17638E+0	-1.11766E+0	9.99985E-5	3.46741E-5	3.46746E-1
-1.18913E+0	-1.12994E+0	9.99986E-5	3.47226E-5	3.47231E-1
-1.20226E+0	-1.14213E+0	9.99987E-5	3.47240E-5	3.47245E-1
-1.21508E+0	-1.15434E+0	9.99987E-5	3.47087E-5	3.47092E-1
-1.22770E+0	-1.16674E+0	9.99987E-5	3.46643E-5	3.46648E-1
-1.23958E+0	-1.17908E+0	9.99987E-5	3.46551E-5	3.46555E-1
-1.25220E+0	-1.19127E+0	9.99987E-5	3.46579E-5	3.46584E-1
-1.26486E+0	-1.20352E+0	9.99986E-5	3.46228E-5	3.46233E-1
-1.27804E+0	-1.21597E+0	9.99985E-5	3.46064E-5	3.46069E-1
-1.29078E+0	-1.22836E+0	9.99985E-5	3.46014E-5	3.46019E-1
-1.30230E+0	-1.24062E+0	9.99985E-5	3.46480E-5	3.46485E-1
-1.31514E+0	-1.25290E+0	9.99986E-5	3.46980E-5	3.46985E-1
-1.32840E+0	-1.26512E+0	9.99986E-5	3.46670E-5	3.46675E-1
-1.34129E+0	-1.27739E+0	9.99986E-5	3.46585E-5	3.46590E-1
-1.35376E+0	-1.28971E+0	9.99986E-5	3.46569E-5	3.46574E-1
-1.36550E+0	-1.30212E+0	9.99987E-5	3.46355E-5	3.46360E-1
-1.37866E+0	-1.31469E+0	9.99986E-5	3.46085E-5	3.46090E-1
-1.39149E+0	-1.32718E+0	9.99986E-5	3.46605E-5	3.46610E-1
-1.40452E+0	-1.33947E+0	9.99986E-5	3.46783E-5	3.46787E-1
-1.41720E+0	-1.35182E+0	9.99985E-5	3.46418E-5	3.46423E-1
-1.43023E+0	-1.36420E+0	9.99985E-5	3.46357E-5	3.46362E-1
-1.44281E+0	-1.37646E+0	9.99986E-5	3.46172E-5	3.46176E-1
-1.45437E+0	-1.38883E+0	9.99986E-5	3.46103E-5	3.46108E-1
-1.46756E+0	-1.40125E+0	9.99986E-5	3.45593E-5	3.45598E-1
-1.48024E+0	-1.41361E+0	9.99987E-5	3.45785E-5	3.45789E-1
-1.49354E+0	-1.42586E+0	9.99986E-5	3.46410E-5	3.46415E-1
-1.50622E+0	-1.43814E+0	9.99986E-5	3.45611E-5	3.45616E-1
-1.51811E+0	-1.45049E+0	9.99986E-5	3.45556E-5	3.45561E-1
-1.53082E+0	-1.46288E+0	9.99986E-5	3.46415E-5	3.46420E-1
-1.54347E+0	-1.47525E+0	9.99987E-5	3.46315E-5	3.46320E-1
-1.55680E+0	-1.48758E+0	9.99986E-5	3.46179E-5	3.46184E-1
-1.56922E+0	-1.49991E+0	9.99985E-5	3.45611E-5	3.45616E-1
-1.58208E+0	-1.51237E+0	9.99985E-5	3.44880E-5	3.44885E-1
-1.59462E+0	-1.52484E+0	9.99985E-5	3.45894E-5	3.45899E-1
-1.60626E+0	-1.53714E+0	9.99985E-5	3.47258E-5	3.47263E-1
-1.61978E+0	-1.54945E+0	9.99987E-5	3.46651E-5	3.46656E-1
-1.63216E+0	-1.56179E+0	9.99987E-5	3.45896E-5	3.45901E-1
-1.64482E+0	-1.57418E+0	9.99987E-5	3.45432E-5	3.45436E-1
-1.65779E+0	-1.58672E+0	9.99987E-5	3.45676E-5	3.45681E-1
-1.66921E+0	-1.59909E+0	9.99987E-5	3.45489E-5	3.45493E-1
-1.68176E+0	-1.61137E+0	9.99986E-5	3.45612E-5	3.45617E-1
-1.69526E+0	-1.62373E+0	9.99986E-5	3.46091E-5	3.46095E-1
-1.70860E+0	-1.63621E+0	9.99986E-5	3.44933E-5	3.44938E-1
-1.72117E+0	-1.64871E+0	9.99986E-5	3.44529E-5	3.44534E-1
-1.73358E+0	-1.66105E+0	9.99986E-5	3.45438E-5	3.45443E-1
-1.74643E+0	-1.67344E+0	9.99986E-5	3.46280E-5	3.46285E-1
-1.75848E+0	-1.68580E+0	9.99985E-5	3.45221E-5	3.45226E-1
-1.77156E+0	-1.69813E+0	9.99984E-5	3.44690E-5	3.44696E-1
-1.78437E+0	-1.71061E+0	9.99984E-5	3.46466E-5	3.46472E-1
-1.79700E+0	-1.72315E+0	9.99985E-5	3.47020E-5	3.47025E-1
-1.80982E+0	-1.73561E+0	9.99985E-5	3.46024E-5	3.46029E-1
-1.82172E+0	-1.74790E+0	9.99985E-5	3.45755E-5	3.45760E-1
-1.83458E+0	-1.76031E+0	9.99986E-5	3.45675E-5	3.45680E-1
-1.84752E+0	-1.77273E+0	9.99986E-5	3.45088E-5	3.45093E-1
-1.86063E+0	-1.78516E+0	9.99985E-5	3.45372E-5	3.45377E-1
-1.87326E+0	-1.79771E+0	9.99985E-5	3.45052E-5	3.45057E-1
-1.88456E+0	-1.81011E+0	9.99984E-5	3.45150E-5	3.45156E-1
-1.89779E+0	-1.82247E+0	9.99984E-5	3.44796E-5	3.44801E-1
-1.91096E+0	-1.83495E+0	9.99985E-5	3.44223E-5	3.44228E-1
-1.92388E+0	-1.84745E+0	9.99985E-5	3.45089E-5	3.45094E-1
-1.93592E+0	-1.85994E+0	9.99985E-5	3.45021E-5	3.45026E-1
-1.94904E+0	-1.87231E+0	9.99986E-5	3.44813E-5	3.44818E-1
-1.96172E+0	-1.88470E+0	9.99986E-5	3.46118E-5	3.46123E-1
-1.97362E+0	-1.89722E+0	9.99985E-5	3.45885E-5	3.45890E-1
-1.98657E+0	-1.90964E+0	9.99985E-5	3.44955E-5	3.44960E-1
-1.99780E+0	-1.92189E+0	9.99985E-5	3.45802E-5	3.45807E-1
-2.00122E+0	-1.93223E+0	9.99985E-5	3.45199E-5	3.45204E-1
-2.00165E+0	-1.93947E+0	9.99984E-5	3.44391E-5	3.44396E-1
-2.00171E+0	-1.94403E+0	9.99985E-5	3.45073E-5	3.45078E-1
-2.00183E+0	-1.94662E+0	9.99986E-5	3.45396E-5	3.45401E-1
-2.00168E+0	-1.94792E+0	9.99987E-5	3.45404E-5	3.45409E-1
-1.99695E+0	-1.94851E+0	9.99986E-5	3.44553E-5	3.44558E-1
-1.98700E+0	-1.94856E+0	9.99985E-5	3.44975E-5	3.44980E-1
-1.97443E+0	-1.94782E+0	9.99986E-5	3.46315E-5	3.46320E-1
-1.96231E+0	-1.94501E+0	9.99985E-5	3.45855E-5	3.45860E-1
-1.94949E+0	-1.93764E+0	9.99984E-5	3.45824E-5	3.45830E-1
-1.93652E+0	-1.92570E+0	9.99985E-5	3.46716E-5	3.46721E-1
-1.92345E+0	-1.91259E+0	9.99986E-5	3.46500E-5	3.46505E-1
-1.91078E+0	-1.89968E+0	9.99986E-5	3.45615E-5	3.45620E-1
-1.89903E+0	-1.88696E+0	9.99985E-5	3.45694E-5	3.45700E-1
-1.88616E+0	-1.87446E+0	9.99985E-5	3.45663E-5	3.45668E-1
-1.87357E+0	-1.86196E+0	9.99986E-5	3.45207E-5	3.45212E-1
-1.86051E+0	-1.84940E+0	9.99985E-5	3.45195E-5	3.45200E-1
-1.84773E+0	-1.83706E+0	9.99985E-5	3.45874E-5	3.45879E-1
-1.83578E+0	-1.82478E+0	9.99985E-5	3.46382E-5	3.46387E-1
-1.82263E+0	-1.81241E+0	9.99985E-5	3.45431E-5	3.45437E-1
-1.81038E+0	-1.80007E+0	9.99986E-5	3.44948E-5	3.44953E-1
-1.79773E+0	-1.78781E+0	9.99987E-5	3.45434E-5	3.45439E-1
-1.78508E+0	-1.77532E+0	9.99987E-5	3.46598E-5	3.46603E-1
-1.77207E+0	-1.76291E+0	9.99985E-5	3.46582E-5	3.46587E-1
-1.75943E+0	-1.75062E+0	9.99985E-5	3.45710E-5	3.45715E-1
-1.74750E+0	-1.73814E+0	9.99985E-5	3.46026E-5	3.46031E-1
-1.73423E+0	-1.72576E+0	9.99986E-5	3.46262E-5	3.46267E-1
-1.72175E+0	-1.71334E+0	9.99986E-5	3.45635E-5	3.45640E-1
-1.70866E+0	-1.70084E+0	9.99984E-5	3.46078E-5	3.46084E-1
-1.69613E+0	-1.68845E+0	9.99984E-5	3.46314E-5	3.46319E-1
-1.68439E+0	-1.67616E+0	9.99985E-5	3.46907E-5	3.46912E-1
-1.67173E+0	-1.66386E+0	9.99986E-5	3.46067E-5	3.46072E-1
-1.65867E+0	-1.65148E+0	9.99987E-5	3.45963E-5	3.45968E-1
-1.64530E+0	-1.63910E+0	9.99987E-5	3.46311E-5	3.46315E-1
-1.63313E+0	-1.62667E+0	9.99987E-5	3.45236E-5	3.45241E-1
-1.61997E+0	-1.61418E+0	9.99985E-5	3.46033E-5	3.46038E-1
-1.60727E+0	-1.60180E+0	9.99984E-5	3.47091E-5	3.47097E-1
-1.59524E+0	-1.58940E+0	9.99984E-5	3.47020E-5	3.47026E-1
-1.58242E+0	-1.57691E+0	9.99985E-5	3.47109E-5	3.47115E-1
-1.57000E+0	-1.56461E+0	9.99985E-5	3.47359E-5	3.47364E-1
-1.55666E+0	-1.55223E+0	9.99985E-5	3.46685E-5	3.46690E-1
-1.54417E+0	-1.53973E+0	9.99985E-5	3.46075E-5	3.46080E-1
-1.53225E+0	-1.52740E+0	9.99985E-5	3.46164E-5	3.46169E-1
-1.51955E+0	-1.51510E+0	9.99986E-5	3.47020E-5	3.47024E-1
-1.50644E+0	-1.50263E+0	9.99986E-5	3.46452E-5	3.46457E-1
-1.49327E+0	-1.49019E+0	9.99987E-5	3.46703E-5	3.46707E-1
-1.48133E+0	-1.47789E+0	9.99988E-5	3.46982E-5	3.46986E-1
-1.46860E+0	-1.46556E+0	9.99988E-5	3.47108E-5	3.47113E-1
-1.45533E+0	-1.45311E+0	9.99986E-5	3.47724E-5	3.47729E-1
-1.44340E+0	-1.44074E+0	9.99985E-5	3.47407E-5	3.47412E-1
-1.43087E+0	-1.42843E+0	9.99985E-5	3.47845E-5	3.47851E-1
-1.41748E+0	-1.41604E+0	9.99985E-5	3.47927E-5	3.47933E-1
-1.40439E+0	-1.40358E+0	9.99985E-5	3.47686E-5	3.47691E-1
-1.39217E+0	-1.39122E+0	9.99986E-5	3.47456E-5	3.47461E-1
-1.38098E+0	-1.37895E+0	9.99986E-5	3.47080E-5	3.47085E-1
-1.36782E+0	-1.36648E+0	9.99987E-5	3.47463E-5	3.47467E-1
-1.35442E+0	-1.35402E+0	9.99985E-5	3.47199E-5	3.47204E-1
-1.34151E+0	-1.34176E+0	9.99984E-5	3.47054E-5	3.47060E-1
-1.32904E+0	-1.32950E+0	9.99986E-5	3.47591E-5	3.47596E-1
-1.31627E+0	-1.31716E+0	9.99986E-5	3.47786E-5	3.47790E-1
-1.30368E+0	-1.30475E+0	9.99986E-5	3.47819E-5	3.47824E-1
-1.29221E+0	-1.29234E+0	9.99985E-5	3.47794E-5	3.47799E-1
-1.27895E+0	-1.27995E+0	9.99985E-5	3.47870E-5	3.47875E-1
-1.26564E+0	-1.26754E+0	9.99985E-5	3.46892E-5	3.46897E-1
-1.25293E+0	-1.25521E+0	9.99985E-5	3.47639E-5	3.47644E-1
-1.23999E+0	-1.24282E+0	9.99985E-5	3.48138E-5	3.48143E-1
-1.22780E+0	-1.23041E+0	9.99985E-5	3.47480E-5	3.47486E-1
-1.21508E+0	-1.21812E+0	9.99984E-5	3.47829E-5	3.47834E-1
-1.20279E+0	-1.20574E+0	9.99985E-5	3.48554E-5	3.48559E-1
-1.18972E+0	-1.19343E+0	9.99986E-5	3.48238E-5	3.48243E-1
-1.17666E+0	-1.18116E+0	9.99985E-5	3.48122E-5	3.48127E-1
-1.16481E+0	-1.16872E+0	9.99985E-5	3.48024E-5	3.48030E-1
-1.15242E+0	-1.15623E+0	9.99986E-5	3.47890E-5	3.47895E-1
-1.13917E+0	-1.14379E+0	9.99985E-5	3.48040E-5	3.48045E-1
-1.12627E+0	-1.13143E+0	9.99985E-5	3.47848E-5	3.47854E-1
-1.11403E+0	-1.11913E+0	9.99986E-5	3.47200E-5	3.47205E-1
-1.10207E+0	-1.10674E+0	9.99986E-5	3.47140E-5	3.47145E-1
-1.08897E+0	-1.09433E+0	9.99984E-5	3.47657E-5	3.47663E-1
-1.07619E+0	-1.08187E+0	9.99984E-5	3.47197E-5	3.47202E-1
-1.06348E+0	-1.06941E+0	9.99986E-5	3.47478E-5	3.47483E-1
-1.05087E+0	-1.05694E+0	9.99986E-5	3.48186E-5	3.48191E-1
-1.03805E+0	-1.04433E+0	9.99986E-5	3.47510E-5	3.47515E-1
-1.02510E+0	-1.03165E+0	9.99984E-5	3.47530E-5	3.47535E-1
-1.01290E+0	-1.01910E+0	9.99984E-5	3.48209E-5	3.48215E-1
-1.00030E+0	-1.00661E+0	9.99985E-5	3.48036E-5	3.48041E-1
-9.87191E-1	-9.94033E-1	9.99985E-5	3.48055E-5	3.48060E-1
-9.74251E-1	-9.81098E-1	9.99985E-5	3.48205E-5	3.48210E-1
-9.61743E-1	-9.68131E-1	9.99986E-5	3.47905E-5	3.47910E-1
-9.49719E-1	-9.55185E-1	9.99986E-5	3.47446E-5	3.47451E-1
-9.37101E-1	-9.42324E-1	9.99985E-5	3.47676E-5	3.47681E-1
-9.24462E-1	-9.29624E-1	9.99985E-5	3.47996E-5	3.48001E-1
-9.11725E-1	-9.16920E-1	9.99985E-5	3.47825E-5	3.47831E-1
-8.99027E-1	-9.04205E-1	9.99986E-5	3.47877E-5	3.47882E-1
-8.86766E-1	-8.91465E-1	9.99986E-5	3.47683E-5	3.47688E-1
-8.73638E-1	-8.78869E-1	9.99985E-5	3.47823E-5	3.47828E-1
-8.61132E-1	-8.66388E-1	9.99984E-5	3.48201E-5	3.48206E-1
-8.48211E-1	-8.53957E-1	9.99985E-5	3.48161E-5	3.48167E-1
-8.35347E-1	-8.41535E-1	9.99986E-5	3.47587E-5	3.47592E-1
-8.22590E-1	-8.29096E-1	9.99986E-5	3.47723E-5	3.47727E-1
-8.09957E-1	-8.16645E-1	9.99986E-5	3.48004E-5	3.48009E-1
-7.97626E-1	-8.04264E-1	9.99986E-5	3.48047E-5	3.48052E-1
-7.84562E-1	-7.91886E-1	9.99986E-5	3.48245E-5	3.48250E-1
-7.71973E-1	-7.79456E-1	9.99987E-5	3.47971E-5	3.47975E-1
-7.59510E-1	-7.67142E-1	9.99986E-5	3.47769E-5	3.47774E-1
-7.46706E-1	-7.54946E-1	9.99985E-5	3.47919E-5	3.47925E-1
-7.33875E-1	-7.42642E-1	9.99985E-5	3.48173E-5	3.48178E-1
-7.20929E-1	-7.30330E-1	9.99983E-5	3.48794E-5	3.48800E-1
-7.09011E-1	-7.18076E-1	9.99984E-5	3.48282E-5	3.48288E-1
-6.96253E-1	-7.05846E-1	9.99985E-5	3.48079E-5	3.48084E-1
-6.83610E-1	-6.93680E-1	9.99986E-5	3.48569E-5	3.48574E-1
-6.70796E-1	-6.81492E-1	9.99986E-5	3.48895E-5	3.48900E-1
-6.58063E-1	-6.69205E-1	9.99986E-5	3.49152E-5	3.49157E-1
-6.45551E-1	-6.56906E-1	9.99985E-5	3.48636E-5	3.48642E-1
-6.32588E-1	-6.44714E-1	9.99984E-5	3.47999E-5	3.48005E-1
-6.20072E-1	-6.32533E-1	9.99984E-5	3.48349E-5	3.48355E-1
-6.07733E-1	-6.20371E-1	9.99985E-5	3.48231E-5	3.48236E-1
-5.95012E-1	-6.08167E-1	9.99986E-5	3.47843E-5	3.47848E-1
-5.82687E-1	-5.95933E-1	9.99986E-5	3.47837E-5	3.47842E-1
-5.70061E-1	-5.83700E-1	9.99985E-5	3.48369E-5	3.48375E-1
-5.57357E-1	-5.71482E-1	9.99984E-5	3.48668E-5	3.48674E-1
-5.44271E-1	-5.59272E-1	9.99985E-5	3.48623E-5	3.48628E-1
-5.31200E-1	-5.47083E-1	9.99985E-5	3.48807E-5	3.48812E-1
-5.18846E-1	-5.34889E-1	9.99985E-5	3.49079E-5	3.49084E-1
-5.06163E-1	-5.22556E-1	9.99986E-5	3.49199E-5	3.49204E-1
-4.93642E-1	-5.10198E-1	9.99986E-5	3.48799E-5	3.48804E-1
-4.80814E-1	-4.97941E-1	9.99986E-5	3.48415E-5	3.48420E-1
-4.68429E-1	-4.85782E-1	9.99985E-5	3.48825E-5	3.48830E-1
-4.55803E-1	-4.73513E-1	9.99986E-5	3.48616E-5	3.48621E-1
-4.43244E-1	-4.61222E-1	9.99987E-5	3.48445E-5	3.48450E-1
-4.30445E-1	-4.48928E-1	9.99987E-5	3.48752E-5	3.48756E-1
-4.17543E-1	-4.36667E-1	9.99986E-5	3.48884E-5	3.48889E-1
-4.05058E-1	-4.24451E-1	9.99986E-5	3.49043E-5	3.49048E-1
-3.91952E-1	-4.12105E-1	9.99986E-5	3.48897E-5	3.48902E-1
-3.79136E-1	-3.99714E-1	9.99985E-5	3.48820E-5	3.48825E-1
-3.66675E-1	-3.87390E-1	9.99985E-5	3.48865E-5	3.48871E-1
-3.54040E-1	-3.74647E-1	9.99986E-5	3.48787E-5	3.48792E-1
-3.41774E-1	-3.61867E-1	9.99986E-5	3.48977E-5	3.48982E-1
-3.28823E-1	-3.49547E-1	9.99986E-5	3.48992E-5	3.48997E-1
-3.15853E-1	-3.37200E-1	9.99986E-5	3.48756E-5	3.48761E-1
-3.03247E-1	-3.24692E-1	9.99986E-5	3.49037E-5	3.49042E-1
-2.90652E-1	-3.12277E-1	9.99986E-5	3.49328E-5	3.49333E-1
-2.78102E-1	-2.99885E-1	9.99986E-5	3.49108E-5	3.49113E-1
-2.65468E-1	-2.87431E-1	9.99986E-5	3.49069E-5	3.49074E-1
-2.53030E-1	-2.74875E-1	9.99985E-5	3.49158E-5	3.49163E-1
-2.40436E-1	-2.62323E-1	9.99985E-5	3.49246E-5	3.49251E-1
-2.27698E-1	-2.49856E-1	9.99985E-5	3.49168E-5	3.49173E-1
-2.15277E-1	-2.37221E-1	9.99984E-5	3.49250E-5	3.49255E-1
-2.02284E-1	-2.24577E-1	9.99984E-5	3.49038E-5	3.49043E-1
-1.89524E-1	-2.12099E-1	9.99985E-5	3.49177E-5	3.49182E-1
-1.77170E-1	-1.99541E-1	9.99984E-5	3.49249E-5	3.49254E-1
-1.64533E-1	-1.86878E-1	9.99986E-5	3.49360E-5	3.49365E-1
-1.51833E-1	-1.74146E-1	9.99986E-5	3.49275E-5	3.49279E-1
-1.39225E-1	-1.61479E-1	9.99986E-5	3.49491E-5	3.49496E-1
-1.26682E-1	-1.48939E-1	9.99986E-5	3.49511E-5	3.49516E-1
-1.14244E-1	-1.36380E-1	9.99985E-5	3.49337E-5	3.49343E-1
-1.01482E-1	-1.23587E-1	9.99985E-5	3.49756E-5	3.49761E-1
-8.87473E-2	-1.10873E-1	9.99985E-5	3.49798E-5	3.49803E-1
-7.61309E-2	-9.83062E-2	9.99986E-5	3.49992E-5	3.49997E-1
-6.36302E-2	-8.56584E-2	9.99985E-5	3.49928E-5	3.49933E-1
-5.04617E-2	-7.29910E-2	9.99985E-5	3.49486E-5	3.49491E-1
-3.79469E-2	-6.03396E-2	9.99985E-5	3.49546E-5	3.49552E-1
-2.52720E-2	-4.76062E-2	9.99984E-5	3.49646E-5	3.49652E-1
-1.29129E-2	-3.52415E-2	9.99986E-5	3.49536E-5	3.49541E-1
-3.99889E-3	-2.34071E-2	9.99987E-5	3.49634E-5	3.49638E-1
-6.42448E-4	-1.34087E-2	9.99986E-5	3.49651E-5	3.49656E-1
-4.70000E-4	-6.74301E-3	9.99984E-5	3.49547E-5	3.49553E-1
-7.69315E-4	-2.73570E-3	9.99984E-5	3.49282E-5	3.49287E-1
-9.50000E-4	-6.64469E-4	9.99985E-5	3.49267E-5	3.49272E-1
-5.31462E-4	3.23202E-4	9.99985E-5	3.49346E-5	3.49351E-1
3.36116E-3	1.07464E-3	9.99984E-5	3.49427E-5	3.49433E-1
1.35959E-2	2.62712E-3	9.99984E-5	3.49297E-5	3.49302E-1
2.62407E-2	7.40229E-3	9.99985E-5	3.49547E-5	3.49552E-1
3.85760E-2	1.64188E-2	9.99985E-5	3.49883E-5	3.49888E-1
5.10077E-2	2.78121E-2	9.99985E-5	3.49991E-5	3.49996E-1
6.40928E-2	3.94004E-2	9.99986E-5	3.49791E-5	3.49796E-1
7.70383E-2	5.13827E-2	9.99987E-5	3.49617E-5	3.49622E-1
8.93884E-2	6.39593E-2	9.99985E-5	3.49983E-5	3.49989E-1
1.01791E-1	7.65107E-2	9.99984E-5	3.50126E-5	3.50132E-1
1.14441E-1	8.91881E-2	9.99985E-5	3.50072E-5	3.50077E-1
1.27052E-1	1.01920E-1	9.99985E-5	3.50108E-5	3.50113E-1
1.40054E-1	1.14458E-1	9.99984E-5	3.50448E-5	3.50453E-1
1.52812E-1	1.26554E-1	9.99985E-5	3.50194E-5	3.50199E-1
1.65283E-1	1.38564E-1	9.99986E-5	3.50068E-5	3.50073E-1
1.77575E-1	1.50724E-1	9.99986E-5	3.50143E-5	3.50148E-1
1.90138E-1	1.62712E-1	9.99986E-5	3.50267E-5	3.50272E-1
2.03057E-1	1.74653E-1	9.99986E-5	3.50400E-5	3.50405E-1
2.15621E-1	1.86482E-1	9.99986E-5	3.50115E-5	3.50119E-1
2.28683E-1	1.98177E-1	9.99986E-5	3.50139E-5	3.50144E-1
2.41335E-1	2.09892E-1	9.99985E-5	3.50048E-5	3.50053E-1
2.53821E-1	2.21924E-1	9.99986E-5	3.50129E-5	3.50134E-1
2.66898E-1	2.34152E-1	9.99987E-5	3.50338E-5	3.50342E-1
2.79559E-1	2.46449E-1	9.99985E-5	3.50278E-5	3.50283E-1
2.91630E-1	2.58798E-1	9.99986E-5	3.50290E-5	3.50295E-1
3.04498E-1	2.71155E-1	9.99986E-5	3.50369E-5	3.50374E-1
3.16988E-1	2.83672E-1	9.99986E-5	3.50541E-5	3.50546E-1
3.29553E-1	2.96163E-1	9.99985E-5	3.50582E-5	3.50587E-1
3.42029E-1	3.08532E-1	9.99985E-5	3.50702E-5	3.50708E-1
3.54941E-1	3.20800E-1	9.99986E-5	3.50721E-5	3.50726E-1
3.67792E-1	3.33085E-1	9.99986E-5	3.50749E-5	3.50754E-1
3.80514E-1	3.45350E-1	9.99986E-5	3.50961E-5	3.50966E-1
3.93446E-1	3.57485E-1	9.99985E-5	3.50999E-5	3.51004E-1
4.05944E-1	3.69713E-1	9.99986E-5	3.50820E-5	3.50825E-1
4.18337E-1	3.81851E-1	9.99986E-5	3.50545E-5	3.50550E-1
4.30584E-1	3.92164E-1	9.99985E-5	3.50341E-5	3.50346E-1
4.43215E-1	4.03475E-1	9.99986E-5	3.50690E-5	3.50695E-1
4.56047E-1	4.17408E-1	9.99986E-5	3.51190E-5	3.51195E-1
4.69048E-1	4.30783E-1	9.99987E-5	3.51066E-5	3.51071E-1
4.82290E-1	4.43431E-1	9.99987E-5	3.50664E-5	3.50669E-1
4.94428E-1	4.55732E-1	9.99986E-5	3.50797E-5	3.50802E-1
5.06346E-1	4.67744E-1	9.99986E-5	3.50993E-5	3.50998E-1
5.19285E-1	4.79840E-1	9.99986E-5	3.51091E-5	3.51096E-1
5.32356E-1	4.91856E-1	9.99987E-5	3.50786E-5	3.50791E-1
5.45013E-1	5.03739E-1	9.99986E-5	3.50390E-5	3.50395E-1
5.57591E-1	5.15711E-1	9.99986E-5	3.50756E-5	3.50761E-1
5.70414E-1	5.27750E-1	9.99986E-5	3.50700E-5	3.50705E-1
5.83333E-1	5.39826E-1	9.99986E-5	3.51273E-5	3.51278E-1
5.95780E-1	5.51788E-1	9.99986E-5	3.51536E-5	3.51541E-1
6.07958E-1	5.63729E-1	9.99986E-5	3.50840E-5	3.50845E-1
6.20714E-1	5.75908E-1	9.99986E-5	3.51136E-5	3.51141E-1
6.33239E-1	5.88084E-1	9.99987E-5	3.50997E-5	3.51002E-1
6.46288E-1	6.00218E-1	9.99988E-5	3.50648E-5	3.50652E-1
6.58686E-1	6.12332E-1	9.99986E-5	3.50905E-5	3.50910E-1
6.71360E-1	6.24410E-1	9.99985E-5	3.51153E-5	3.51159E-1
6.84276E-1	6.36423E-1	9.99985E-5	3.51134E-5	3.51139E-1
6.97690E-1	6.48493E-1	9.99987E-5	3.51131E-5	3.51136E-1
7.10398E-1	6.60633E-1	9.99986E-5	3.51257E-5	3.51261E-1
7.22499E-1	6.72829E-1	9.99985E-5	3.51102E-5	3.51107E-1
7.35029E-1	6.85136E-1	9.99985E-5	3.51029E-5	3.51034E-1
7.47724E-1	6.97355E-1	9.99986E-5	3.51634E-5	3.51639E-1
7.60457E-1	7.09531E-1	9.99986E-5	3.51331E-5	3.51336E-1
7.73004E-1	7.21755E-1	9.99986E-5	3.50673E-5	3.50678E-1
7.85986E-1	7.33869E-1	9.99986E-5	3.50985E-5	3.50990E-1
7.98876E-1	7.45985E-1	9.99986E-5	3.51050E-5	3.51055E-1
8.10845E-1	7.58265E-1	9.99987E-5	3.50908E-5	3.50913E-1
8.23204E-1	7.70652E-1	9.99987E-5	3.51164E-5	3.51168E-1
8.36371E-1	7.82959E-1	9.99985E-5	3.51501E-5	3.51506E-1
8.49432E-1	7.95216E-1	9.99985E-5	3.51257E-5	3.51262E-1
8.61682E-1	8.07550E-1	9.99987E-5	3.51764E-5	3.51768E-1
8.73876E-1	8.19944E-1	9.99986E-5	3.51828E-5	3.51833E-1
8.87328E-1	8.32403E-1	9.99986E-5	3.51387E-5	3.51392E-1
9.00069E-1	8.44826E-1	9.99986E-5	3.51182E-5	3.51187E-1
9.12734E-1	8.57246E-1	9.99987E-5	3.51424E-5	3.51429E-1
9.25188E-1	8.69678E-1	9.99986E-5	3.51379E-5	3.51384E-1
9.37433E-1	8.82220E-1	9.99986E-5	3.51351E-5	3.51356E-1
9.50450E-1	8.94913E-1	9.99986E-5	3.52185E-5	3.52190E-1
9.62910E-1	9.07570E-1	9.99986E-5	3.51911E-5	3.51916E-1
9.75659E-1	9.20151E-1	9.99987E-5	3.51339E-5	3.51344E-1
9.88600E-1	9.32867E-1	9.99986E-5	3.51485E-5	3.51490E-1
1.00151E+0	9.45538E-1	9.99986E-5	3.51988E-5	3.51993E-1
1.01372E+0	9.58307E-1	9.99986E-5	3.52189E-5	3.52194E-1
1.02595E+0	9.71248E-1	9.99986E-5	3.52441E-5	3.52446E-1
1.03892E+0	9.84087E-1	9.99985E-5	3.52350E-5	3.52356E-1
1.05192E+0	9.96765E-1	9.99985E-5	3.52185E-5	3.52190E-1
1.06472E+0	1.00946E+0	9.99986E-5	3.51942E-5	3.51947E-1
1.07688E+0	1.02209E+0	9.99985E-5	3.52280E-5	3.52285E-1
1.08932E+0	1.03450E+0	9.99986E-5	3.52419E-5	3.52424E-1
1.10179E+0	1.04668E+0	9.99987E-5	3.51662E-5	3.51667E-1
1.11475E+0	1.05892E+0	9.99986E-5	3.52256E-5	3.52261E-1
1.12803E+0	1.07122E+0	9.99985E-5	3.53150E-5	3.53155E-1
1.14043E+0	1.08349E+0	9.99985E-5	3.52873E-5	3.52879E-1
1.15323E+0	1.09573E+0	9.99984E-5	3.52469E-5	3.52475E-1
1.16637E+0	1.10791E+0	9.99986E-5	3.52553E-5	3.52558E-1
1.17816E+0	1.12021E+0	9.99986E-5	3.52186E-5	3.52191E-1
1.19108E+0	1.13250E+0	9.99984E-5	3.52113E-5	3.52118E-1
1.20396E+0	1.14484E+0	9.99985E-5	3.52402E-5	3.52408E-1
1.21686E+0	1.15715E+0	9.99984E-5	3.52308E-5	3.52313E-1
1.22882E+0	1.16932E+0	9.99984E-5	3.52367E-5	3.52373E-1
1.24073E+0	1.18149E+0	9.99985E-5	3.52671E-5	3.52676E-1
1.25438E+0	1.19387E+0	9.99985E-5	3.52723E-5	3.52728E-1
1.26676E+0	1.20622E+0	9.99985E-5	3.52821E-5	3.52827E-1
1.27963E+0	1.21848E+0	9.99984E-5	3.53295E-5	3.53300E-1
1.29227E+0	1.23072E+0	9.99984E-5	3.52922E-5	3.52927E-1
1.30431E+0	1.24305E+0	9.99985E-5	3.52121E-5	3.52126E-1
1.31722E+0	1.25539E+0	9.99986E-5	3.52647E-5	3.52652E-1
1.32938E+0	1.26768E+0	9.99985E-5	3.53704E-5	3.53709E-1
1.34228E+0	1.28002E+0	9.99985E-5	3.52957E-5	3.52963E-1
1.35510E+0	1.29233E+0	9.99985E-5	3.52566E-5	3.52571E-1
1.36788E+0	1.30457E+0	9.99985E-5	3.51851E-5	3.51856E-1
1.38122E+0	1.31703E+0	9.99985E-5	3.52635E-5	3.52640E-1
1.39285E+0	1.32944E+0	9.99985E-5	3.53286E-5	3.53292E-1
1.40589E+0	1.34169E+0	9.99985E-5	3.52662E-5	3.52668E-1
1.41856E+0	1.35405E+0	9.99985E-5	3.52908E-5	3.52913E-1
1.43152E+0	1.36645E+0	9.99986E-5	3.53116E-5	3.53121E-1
1.44463E+0	1.37875E+0	9.99986E-5	3.53478E-5	3.53483E-1
1.45740E+0	1.39112E+0	9.99986E-5	3.53022E-5	3.53027E-1
1.46979E+0	1.40355E+0	9.99986E-5	3.52595E-5	3.52600E-1
1.48166E+0	1.41587E+0	9.99986E-5	3.53190E-5	3.53195E-1
1.49474E+0	1.42804E+0	9.99986E-5	3.53111E-5	3.53116E-1
1.50741E+0	1.44031E+0	9.99985E-5	3.52879E-5	3.52885E-1
1.52056E+0	1.45280E+0	9.99984E-5	3.53296E-5	3.53302E-1
1.53349E+0	1.46518E+0	9.99984E-5	3.53853E-5	3.53859E-1
1.54527E+0	1.47741E+0	9.99986E-5	3.54370E-5	3.54375E-1
1.55805E+0	1.48979E+0	9.99986E-5	3.53680E-5	3.53685E-1
1.57070E+0	1.50226E+0	9.99985E-5	3.53294E-5	3.53300E-1
1.58365E+0	1.51450E+0	9.99985E-5	3.53413E-5	3.53418E-1
1.59656E+0	1.52680E+0	9.99985E-5	3.53251E-5	3.53257E-1
1.60838E+0	1.53925E+0	9.99985E-5	3.53265E-5	3.53271E-1
1.62167E+0	1.55158E+0	9.99985E-5	3.52794E-5	3.52799E-1
1.63393E+0	1.56393E+0	9.99986E-5	3.52958E-5	3.52963E-1
1.64661E+0	1.57631E+0	9.99985E-5	3.52848E-5	3.52853E-1
1.65971E+0	1.58865E+0	9.99985E-5	3.53608E-5	3.53614E-1
1.67216E+0	1.60096E+0	9.99985E-5	3.53972E-5	3.53977E-1
1.68489E+0	1.61326E+0	9.99985E-5	3.54536E-5	3.54542E-1
1.69716E+0	1.62564E+0	9.99985E-5	3.54559E-5	3.54564E-1
1.70974E+0	1.63814E+0	9.99985E-5	3.54190E-5	3.54196E-1
1.72300E+0	1.65061E+0	9.99984E-5	3.54371E-5	3.54376E-1
1.73560E+0	1.66298E+0	9.99985E-5	3.53330E-5	3.53336E-1
1.74796E+0	1.67541E+0	9.99985E-5	3.53024E-5	3.53029E-1
1.76049E+0	1.68785E+0	9.99984E-5	3.53937E-5	3.53943E-1
1.77353E+0	1.70015E+0	9.99983E-5	3.54051E-5	3.54057E-1
1.78609E+0	1.71254E+0	9.99984E-5	3.54080E-5	3.54085E-1
1.79869E+0	1.72494E+0	9.99986E-5	3.53629E-5	3.53634E-1
1.81144E+0	1.73734E+0	9.99986E-5	3.53448E-5	3.53454E-1
1.82341E+0	1.74982E+0	9.99986E-5	3.53116E-5	3.53121E-1
1.83662E+0	1.76226E+0	9.99986E-5	3.53629E-5	3.53634E-1
1.84896E+0	1.77454E+0	9.99985E-5	3.54193E-5	3.54199E-1
1.86209E+0	1.78691E+0	9.99985E-5	3.54114E-5	3.54119E-1
1.87497E+0	1.79935E+0	9.99987E-5	3.53876E-5	3.53881E-1
1.88740E+0	1.81173E+0	9.99986E-5	3.53525E-5	3.53530E-1
1.90049E+0	1.82420E+0	9.99986E-5	3.54053E-5	3.54058E-1
1.91252E+0	1.83663E+0	9.99985E-5	3.54389E-5	3.54394E-1
1.92509E+0	1.84901E+0	9.99984E-5	3.54024E-5	3.54029E-1
1.93793E+0	1.86152E+0	9.99984E-5	3.54652E-5	3.54658E-1
1.95124E+0	1.87398E+0	9.99984E-5	3.55365E-5	3.55370E-1
1.96357E+0	1.88643E+0	9.99986E-5	3.55561E-5	3.55566E-1
1.97536E+0	1.89886E+0	9.99986E-5	3.54900E-5	3.54905E-1
1.98887E+0	1.91130E+0	9.99986E-5	3.53699E-5	3.53704E-1
2.00000E+0	1.92343E+0	9.99986E-5	3.53196E-5	3.53201E-1
2.00181E+0	1.93332E+0	9.99986E-5	3.53142E-5	3.53147E-1
2.00152E+0	1.94002E+0	9.99987E-5	3.54237E-5	3.54241E-1
2.00152E+0	1.94427E+0	9.99987E-5	3.53396E-5	3.53401E-1
