B_digital_(T)	B_analog_(T)	I_s	V_nv	R_nv
4.70000E-4	-5.90335E-3	9.99986E-5	-4.56461E-5	-4.56467E-1
4.70000E-4	-5.89993E-3	9.99986E-5	-4.56510E-5	-4.56517E-1
1.54583E-2	-5.47738E-3	9.99986E-5	-4.56732E-5	-4.56738E-1
3.13142E-2	-2.39909E-3	9.99986E-5	-4.56575E-5	-4.56582E-1
5.06843E-2	8.34373E-3	9.99986E-5	-4.56324E-5	-4.56331E-1
7.02136E-2	2.68097E-2	9.99985E-5	-4.56148E-5	-4.56155E-1
8.99755E-2	4.68409E-2	9.99986E-5	-4.55264E-5	-4.55271E-1
1.09349E-1	6.71371E-2	9.99986E-5	-4.53513E-5	-4.53519E-1
1.28959E-1	8.78722E-2	9.99986E-5	-4.50858E-5	-4.50864E-1
1.48517E-1	1.08389E-1	9.99986E-5	-4.49782E-5	-4.49788E-1
1.68267E-1	1.27762E-1	9.99987E-5	-4.50030E-5	-4.50036E-1
1.88013E-1	1.46932E-1	9.99986E-5	-4.50358E-5	-4.50364E-1
2.07338E-1	1.67079E-1	9.99986E-5	-4.50791E-5	-4.50798E-1
2.26919E-1	1.87173E-1	9.99985E-5	-4.50026E-5	-4.50033E-1
2.46452E-1	2.06983E-1	9.99984E-5	-4.48967E-5	-4.48974E-1
2.65587E-1	2.26891E-1	9.99986E-5	-4.48357E-5	-4.48364E-1
2.85339E-1	2.46640E-1	9.99986E-5	-4.48853E-5	-4.48859E-1
3.04675E-1	2.66240E-1	9.99985E-5	-4.49119E-5	-4.49126E-1
3.23684E-1	2.85759E-1	9.99985E-5	-4.46993E-5	-4.47000E-1
3.43365E-1	3.05139E-1	9.99985E-5	-4.43869E-5	-4.43876E-1
3.63024E-1	3.24283E-1	9.99986E-5	-4.41309E-5	-4.41315E-1
3.82837E-1	3.43264E-1	9.99985E-5	-4.43222E-5	-4.43228E-1
4.02276E-1	3.62212E-1	9.99985E-5	-4.43485E-5	-4.43492E-1
4.21861E-1	3.81307E-1	9.99986E-5	-4.43434E-5	-4.43441E-1
4.41303E-1	4.00544E-1	9.99986E-5	-4.46341E-5	-4.46347E-1
4.60868E-1	4.19817E-1	9.99985E-5	-4.44539E-5	-4.44546E-1
4.80874E-1	4.39443E-1	9.99985E-5	-4.45214E-5	-4.45221E-1
5.00106E-1	4.58982E-1	9.99986E-5	-4.45457E-5	-4.45464E-1
5.19184E-1	4.78556E-1	9.99986E-5	-4.42780E-5	-4.42786E-1
5.38681E-1	4.98052E-1	9.99986E-5	-4.42118E-5	-4.42124E-1
5.58481E-1	5.17399E-1	9.99986E-5	-4.43363E-5	-4.43369E-1
5.78291E-1	5.37011E-1	9.99986E-5	-4.43860E-5	-4.43866E-1
5.97401E-1	5.56649E-1	9.99986E-5	-4.43635E-5	-4.43641E-1
6.16476E-1	5.75899E-1	9.99986E-5	-4.39728E-5	-4.39735E-1
6.36168E-1	5.95245E-1	9.99986E-5	-4.37105E-5	-4.37112E-1
6.55850E-1	6.14645E-1	9.99986E-5	-4.38202E-5	-4.38208E-1
6.75059E-1	6.33940E-1	9.99985E-5	-4.39976E-5	-4.39982E-1
6.94960E-1	6.53518E-1	9.99985E-5	-4.37541E-5	-4.37547E-1
7.14892E-1	6.72880E-1	9.99985E-5	-4.34766E-5	-4.34773E-1
7.34429E-1	6.92152E-1	9.99984E-5	-4.35209E-5	-4.35216E-1
7.53699E-1	7.11583E-1	9.99985E-5	-4.37641E-5	-4.37648E-1
7.73219E-1	7.31037E-1	9.99985E-5	-4.41090E-5	-4.41097E-1
7.93017E-1	7.50530E-1	9.99986E-5	-4.38584E-5	-4.38591E-1
8.11801E-1	7.69945E-1	9.99986E-5	-4.33139E-5	-4.33145E-1
8.31773E-1	7.89286E-1	9.99986E-5	-4.32484E-5	-4.32490E-1
8.51582E-1	8.08514E-1	9.99986E-5	-4.34544E-5	-4.34550E-1
8.70149E-1	8.27925E-1	9.99986E-5	-4.34848E-5	-4.34854E-1
8.90164E-1	8.47274E-1	9.99986E-5	-4.33625E-5	-4.33631E-1
9.09882E-1	8.66462E-1	9.99986E-5	-4.31839E-5	-4.31846E-1
9.29507E-1	8.85911E-1	9.99985E-5	-4.29060E-5	-4.29067E-1
9.49433E-1	9.05397E-1	9.99985E-5	-4.30955E-5	-4.30962E-1
9.69140E-1	9.24687E-1	9.99985E-5	-4.33849E-5	-4.33856E-1
9.87824E-1	9.43850E-1	9.99985E-5	-4.30458E-5	-4.30465E-1
1.00704E+0	9.63219E-1	9.99985E-5	-4.29347E-5	-4.29353E-1
1.02762E+0	9.84716E-1	9.99986E-5	-4.31884E-5	-4.31890E-1
1.04716E+0	1.00945E+0	9.99986E-5	-4.32088E-5	-4.32094E-1
1.06626E+0	1.03170E+0	9.99986E-5	-4.32017E-5	-4.32023E-1
1.08500E+0	1.05047E+0	9.99985E-5	-4.32347E-5	-4.32353E-1
1.10470E+0	1.06927E+0	9.99986E-5	-4.31738E-5	-4.31744E-1
1.12481E+0	1.08824E+0	9.99986E-5	-4.28309E-5	-4.28315E-1
1.14410E+0	1.10726E+0	9.99986E-5	-4.28715E-5	-4.28721E-1
1.16374E+0	1.12621E+0	9.99984E-5	-4.27125E-5	-4.27132E-1
1.18313E+0	1.14505E+0	9.99985E-5	-4.26239E-5	-4.26245E-1
1.20244E+0	1.16406E+0	9.99985E-5	-4.28134E-5	-4.28141E-1
1.22202E+0	1.18320E+0	9.99984E-5	-4.26684E-5	-4.26690E-1
1.24095E+0	1.20217E+0	9.99985E-5	-4.28046E-5	-4.28053E-1
1.26106E+0	1.22123E+0	9.99985E-5	-4.28333E-5	-4.28340E-1
1.28107E+0	1.24036E+0	9.99986E-5	-4.27494E-5	-4.27500E-1
1.30029E+0	1.25935E+0	9.99986E-5	-4.24820E-5	-4.24826E-1
1.31997E+0	1.27844E+0	9.99986E-5	-4.21816E-5	-4.21822E-1
1.33967E+0	1.29759E+0	9.99986E-5	-4.25250E-5	-4.25256E-1
1.35852E+0	1.31653E+0	9.99985E-5	-4.27861E-5	-4.27867E-1
1.37771E+0	1.33564E+0	9.99985E-5	-4.22721E-5	-4.22728E-1
1.39791E+0	1.35483E+0	9.99985E-5	-4.21376E-5	-4.21382E-1
1.41744E+0	1.37423E+0	9.99985E-5	-4.26545E-5	-4.26552E-1
1.43748E+0	1.39345E+0	9.99985E-5	-4.24780E-5	-4.24786E-1
1.45692E+0	1.41255E+0	9.99987E-5	-4.22714E-5	-4.22720E-1
1.47657E+0	1.43168E+0	9.99986E-5	-4.21511E-5	-4.21517E-1
1.49627E+0	1.45097E+0	9.99985E-5	-4.22083E-5	-4.22089E-1
1.51524E+0	1.47029E+0	9.99985E-5	-4.23266E-5	-4.23273E-1
1.53464E+0	1.48927E+0	9.99985E-5	-4.17959E-5	-4.17966E-1
1.55452E+0	1.50837E+0	9.99985E-5	-4.15899E-5	-4.15905E-1
1.57357E+0	1.52781E+0	9.99986E-5	-4.17592E-5	-4.17598E-1
1.59267E+0	1.54711E+0	9.99986E-5	-4.17550E-5	-4.17556E-1
1.61241E+0	1.56631E+0	9.99986E-5	-4.17242E-5	-4.17248E-1
1.63167E+0	1.58550E+0	9.99985E-5	-4.19432E-5	-4.19438E-1
1.65152E+0	1.60468E+0	9.99985E-5	-4.19317E-5	-4.19324E-1
1.67177E+0	1.62397E+0	9.99985E-5	-4.16466E-5	-4.16472E-1
1.69094E+0	1.64321E+0	9.99987E-5	-4.16604E-5	-4.16609E-1
1.71031E+0	1.66258E+0	9.99986E-5	-4.20534E-5	-4.20540E-1
1.72945E+0	1.68191E+0	9.99986E-5	-4.21036E-5	-4.21042E-1
1.74863E+0	1.70132E+0	9.99986E-5	-4.16829E-5	-4.16835E-1
1.76846E+0	1.72089E+0	9.99986E-5	-4.18084E-5	-4.18090E-1
1.78785E+0	1.74020E+0	9.99987E-5	-4.17280E-5	-4.17286E-1
1.80803E+0	1.75942E+0	9.99986E-5	-4.14637E-5	-4.14643E-1
1.82781E+0	1.77878E+0	9.99985E-5	-4.18333E-5	-4.18339E-1
1.84656E+0	1.79825E+0	9.99985E-5	-4.16634E-5	-4.16640E-1
1.86609E+0	1.81764E+0	9.99986E-5	-4.13451E-5	-4.13457E-1
1.88643E+0	1.83712E+0	9.99986E-5	-4.13006E-5	-4.13012E-1
1.90559E+0	1.85671E+0	9.99986E-5	-4.15130E-5	-4.15135E-1
1.92477E+0	1.87604E+0	9.99986E-5	-4.17470E-5	-4.17476E-1
1.94371E+0	1.89530E+0	9.99987E-5	-4.13171E-5	-4.13176E-1
1.96387E+0	1.91474E+0	9.99987E-5	-4.10088E-5	-4.10093E-1
1.98388E+0	1.93426E+0	9.99986E-5	-4.10441E-5	-4.10447E-1
1.99802E+0	1.95280E+0	9.99986E-5	-4.10700E-5	-4.10705E-1
2.00152E+0	1.96752E+0	9.99986E-5	-4.08985E-5	-4.08991E-1
2.00125E+0	1.97639E+0	9.99985E-5	-4.12521E-5	-4.12527E-1
2.00132E+0	1.98172E+0	9.99985E-5	-4.12131E-5	-4.12137E-1
2.00125E+0	1.98496E+0	9.99986E-5	-4.11381E-5	-4.11387E-1
2.00195E+0	1.98658E+0	9.99986E-5	-4.13460E-5	-4.13466E-1
1.99112E+0	1.98712E+0	9.99986E-5	-4.15321E-5	-4.15327E-1
1.97496E+0	1.98634E+0	9.99986E-5	-4.16291E-5	-4.16297E-1
1.95524E+0	1.98109E+0	9.99986E-5	-4.14779E-5	-4.14785E-1
1.93567E+0	1.96848E+0	9.99986E-5	-4.11888E-5	-4.11894E-1
1.91676E+0	1.95117E+0	9.99986E-5	-4.09577E-5	-4.09582E-1
1.89657E+0	1.93264E+0	9.99986E-5	-4.13327E-5	-4.13333E-1
1.87701E+0	1.91350E+0	9.99986E-5	-4.11698E-5	-4.11704E-1
1.85816E+0	1.89404E+0	9.99986E-5	-4.10662E-5	-4.10668E-1
1.83789E+0	1.87427E+0	9.99986E-5	-4.11643E-5	-4.11649E-1
1.81841E+0	1.85461E+0	9.99986E-5	-4.15263E-5	-4.15269E-1
1.79903E+0	1.83500E+0	9.99987E-5	-4.20650E-5	-4.20656E-1
1.77986E+0	1.81536E+0	9.99986E-5	-4.16666E-5	-4.16671E-1
1.76013E+0	1.79594E+0	9.99985E-5	-4.12921E-5	-4.12927E-1
1.74030E+0	1.77662E+0	9.99985E-5	-4.16225E-5	-4.16231E-1
1.72101E+0	1.75727E+0	9.99986E-5	-4.17349E-5	-4.17355E-1
1.70150E+0	1.73813E+0	9.99985E-5	-4.15591E-5	-4.15597E-1
1.68149E+0	1.71887E+0	9.99985E-5	-4.14842E-5	-4.14848E-1
1.66253E+0	1.69963E+0	9.99985E-5	-4.17904E-5	-4.17910E-1
1.64359E+0	1.68034E+0	9.99984E-5	-4.17619E-5	-4.17626E-1
1.62412E+0	1.66096E+0	9.99985E-5	-4.17378E-5	-4.17384E-1
1.60456E+0	1.64182E+0	9.99986E-5	-4.20140E-5	-4.20146E-1
1.58430E+0	1.62257E+0	9.99986E-5	-4.23284E-5	-4.23290E-1
1.56489E+0	1.60322E+0	9.99985E-5	-4.21124E-5	-4.21131E-1
1.54602E+0	1.58400E+0	9.99985E-5	-4.19983E-5	-4.19990E-1
1.52603E+0	1.56475E+0	9.99985E-5	-4.23054E-5	-4.23060E-1
1.50608E+0	1.54564E+0	9.99985E-5	-4.20522E-5	-4.20528E-1
1.48701E+0	1.52632E+0	9.99986E-5	-4.20356E-5	-4.20362E-1
1.46709E+0	1.50710E+0	9.99985E-5	-4.24613E-5	-4.24619E-1
1.44779E+0	1.48803E+0	9.99985E-5	-4.23533E-5	-4.23539E-1
1.42833E+0	1.46878E+0	9.99985E-5	-4.20377E-5	-4.20383E-1
1.40833E+0	1.44939E+0	9.99986E-5	-4.18842E-5	-4.18848E-1
1.38949E+0	1.43011E+0	9.99986E-5	-4.21037E-5	-4.21043E-1
1.37056E+0	1.41109E+0	9.99986E-5	-4.23749E-5	-4.23755E-1
1.35100E+0	1.39205E+0	9.99985E-5	-4.24567E-5	-4.24573E-1
1.33093E+0	1.37282E+0	9.99986E-5	-4.24799E-5	-4.24805E-1
1.31074E+0	1.35367E+0	9.99985E-5	-4.24953E-5	-4.24959E-1
1.29162E+0	1.33451E+0	9.99984E-5	-4.29598E-5	-4.29605E-1
1.27216E+0	1.31532E+0	9.99985E-5	-4.28510E-5	-4.28516E-1
1.25220E+0	1.29617E+0	9.99986E-5	-4.28099E-5	-4.28105E-1
1.23304E+0	1.27709E+0	9.99986E-5	-4.26923E-5	-4.26929E-1
1.21369E+0	1.25813E+0	9.99986E-5	-4.26989E-5	-4.26995E-1
1.19360E+0	1.23913E+0	9.99986E-5	-4.30034E-5	-4.30040E-1
1.17472E+0	1.22001E+0	9.99986E-5	-4.28205E-5	-4.28211E-1
1.15562E+0	1.20064E+0	9.99985E-5	-4.27081E-5	-4.27087E-1
1.13606E+0	1.18146E+0	9.99986E-5	-4.27004E-5	-4.27010E-1
1.11673E+0	1.16248E+0	9.99986E-5	-4.26731E-5	-4.26737E-1
1.09633E+0	1.14343E+0	9.99985E-5	-4.28743E-5	-4.28749E-1
1.07653E+0	1.12453E+0	9.99985E-5	-4.29903E-5	-4.29909E-1
1.05723E+0	1.10556E+0	9.99986E-5	-4.28442E-5	-4.28448E-1
1.03801E+0	1.08652E+0	9.99986E-5	-4.29064E-5	-4.29070E-1
1.01867E+0	1.06750E+0	9.99986E-5	-4.30423E-5	-4.30429E-1
9.99110E-1	1.04853E+0	9.99986E-5	-4.32357E-5	-4.32363E-1
9.79382E-1	1.02969E+0	9.99986E-5	-4.32954E-5	-4.32960E-1
9.59672E-1	1.00719E+0	9.99986E-5	-4.32221E-5	-4.32227E-1
9.39827E-1	9.82417E-1	9.99986E-5	-4.30786E-5	-4.30792E-1
9.21024E-1	9.61014E-1	9.99985E-5	-4.31067E-5	-4.31074E-1
9.01713E-1	9.41744E-1	9.99985E-5	-4.34411E-5	-4.34418E-1
8.81497E-1	9.22505E-1	9.99985E-5	-4.34732E-5	-4.34738E-1
8.61546E-1	9.03067E-1	9.99985E-5	-4.36540E-5	-4.36546E-1
8.42570E-1	8.83544E-1	9.99986E-5	-4.38811E-5	-4.38818E-1
8.23111E-1	8.64317E-1	9.99986E-5	-4.39118E-5	-4.39124E-1
8.03701E-1	8.44889E-1	9.99986E-5	-4.36848E-5	-4.36854E-1
7.83955E-1	8.25336E-1	9.99985E-5	-4.35882E-5	-4.35888E-1
7.63958E-1	8.06033E-1	9.99986E-5	-4.38249E-5	-4.38255E-1
7.44959E-1	7.86629E-1	9.99986E-5	-4.38884E-5	-4.38890E-1
7.25574E-1	7.67173E-1	9.99985E-5	-4.37629E-5	-4.37636E-1
7.06388E-1	7.47728E-1	9.99985E-5	-4.39279E-5	-4.39286E-1
6.86421E-1	7.28257E-1	9.99985E-5	-4.40217E-5	-4.40223E-1
