B_digital_(T)	B_analog_(T)	I_s	V_nv	R_nv
4.70000E-4	-2.49465E-3	9.99987E-5	-7.79558E-5	-7.79568E-1
1.00860E-3	-2.48484E-3	9.99987E-5	-7.79399E-5	-7.79410E-1
9.52706E-3	-2.18372E-3	9.99987E-5	-7.79405E-5	-7.79415E-1
2.24929E-2	-1.01314E-3	9.99988E-5	-7.79700E-5	-7.79710E-1
3.50680E-2	3.30143E-3	9.99986E-5	-7.79735E-5	-7.79746E-1
4.77051E-2	1.32516E-2	9.99986E-5	-7.79751E-5	-7.79762E-1
6.06132E-2	2.68037E-2	9.99987E-5	-7.79600E-5	-7.79611E-1
7.33497E-2	4.05587E-2	9.99986E-5	-7.79404E-5	-7.79414E-1
8.57170E-2	5.40595E-2	9.99986E-5	-7.79628E-5	-7.79639E-1
9.76794E-2	6.73946E-2	9.99986E-5	-7.79666E-5	-7.79676E-1
1.11105E-1	8.03934E-2	9.99987E-5	-7.79463E-5	-7.79473E-1
1.23801E-1	9.32211E-2	9.99986E-5	-7.79472E-5	-7.79483E-1
1.35884E-1	1.05987E-1	9.99986E-5	-7.79487E-5	-7.79498E-1
1.48846E-1	1.18739E-1	9.99987E-5	-7.79621E-5	-7.79631E-1
1.61930E-1	1.31356E-1	9.99988E-5	-7.79629E-5	-7.79638E-1
1.74342E-1	1.43995E-1	9.99987E-5	-7.79580E-5	-7.79590E-1
1.86609E-1	1.56754E-1	9.99986E-5	-7.79824E-5	-7.79835E-1
1.99049E-1	1.69269E-1	9.99986E-5	-7.80049E-5	-7.80060E-1
2.12009E-1	1.81722E-1	9.99986E-5	-7.80247E-5	-7.80258E-1
2.25159E-1	1.94395E-1	9.99986E-5	-7.80015E-5	-7.80026E-1
2.38007E-1	2.06934E-1	9.99986E-5	-7.80019E-5	-7.80029E-1
2.50435E-1	2.19324E-1	9.99987E-5	-7.80217E-5	-7.80227E-1
2.62737E-1	2.31833E-1	9.99987E-5	-7.79917E-5	-7.79927E-1
2.75079E-1	2.44404E-1	9.99987E-5	-7.79899E-5	-7.79910E-1
2.88227E-1	2.56816E-1	9.99987E-5	-7.79939E-5	-7.79949E-1
3.01101E-1	2.69242E-1	9.99987E-5	-7.79796E-5	-7.79806E-1
3.13635E-1	2.81682E-1	9.99987E-5	-7.79994E-5	-7.80005E-1
3.26343E-1	2.93984E-1	9.99987E-5	-7.80320E-5	-7.80330E-1
3.38996E-1	3.06190E-1	9.99986E-5	-7.80186E-5	-7.80197E-1
3.51811E-1	3.18156E-1	9.99986E-5	-7.80084E-5	-7.80094E-1
3.64463E-1	3.30207E-1	9.99987E-5	-7.80633E-5	-7.80643E-1
3.76932E-1	3.42328E-1	9.99986E-5	-7.80647E-5	-7.80658E-1
3.89653E-1	3.54283E-1	9.99984E-5	-7.80313E-5	-7.80325E-1
4.02361E-1	3.66211E-1	9.99985E-5	-7.79806E-5	-7.79818E-1
4.14743E-1	3.78294E-1	9.99986E-5	-7.79802E-5	-7.79813E-1
4.27485E-1	3.90511E-1	9.99986E-5	-7.80294E-5	-7.80305E-1
4.39433E-1	4.02624E-1	9.99986E-5	-7.80658E-5	-7.80668E-1
4.52541E-1	4.14445E-1	9.99987E-5	-7.80873E-5	-7.80883E-1
4.65792E-1	4.27157E-1	9.99987E-5	-7.80560E-5	-7.80571E-1
4.77568E-1	4.39970E-1	9.99986E-5	-7.80443E-5	-7.80454E-1
4.90398E-1	4.52162E-1	9.99988E-5	-7.79804E-5	-7.79813E-1
5.03111E-1	4.64293E-1	9.99987E-5	-7.80241E-5	-7.80251E-1
5.15781E-1	4.76438E-1	9.99987E-5	-7.81054E-5	-7.81065E-1
5.28549E-1	4.88620E-1	9.99987E-5	-7.81015E-5	-7.81026E-1
5.41246E-1	5.00731E-1	9.99987E-5	-7.80708E-5	-7.80718E-1
5.53992E-1	5.12861E-1	9.99986E-5	-7.80425E-5	-7.80436E-1
5.66553E-1	5.25079E-1	9.99986E-5	-7.80652E-5	-7.80663E-1
5.79401E-1	5.37302E-1	9.99987E-5	-7.80112E-5	-7.80122E-1
5.91794E-1	5.49366E-1	9.99987E-5	-7.80007E-5	-7.80017E-1
6.04792E-1	5.61427E-1	9.99987E-5	-7.80030E-5	-7.80040E-1
6.17436E-1	5.73545E-1	9.99986E-5	-7.80097E-5	-7.80107E-1
6.29963E-1	5.85765E-1	9.99986E-5	-7.80323E-5	-7.80334E-1
6.42629E-1	5.97894E-1	9.99987E-5	-7.80693E-5	-7.80703E-1
6.54894E-1	6.10065E-1	9.99986E-5	-7.81180E-5	-7.81191E-1
6.67438E-1	6.22278E-1	9.99986E-5	-7.80537E-5	-7.80548E-1
6.80598E-1	6.34413E-1	9.99987E-5	-7.80885E-5	-7.80896E-1
6.92825E-1	6.46567E-1	9.99987E-5	-7.82341E-5	-7.82351E-1
7.05634E-1	6.58718E-1	9.99986E-5	-7.82154E-5	-7.82166E-1
7.18466E-1	6.70793E-1	9.99986E-5	-7.81469E-5	-7.81481E-1
7.31524E-1	6.82905E-1	9.99986E-5	-7.81198E-5	-7.81209E-1
7.44333E-1	6.95205E-1	9.99986E-5	-7.80907E-5	-7.80919E-1
7.56883E-1	7.07444E-1	9.99985E-5	-7.81021E-5	-7.81033E-1
7.69150E-1	7.19686E-1	9.99986E-5	-7.81570E-5	-7.81582E-1
7.81486E-1	7.32025E-1	9.99987E-5	-7.81348E-5	-7.81358E-1
7.94544E-1	7.44198E-1	9.99987E-5	-7.81155E-5	-7.81165E-1
8.07046E-1	7.56410E-1	9.99986E-5	-7.80512E-5	-7.80523E-1
8.19808E-1	7.68842E-1	9.99985E-5	-7.80211E-5	-7.80223E-1
8.33057E-1	7.81179E-1	9.99985E-5	-7.82124E-5	-7.82135E-1
8.44931E-1	7.93544E-1	9.99987E-5	-7.81409E-5	-7.81419E-1
8.58140E-1	8.06003E-1	9.99986E-5	-7.80494E-5	-7.80505E-1
8.70678E-1	8.18472E-1	9.99985E-5	-7.81001E-5	-7.81013E-1
8.83673E-1	8.30873E-1	9.99984E-5	-7.80469E-5	-7.80481E-1
8.96248E-1	8.43293E-1	9.99984E-5	-7.80262E-5	-7.80274E-1
9.08508E-1	8.55775E-1	9.99986E-5	-7.81336E-5	-7.81347E-1
9.21434E-1	8.68377E-1	9.99986E-5	-7.81390E-5	-7.81401E-1
9.33708E-1	8.81044E-1	9.99985E-5	-7.80736E-5	-7.80748E-1
9.46443E-1	8.93605E-1	9.99985E-5	-7.81894E-5	-7.81905E-1
9.59050E-1	9.06213E-1	9.99985E-5	-7.83167E-5	-7.83178E-1
9.71821E-1	9.19021E-1	9.99987E-5	-7.82618E-5	-7.82628E-1
9.84705E-1	9.31758E-1	9.99987E-5	-7.81457E-5	-7.81467E-1
9.96672E-1	9.44452E-1	9.99986E-5	-7.82697E-5	-7.82709E-1
1.00935E+0	9.57410E-1	9.99985E-5	-7.83484E-5	-7.83495E-1
1.02224E+0	9.70352E-1	9.99985E-5	-7.82508E-5	-7.82519E-1
1.03465E+0	9.83146E-1	9.99985E-5	-7.83192E-5	-7.83204E-1
1.04764E+0	9.95961E-1	9.99986E-5	-7.83883E-5	-7.83894E-1
1.06088E+0	1.00872E+0	9.99986E-5	-7.82848E-5	-7.82858E-1
1.07357E+0	1.02134E+0	9.99987E-5	-7.82202E-5	-7.82213E-1
1.08584E+0	1.03388E+0	9.99987E-5	-7.82159E-5	-7.82169E-1
1.09837E+0	1.04629E+0	9.99986E-5	-7.81970E-5	-7.81981E-1
1.11118E+0	1.05855E+0	9.99985E-5	-7.82044E-5	-7.82055E-1
1.12402E+0	1.07081E+0	9.99985E-5	-7.82369E-5	-7.82381E-1
1.13677E+0	1.08313E+0	9.99987E-5	-7.82232E-5	-7.82243E-1
1.14914E+0	1.09545E+0	9.99986E-5	-7.81842E-5	-7.81852E-1
1.16197E+0	1.10788E+0	9.99985E-5	-7.81059E-5	-7.81071E-1
1.17447E+0	1.12027E+0	9.99986E-5	-7.81095E-5	-7.81105E-1
1.18732E+0	1.13256E+0	9.99987E-5	-7.81611E-5	-7.81621E-1
1.20008E+0	1.14480E+0	9.99986E-5	-7.81370E-5	-7.81381E-1
1.21211E+0	1.15710E+0	9.99985E-5	-7.82997E-5	-7.83009E-1
1.22540E+0	1.16949E+0	9.99985E-5	-7.84488E-5	-7.84499E-1
1.23753E+0	1.18180E+0	9.99986E-5	-7.82862E-5	-7.82872E-1
1.25049E+0	1.19417E+0	9.99987E-5	-7.80857E-5	-7.80867E-1
1.26347E+0	1.20659E+0	9.99986E-5	-7.81772E-5	-7.81783E-1
1.27609E+0	1.21890E+0	9.99986E-5	-7.81490E-5	-7.81501E-1
1.28875E+0	1.23121E+0	9.99986E-5	-7.81003E-5	-7.81014E-1
1.30056E+0	1.24355E+0	9.99985E-5	-7.82735E-5	-7.82747E-1
1.31385E+0	1.25585E+0	9.99985E-5	-7.84102E-5	-7.84114E-1
1.32680E+0	1.26824E+0	9.99985E-5	-7.82915E-5	-7.82926E-1
1.33953E+0	1.28061E+0	9.99986E-5	-7.80439E-5	-7.80450E-1
1.35180E+0	1.29289E+0	9.99986E-5	-7.80575E-5	-7.80585E-1
1.36384E+0	1.30528E+0	9.99987E-5	-7.79803E-5	-7.79813E-1
1.37733E+0	1.31777E+0	9.99986E-5	-7.80645E-5	-7.80656E-1
1.38981E+0	1.33020E+0	9.99985E-5	-7.82854E-5	-7.82865E-1
1.40258E+0	1.34266E+0	9.99985E-5	-7.84057E-5	-7.84069E-1
1.41538E+0	1.35503E+0	9.99986E-5	-7.83405E-5	-7.83416E-1
1.42777E+0	1.36734E+0	9.99986E-5	-7.81667E-5	-7.81678E-1
1.44055E+0	1.37967E+0	9.99986E-5	-7.80686E-5	-7.80698E-1
1.45273E+0	1.39212E+0	9.99985E-5	-7.81754E-5	-7.81766E-1
1.46530E+0	1.40455E+0	9.99985E-5	-7.83195E-5	-7.83207E-1
1.47801E+0	1.41695E+0	9.99985E-5	-7.83148E-5	-7.83160E-1
1.49136E+0	1.42938E+0	9.99985E-5	-7.82738E-5	-7.82749E-1
1.50399E+0	1.44165E+0	9.99986E-5	-7.80921E-5	-7.80932E-1
1.51563E+0	1.45410E+0	9.99987E-5	-7.81616E-5	-7.81627E-1
1.52900E+0	1.46657E+0	9.99986E-5	-7.83119E-5	-7.83131E-1
1.54182E+0	1.47881E+0	9.99986E-5	-7.84290E-5	-7.84301E-1
1.55494E+0	1.49112E+0	9.99986E-5	-7.84341E-5	-7.84352E-1
1.56774E+0	1.50348E+0	9.99985E-5	-7.81736E-5	-7.81748E-1
1.57926E+0	1.51598E+0	9.99986E-5	-7.82692E-5	-7.82703E-1
1.59212E+0	1.52846E+0	9.99986E-5	-7.83299E-5	-7.83310E-1
1.60471E+0	1.54085E+0	9.99987E-5	-7.83152E-5	-7.83162E-1
1.61776E+0	1.55331E+0	9.99987E-5	-7.82053E-5	-7.82063E-1
1.63016E+0	1.56569E+0	9.99987E-5	-7.80812E-5	-7.80822E-1
1.64326E+0	1.57805E+0	9.99987E-5	-7.82917E-5	-7.82927E-1
1.65603E+0	1.59033E+0	9.99986E-5	-7.83361E-5	-7.83372E-1
1.66823E+0	1.60273E+0	9.99986E-5	-7.80769E-5	-7.80780E-1
1.68122E+0	1.61523E+0	9.99986E-5	-7.82029E-5	-7.82041E-1
1.69410E+0	1.62766E+0	9.99986E-5	-7.83630E-5	-7.83641E-1
1.70660E+0	1.64003E+0	9.99986E-5	-7.85504E-5	-7.85516E-1
1.71925E+0	1.65239E+0	9.99986E-5	-7.85969E-5	-7.85980E-1
1.73211E+0	1.66474E+0	9.99987E-5	-7.82785E-5	-7.82796E-1
1.74467E+0	1.67723E+0	9.99986E-5	-7.83227E-5	-7.83238E-1
1.75714E+0	1.68973E+0	9.99986E-5	-7.85662E-5	-7.85673E-1
1.77004E+0	1.70212E+0	9.99985E-5	-7.83178E-5	-7.83189E-1
1.78250E+0	1.71447E+0	9.99985E-5	-7.81501E-5	-7.81512E-1
1.79507E+0	1.72699E+0	9.99986E-5	-7.82176E-5	-7.82187E-1
1.80747E+0	1.73950E+0	9.99987E-5	-7.84443E-5	-7.84454E-1
1.81982E+0	1.75185E+0	9.99986E-5	-7.88229E-5	-7.88240E-1
1.83316E+0	1.76438E+0	9.99985E-5	-7.86072E-5	-7.86083E-1
1.84577E+0	1.77680E+0	9.99986E-5	-7.82263E-5	-7.82274E-1
1.85813E+0	1.78930E+0	9.99985E-5	-7.82372E-5	-7.82384E-1
1.87118E+0	1.80177E+0	9.99986E-5	-7.83397E-5	-7.83408E-1
1.88349E+0	1.81409E+0	9.99987E-5	-7.85519E-5	-7.85529E-1
1.89651E+0	1.82652E+0	9.99987E-5	-7.84681E-5	-7.84691E-1
1.90873E+0	1.83898E+0	9.99987E-5	-7.83188E-5	-7.83198E-1
1.92154E+0	1.85153E+0	9.99986E-5	-7.82162E-5	-7.82173E-1
1.93402E+0	1.86399E+0	9.99986E-5	-7.82201E-5	-7.82212E-1
1.94581E+0	1.87644E+0	9.99985E-5	-7.84146E-5	-7.84158E-1
1.95928E+0	1.88902E+0	9.99985E-5	-7.84846E-5	-7.84857E-1
1.97181E+0	1.90144E+0	9.99986E-5	-7.85424E-5	-7.85435E-1
1.98527E+0	1.91380E+0	9.99986E-5	-7.85030E-5	-7.85041E-1
1.99648E+0	1.92629E+0	9.99986E-5	-7.83452E-5	-7.83463E-1
2.00152E+0	1.93716E+0	9.99986E-5	-7.84424E-5	-7.84435E-1
2.00152E+0	1.94483E+0	9.99987E-5	-7.83876E-5	-7.83887E-1
2.00125E+0	1.94995E+0	9.99986E-5	-7.81181E-5	-7.81192E-1
2.00131E+0	1.95289E+0	9.99985E-5	-7.81199E-5	-7.81211E-1
2.00152E+0	1.95434E+0	9.99986E-5	-7.83329E-5	-7.83340E-1
1.99964E+0	1.95505E+0	9.99987E-5	-7.86120E-5	-7.86130E-1
1.99173E+0	1.95530E+0	9.99986E-5	-7.88249E-5	-7.88260E-1
1.97902E+0	1.95487E+0	9.99986E-5	-7.85822E-5	-7.85833E-1
1.96680E+0	1.95312E+0	9.99986E-5	-7.82722E-5	-7.82733E-1
1.95386E+0	1.94755E+0	9.99986E-5	-7.84774E-5	-7.84786E-1
1.94104E+0	1.93688E+0	9.99987E-5	-7.85956E-5	-7.85966E-1
1.92874E+0	1.92395E+0	9.99987E-5	-7.83297E-5	-7.83307E-1
1.91607E+0	1.91090E+0	9.99986E-5	-7.83785E-5	-7.83796E-1
1.90333E+0	1.89796E+0	9.99986E-5	-7.86232E-5	-7.86243E-1
1.89038E+0	1.88531E+0	9.99986E-5	-7.83720E-5	-7.83731E-1
1.87804E+0	1.87285E+0	9.99986E-5	-7.82114E-5	-7.82124E-1
1.86473E+0	1.86037E+0	9.99986E-5	-7.82688E-5	-7.82699E-1
1.85223E+0	1.84793E+0	9.99987E-5	-7.84289E-5	-7.84300E-1
1.84060E+0	1.83565E+0	9.99986E-5	-7.86188E-5	-7.86199E-1
1.82736E+0	1.82336E+0	9.99986E-5	-7.86964E-5	-7.86975E-1
1.81471E+0	1.81097E+0	9.99986E-5	-7.85123E-5	-7.85135E-1
1.80183E+0	1.79867E+0	9.99985E-5	-7.83335E-5	-7.83346E-1
1.78915E+0	1.78614E+0	9.99987E-5	-7.83275E-5	-7.83286E-1
1.77711E+0	1.77378E+0	9.99987E-5	-7.84045E-5	-7.84055E-1
1.76415E+0	1.76141E+0	9.99986E-5	-7.85419E-5	-7.85430E-1
1.75122E+0	1.74892E+0	9.99986E-5	-7.86868E-5	-7.86879E-1
1.73819E+0	1.73660E+0	9.99986E-5	-7.86168E-5	-7.86179E-1
1.72580E+0	1.72412E+0	9.99985E-5	-7.84169E-5	-7.84180E-1
1.71386E+0	1.71175E+0	9.99985E-5	-7.84090E-5	-7.84102E-1
1.70138E+0	1.69937E+0	9.99986E-5	-7.86093E-5	-7.86105E-1
1.68886E+0	1.68687E+0	9.99986E-5	-7.86444E-5	-7.86456E-1
1.67528E+0	1.67452E+0	9.99986E-5	-7.85196E-5	-7.85207E-1
1.66269E+0	1.66220E+0	9.99986E-5	-7.83461E-5	-7.83472E-1
1.64971E+0	1.64973E+0	9.99986E-5	-7.82434E-5	-7.82445E-1
1.63670E+0	1.63729E+0	9.99986E-5	-7.83750E-5	-7.83761E-1
1.62462E+0	1.62502E+0	9.99987E-5	-7.85628E-5	-7.85638E-1
1.61188E+0	1.61271E+0	9.99986E-5	-7.84407E-5	-7.84418E-1
1.59925E+0	1.60031E+0	9.99986E-5	-7.82980E-5	-7.82991E-1
1.58654E+0	1.58783E+0	9.99986E-5	-7.83604E-5	-7.83615E-1
1.57388E+0	1.57533E+0	9.99986E-5	-7.85246E-5	-7.85257E-1
1.56207E+0	1.56293E+0	9.99987E-5	-7.84531E-5	-7.84541E-1
1.54899E+0	1.55051E+0	9.99987E-5	-7.83982E-5	-7.83993E-1
1.53625E+0	1.53808E+0	9.99987E-5	-7.83266E-5	-7.83276E-1
1.52341E+0	1.52578E+0	9.99986E-5	-7.82627E-5	-7.82637E-1
1.51087E+0	1.51340E+0	9.99986E-5	-7.83825E-5	-7.83836E-1
1.49810E+0	1.50099E+0	9.99987E-5	-7.83844E-5	-7.83855E-1
1.48508E+0	1.48862E+0	9.99986E-5	-7.84304E-5	-7.84315E-1
1.47319E+0	1.47612E+0	9.99986E-5	-7.84546E-5	-7.84557E-1
1.46045E+0	1.46361E+0	9.99986E-5	-7.85301E-5	-7.85311E-1
1.44780E+0	1.45129E+0	9.99986E-5	-7.86550E-5	-7.86561E-1
1.43441E+0	1.43900E+0	9.99986E-5	-7.85386E-5	-7.85397E-1
1.42159E+0	1.42664E+0	9.99987E-5	-7.84353E-5	-7.84364E-1
1.40988E+0	1.41420E+0	9.99986E-5	-7.86533E-5	-7.86543E-1
1.39715E+0	1.40177E+0	9.99986E-5	-7.85871E-5	-7.85882E-1
1.38478E+0	1.38948E+0	9.99987E-5	-7.83307E-5	-7.83317E-1
1.37129E+0	1.37706E+0	9.99987E-5	-7.83111E-5	-7.83122E-1
1.35835E+0	1.36467E+0	9.99986E-5	-7.83477E-5	-7.83488E-1
1.34555E+0	1.35239E+0	9.99986E-5	-7.83679E-5	-7.83690E-1
1.33277E+0	1.34002E+0	9.99986E-5	-7.82463E-5	-7.82473E-1
1.32123E+0	1.32763E+0	9.99986E-5	-7.79389E-5	-7.79400E-1
1.30859E+0	1.31523E+0	9.99986E-5	-7.81530E-5	-7.81541E-1
1.29524E+0	1.30277E+0	9.99986E-5	-7.82843E-5	-7.82853E-1
1.28214E+0	1.29037E+0	9.99986E-5	-7.83802E-5	-7.83813E-1
1.26971E+0	1.27803E+0	9.99986E-5	-7.84755E-5	-7.84766E-1
1.25744E+0	1.26570E+0	9.99986E-5	-7.82623E-5	-7.82635E-1
1.24478E+0	1.25329E+0	9.99985E-5	-7.81695E-5	-7.81706E-1
1.23220E+0	1.24082E+0	9.99986E-5	-7.82297E-5	-7.82308E-1
1.21946E+0	1.22846E+0	9.99987E-5	-7.84038E-5	-7.84049E-1
1.20706E+0	1.21617E+0	9.99986E-5	-7.84990E-5	-7.85001E-1
1.19466E+0	1.20374E+0	9.99986E-5	-7.84039E-5	-7.84050E-1
1.18150E+0	1.19133E+0	9.99986E-5	-7.84044E-5	-7.84055E-1
1.16900E+0	1.17909E+0	9.99986E-5	-7.82761E-5	-7.82772E-1
1.15610E+0	1.16670E+0	9.99986E-5	-7.82088E-5	-7.82099E-1
1.14336E+0	1.15408E+0	9.99986E-5	-7.84231E-5	-7.84242E-1
1.13074E+0	1.14168E+0	9.99986E-5	-7.83503E-5	-7.83514E-1
1.11834E+0	1.12940E+0	9.99985E-5	-7.82674E-5	-7.82686E-1
1.10598E+0	1.11708E+0	9.99986E-5	-7.82318E-5	-7.82329E-1
1.09301E+0	1.10462E+0	9.99985E-5	-7.82077E-5	-7.82088E-1
1.08022E+0	1.09219E+0	9.99985E-5	-7.82978E-5	-7.82989E-1
1.06741E+0	1.07986E+0	9.99986E-5	-7.83775E-5	-7.83786E-1
1.05488E+0	1.06751E+0	9.99987E-5	-7.84278E-5	-7.84289E-1
1.04275E+0	1.05518E+0	9.99986E-5	-7.82502E-5	-7.82513E-1
1.02991E+0	1.04274E+0	9.99986E-5	-7.82144E-5	-7.82155E-1
1.01728E+0	1.03036E+0	9.99986E-5	-7.83861E-5	-7.83871E-1
1.00409E+0	1.01788E+0	9.99986E-5	-7.84527E-5	-7.84538E-1
9.91648E-1	1.00507E+0	9.99986E-5	-7.83607E-5	-7.83618E-1
9.79225E-1	9.92246E-1	9.99987E-5	-7.82670E-5	-7.82680E-1
9.66323E-1	9.79360E-1	9.99987E-5	-7.82054E-5	-7.82065E-1
9.54148E-1	9.66497E-1	9.99986E-5	-7.82218E-5	-7.82229E-1
9.41294E-1	9.53683E-1	9.99986E-5	-7.83718E-5	-7.83729E-1
9.28479E-1	9.40836E-1	9.99986E-5	-7.83802E-5	-7.83814E-1
9.15562E-1	9.27929E-1	9.99986E-5	-7.82648E-5	-7.82659E-1
9.03025E-1	9.15036E-1	9.99986E-5	-7.83489E-5	-7.83500E-1
8.90879E-1	9.02316E-1	9.99986E-5	-7.82442E-5	-7.82453E-1
8.78151E-1	8.89668E-1	9.99986E-5	-7.81801E-5	-7.81811E-1
8.65280E-1	8.77116E-1	9.99985E-5	-7.81539E-5	-7.81551E-1
8.52012E-1	8.64554E-1	9.99986E-5	-7.81609E-5	-7.81620E-1
8.39952E-1	8.51890E-1	9.99986E-5	-7.82764E-5	-7.82775E-1
8.26977E-1	8.39314E-1	9.99985E-5	-7.82211E-5	-7.82223E-1
8.14056E-1	8.26770E-1	9.99986E-5	-7.82452E-5	-7.82463E-1
8.02027E-1	8.14318E-1	9.99986E-5	-7.82800E-5	-7.82811E-1
7.89025E-1	8.01830E-1	9.99986E-5	-7.83196E-5	-7.83206E-1
7.76346E-1	7.89426E-1	9.99987E-5	-7.82947E-5	-7.82957E-1
7.63741E-1	7.77008E-1	9.99986E-5	-7.81960E-5	-7.81971E-1
7.50836E-1	7.64575E-1	9.99987E-5	-7.82214E-5	-7.82224E-1
7.38481E-1	7.52356E-1	9.99987E-5	-7.82670E-5	-7.82681E-1
7.25802E-1	7.39923E-1	9.99986E-5	-7.83068E-5	-7.83079E-1
7.13181E-1	7.27552E-1	9.99986E-5	-7.82211E-5	-7.82221E-1
7.00081E-1	7.15372E-1	9.99987E-5	-7.82049E-5	-7.82060E-1
6.87513E-1	7.02980E-1	9.99987E-5	-7.82671E-5	-7.82682E-1
6.75323E-1	6.90617E-1	9.99987E-5	-7.82292E-5	-7.82303E-1
6.62494E-1	6.78391E-1	9.99986E-5	-7.81695E-5	-7.81706E-1
6.49686E-1	6.66118E-1	9.99986E-5	-7.81818E-5	-7.81829E-1
6.37043E-1	6.53963E-1	9.99986E-5	-7.80678E-5	-7.80689E-1
6.24631E-1	6.41743E-1	9.99986E-5	-7.80673E-5	-7.80683E-1
6.11472E-1	6.29555E-1	9.99985E-5	-7.82250E-5	-7.82262E-1
5.98871E-1	6.17384E-1	9.99985E-5	-7.82544E-5	-7.82556E-1
5.86549E-1	6.05186E-1	9.99986E-5	-7.81923E-5	-7.81933E-1
5.74146E-1	5.93062E-1	9.99986E-5	-7.82192E-5	-7.82203E-1
5.61358E-1	5.80861E-1	9.99986E-5	-7.81899E-5	-7.81910E-1
5.48270E-1	5.68655E-1	9.99986E-5	-7.82078E-5	-7.82088E-1
5.35723E-1	5.56487E-1	9.99986E-5	-7.82503E-5	-7.82514E-1
5.23608E-1	5.44323E-1	9.99985E-5	-7.81934E-5	-7.81945E-1
5.10641E-1	5.32037E-1	9.99986E-5	-7.81798E-5	-7.81810E-1
4.97899E-1	5.19766E-1	9.99986E-5	-7.81420E-5	-7.81432E-1
4.84685E-1	5.07664E-1	9.99986E-5	-7.81323E-5	-7.81335E-1
4.71974E-1	4.95512E-1	9.99986E-5	-7.81430E-5	-7.81441E-1
4.60327E-1	4.83226E-1	9.99986E-5	-7.80958E-5	-7.80969E-1
4.47787E-1	4.71043E-1	9.99986E-5	-7.81114E-5	-7.81125E-1
4.34718E-1	4.58805E-1	9.99986E-5	-7.82199E-5	-7.82210E-1
4.21828E-1	4.46482E-1	9.99986E-5	-7.82655E-5	-7.82666E-1
4.09223E-1	4.34262E-1	9.99987E-5	-7.81815E-5	-7.81826E-1
3.96683E-1	4.22050E-1	9.99986E-5	-7.81809E-5	-7.81819E-1
3.84124E-1	4.09868E-1	9.99986E-5	-7.82047E-5	-7.82057E-1
3.71505E-1	3.97689E-1	9.99986E-5	-7.81562E-5	-7.81573E-1
3.58844E-1	3.85361E-1	9.99986E-5	-7.80659E-5	-7.80670E-1
3.45683E-1	3.72709E-1	9.99987E-5	-7.80766E-5	-7.80776E-1
3.32972E-1	3.60095E-1	9.99987E-5	-7.82093E-5	-7.82103E-1
3.20317E-1	3.47816E-1	9.99986E-5	-7.81500E-5	-7.81511E-1
3.07901E-1	3.35505E-1	9.99984E-5	-7.80563E-5	-7.80575E-1
2.95331E-1	3.23179E-1	9.99986E-5	-7.80935E-5	-7.80947E-1
2.81898E-1	3.10825E-1	9.99986E-5	-7.81333E-5	-7.81344E-1
2.69452E-1	2.98470E-1	9.99986E-5	-7.81263E-5	-7.81274E-1
2.57239E-1	2.86151E-1	9.99987E-5	-7.81350E-5	-7.81360E-1
2.44744E-1	2.73715E-1	9.99986E-5	-7.81060E-5	-7.81070E-1
2.32199E-1	2.61176E-1	9.99985E-5	-7.81006E-5	-7.81017E-1
2.19589E-1	2.48633E-1	9.99985E-5	-7.81235E-5	-7.81246E-1
2.06743E-1	2.36231E-1	9.99986E-5	-7.81410E-5	-7.81421E-1
1.94099E-1	2.23706E-1	9.99986E-5	-7.81336E-5	-7.81347E-1
1.80530E-1	2.11079E-1	9.99986E-5	-7.81353E-5	-7.81363E-1
1.68422E-1	1.98521E-1	9.99985E-5	-7.81456E-5	-7.81467E-1
1.56550E-1	1.85961E-1	9.99984E-5	-7.81086E-5	-7.81098E-1
1.43471E-1	1.73371E-1	9.99984E-5	-7.80973E-5	-7.80985E-1
1.30590E-1	1.60805E-1	9.99986E-5	-7.80991E-5	-7.81002E-1
1.17631E-1	1.48323E-1	9.99987E-5	-7.80946E-5	-7.80956E-1
1.05363E-1	1.35702E-1	9.99986E-5	-7.81230E-5	-7.81242E-1
9.26438E-2	1.23066E-1	9.99986E-5	-7.81335E-5	-7.81346E-1
7.99011E-2	1.10484E-1	9.99987E-5	-7.81162E-5	-7.81173E-1
6.73381E-2	9.78432E-2	9.99987E-5	-7.81041E-5	-7.81051E-1
5.49683E-2	8.51229E-2	9.99987E-5	-7.81452E-5	-7.81462E-1
4.22647E-2	7.24186E-2	9.99986E-5	-7.81517E-5	-7.81528E-1
2.94616E-2	5.98120E-2	9.99986E-5	-7.81511E-5	-7.81522E-1
1.71277E-2	4.72654E-2	9.99987E-5	-7.81302E-5	-7.81312E-1
5.77917E-3	3.49678E-2	9.99987E-5	-7.80972E-5	-7.80982E-1
9.50000E-4	2.42297E-2	9.99986E-5	-7.81080E-5	-7.81091E-1
9.50000E-4	1.65348E-2	9.99985E-5	-7.80956E-5	-7.80968E-1
9.50000E-4	1.16101E-2	9.99986E-5	-7.80857E-5	-7.80868E-1
1.26512E-3	8.93987E-3	9.99985E-5	-7.81079E-5	-7.81090E-1
7.10742E-4	7.70201E-3	9.99986E-5	-7.81021E-5	-7.81032E-1
-2.65881E-3	6.89198E-3	9.99987E-5	-7.80891E-5	-7.80902E-1
-1.16132E-2	5.47453E-3	9.99986E-5	-7.81068E-5	-7.81078E-1
-2.42547E-2	1.06803E-3	9.99986E-5	-7.81224E-5	-7.81235E-1
-3.73600E-2	-7.48750E-3	9.99986E-5	-7.81166E-5	-7.81177E-1
-5.00796E-2	-1.87743E-2	9.99985E-5	-7.81342E-5	-7.81353E-1
-6.28848E-2	-3.07546E-2	9.99985E-5	-7.81417E-5	-7.81429E-1
-7.56949E-2	-4.27242E-2	9.99985E-5	-7.81310E-5	-7.81321E-1
-8.82778E-2	-5.49559E-2	9.99986E-5	-7.81342E-5	-7.81353E-1
-1.00631E-1	-6.77271E-2	9.99986E-5	-7.81244E-5	-7.81255E-1
-1.13411E-1	-8.06280E-2	9.99987E-5	-7.81020E-5	-7.81030E-1
-1.26232E-1	-9.33258E-2	9.99987E-5	-7.80904E-5	-7.80914E-1
-1.38628E-1	-1.05980E-1	9.99987E-5	-7.81190E-5	-7.81200E-1
-1.51674E-1	-1.18160E-1	9.99987E-5	-7.81288E-5	-7.81298E-1
-1.63801E-1	-1.30735E-1	9.99986E-5	-7.81391E-5	-7.81401E-1
-1.76052E-1	-1.43585E-1	9.99986E-5	-7.81325E-5	-7.81336E-1
-1.89172E-1	-1.55889E-1	9.99986E-5	-7.81221E-5	-7.81232E-1
-2.01969E-1	-1.67961E-1	9.99986E-5	-7.81169E-5	-7.81180E-1
-2.14437E-1	-1.79782E-1	9.99986E-5	-7.80744E-5	-7.80755E-1
-2.26686E-1	-1.91674E-1	9.99986E-5	-7.80481E-5	-7.80492E-1
-2.39221E-1	-2.03701E-1	9.99985E-5	-7.80613E-5	-7.80625E-1
-2.52353E-1	-2.15785E-1	9.99986E-5	-7.81065E-5	-7.81076E-1
-2.65228E-1	-2.28138E-1	9.99986E-5	-7.80949E-5	-7.80960E-1
-2.77427E-1	-2.40720E-1	9.99986E-5	-7.80828E-5	-7.80839E-1
-2.89807E-1	-2.53407E-1	9.99986E-5	-7.80659E-5	-7.80670E-1
-3.03034E-1	-2.66115E-1	9.99986E-5	-7.80506E-5	-7.80517E-1
-3.15568E-1	-2.78692E-1	9.99985E-5	-7.81013E-5	-7.81025E-1
-3.28408E-1	-2.91227E-1	9.99985E-5	-7.81383E-5	-7.81395E-1
-3.41227E-1	-3.03772E-1	9.99985E-5	-7.81166E-5	-7.81178E-1
-3.54009E-1	-3.16438E-1	9.99985E-5	-7.80848E-5	-7.80860E-1
-3.66343E-1	-3.28987E-1	9.99985E-5	-7.80865E-5	-7.80876E-1
-3.78703E-1	-3.41434E-1	9.99986E-5	-7.80845E-5	-7.80856E-1
-3.91712E-1	-3.53939E-1	9.99986E-5	-7.81006E-5	-7.81017E-1
-4.04368E-1	-3.66361E-1	9.99986E-5	-7.81550E-5	-7.81561E-1
-4.16408E-1	-3.78688E-1	9.99986E-5	-7.81467E-5	-7.81479E-1
-4.28939E-1	-3.90973E-1	9.99986E-5	-7.81107E-5	-7.81119E-1
-4.41888E-1	-4.03284E-1	9.99986E-5	-7.80958E-5	-7.80969E-1
-4.54842E-1	-4.14028E-1	9.99987E-5	-7.81366E-5	-7.81377E-1
-4.67674E-1	-4.25938E-1	9.99986E-5	-7.81195E-5	-7.81206E-1
-4.80244E-1	-4.40053E-1	9.99986E-5	-7.80518E-5	-7.80529E-1
-4.92661E-1	-4.53285E-1	9.99985E-5	-7.80678E-5	-7.80689E-1
-5.05281E-1	-4.66033E-1	9.99985E-5	-7.81031E-5	-7.81043E-1
-5.18515E-1	-4.78508E-1	9.99985E-5	-7.81032E-5	-7.81043E-1
-5.31078E-1	-4.90750E-1	9.99987E-5	-7.81003E-5	-7.81013E-1
-5.43716E-1	-5.02829E-1	9.99986E-5	-7.79931E-5	-7.79942E-1
-5.56428E-1	-5.14891E-1	9.99986E-5	-7.79749E-5	-7.79760E-1
-5.68868E-1	-5.27013E-1	9.99986E-5	-7.80411E-5	-7.80422E-1
-5.81430E-1	-5.39176E-1	9.99987E-5	-7.80213E-5	-7.80223E-1
-5.94080E-1	-5.51288E-1	9.99987E-5	-7.80259E-5	-7.80269E-1
-6.07092E-1	-5.63354E-1	9.99987E-5	-7.79843E-5	-7.79852E-1
-6.19770E-1	-5.75506E-1	9.99986E-5	-7.80251E-5	-7.80261E-1
-6.31932E-1	-5.87824E-1	9.99986E-5	-7.80994E-5	-7.81005E-1
-6.45217E-1	-6.00067E-1	9.99986E-5	-7.81581E-5	-7.81592E-1
-6.57542E-1	-6.12197E-1	9.99986E-5	-7.81420E-5	-7.81431E-1
-6.70671E-1	-6.24422E-1	9.99986E-5	-7.80194E-5	-7.80205E-1
-6.83038E-1	-6.36619E-1	9.99986E-5	-7.80010E-5	-7.80021E-1
-6.95724E-1	-6.48924E-1	9.99986E-5	-7.80776E-5	-7.80787E-1
-7.08923E-1	-6.61224E-1	9.99986E-5	-7.80027E-5	-7.80038E-1
-7.21057E-1	-6.73360E-1	9.99986E-5	-7.79412E-5	-7.79423E-1
-7.33652E-1	-6.85543E-1	9.99986E-5	-7.80077E-5	-7.80088E-1
-7.46355E-1	-6.97793E-1	9.99986E-5	-7.80152E-5	-7.80163E-1
-7.59039E-1	-7.10073E-1	9.99987E-5	-7.79907E-5	-7.79917E-1
-7.71501E-1	-7.22286E-1	9.99987E-5	-7.80400E-5	-7.80410E-1
-7.83640E-1	-7.34595E-1	9.99986E-5	-7.80153E-5	-7.80164E-1
-7.96570E-1	-7.46852E-1	9.99985E-5	-7.79841E-5	-7.79853E-1
-8.08938E-1	-7.59127E-1	9.99986E-5	-7.80200E-5	-7.80211E-1
-8.21947E-1	-7.71490E-1	9.99986E-5	-7.79686E-5	-7.79697E-1
-8.34716E-1	-7.83705E-1	9.99987E-5	-7.79545E-5	-7.79555E-1
-8.47714E-1	-7.96084E-1	9.99987E-5	-7.81288E-5	-7.81299E-1
-8.60442E-1	-8.08493E-1	9.99986E-5	-7.80969E-5	-7.80981E-1
-8.72622E-1	-8.20800E-1	9.99986E-5	-7.80527E-5	-7.80538E-1
-8.85236E-1	-8.33251E-1	9.99987E-5	-7.79941E-5	-7.79951E-1
-8.98229E-1	-8.45730E-1	9.99986E-5	-7.78676E-5	-7.78687E-1
-9.11242E-1	-8.58154E-1	9.99986E-5	-7.79333E-5	-7.79344E-1
-9.23766E-1	-8.70669E-1	9.99986E-5	-7.79956E-5	-7.79967E-1
-9.35621E-1	-8.83175E-1	9.99985E-5	-7.80605E-5	-7.80617E-1
-9.48410E-1	-8.95675E-1	9.99986E-5	-7.80405E-5	-7.80417E-1
-9.61762E-1	-9.08297E-1	9.99985E-5	-7.80977E-5	-7.80989E-1
-9.74462E-1	-9.21082E-1	9.99986E-5	-7.81306E-5	-7.81317E-1
-9.86858E-1	-9.33787E-1	9.99987E-5	-7.80333E-5	-7.80343E-1
-9.99676E-1	-9.46488E-1	9.99987E-5	-7.79241E-5	-7.79251E-1
-1.01233E+0	-9.59368E-1	9.99986E-5	-7.78403E-5	-7.78413E-1
-1.02441E+0	-9.72269E-1	9.99986E-5	-7.79272E-5	-7.79283E-1
-1.03715E+0	-9.85270E-1	9.99986E-5	-7.80515E-5	-7.80527E-1
-1.04992E+0	-9.98018E-1	9.99986E-5	-7.80349E-5	-7.80360E-1
-1.06287E+0	-1.01063E+0	9.99986E-5	-7.79413E-5	-7.79424E-1
-1.07535E+0	-1.02326E+0	9.99986E-5	-7.80465E-5	-7.80476E-1
-1.08723E+0	-1.03581E+0	9.99986E-5	-7.79593E-5	-7.79604E-1
-1.10026E+0	-1.04838E+0	9.99986E-5	-7.78144E-5	-7.78154E-1
-1.11344E+0	-1.06084E+0	9.99986E-5	-7.79654E-5	-7.79665E-1
-1.12622E+0	-1.07329E+0	9.99984E-5	-7.79981E-5	-7.79994E-1
-1.13906E+0	-1.08569E+0	9.99984E-5	-7.79767E-5	-7.79780E-1
-1.15095E+0	-1.09814E+0	9.99985E-5	-7.78419E-5	-7.78431E-1
-1.16378E+0	-1.11048E+0	9.99985E-5	-7.78230E-5	-7.78241E-1
-1.17660E+0	-1.12281E+0	9.99986E-5	-7.79423E-5	-7.79434E-1
-1.18955E+0	-1.13508E+0	9.99986E-5	-7.79566E-5	-7.79576E-1
-1.20228E+0	-1.14739E+0	9.99986E-5	-7.79448E-5	-7.79459E-1
-1.21483E+0	-1.15981E+0	9.99985E-5	-7.79335E-5	-7.79346E-1
-1.22763E+0	-1.17210E+0	9.99985E-5	-7.80914E-5	-7.80925E-1
-1.24008E+0	-1.18437E+0	9.99986E-5	-7.79051E-5	-7.79062E-1
-1.25305E+0	-1.19677E+0	9.99987E-5	-7.78243E-5	-7.78254E-1
-1.26596E+0	-1.20919E+0	9.99987E-5	-7.79624E-5	-7.79634E-1
-1.27875E+0	-1.22144E+0	9.99987E-5	-7.80465E-5	-7.80475E-1
-1.29126E+0	-1.23377E+0	9.99987E-5	-7.79710E-5	-7.79720E-1
-1.30288E+0	-1.24617E+0	9.99988E-5	-7.77640E-5	-7.77649E-1
-1.31573E+0	-1.25843E+0	9.99987E-5	-7.78819E-5	-7.78829E-1
-1.32852E+0	-1.27070E+0	9.99986E-5	-7.79039E-5	-7.79050E-1
-1.34120E+0	-1.28306E+0	9.99985E-5	-7.76758E-5	-7.76769E-1
-1.35440E+0	-1.29551E+0	9.99986E-5	-7.77022E-5	-7.77033E-1
-1.36622E+0	-1.30788E+0	9.99987E-5	-7.79111E-5	-7.79121E-1
-1.37923E+0	-1.32029E+0	9.99986E-5	-7.77633E-5	-7.77644E-1
-1.39206E+0	-1.33283E+0	9.99987E-5	-7.77224E-5	-7.77234E-1
-1.40463E+0	-1.34531E+0	9.99986E-5	-7.79417E-5	-7.79427E-1
-1.41732E+0	-1.35757E+0	9.99985E-5	-7.79350E-5	-7.79361E-1
-1.43024E+0	-1.36979E+0	9.99986E-5	-7.78650E-5	-7.78661E-1
-1.44304E+0	-1.38229E+0	9.99987E-5	-7.78585E-5	-7.78595E-1
-1.45498E+0	-1.39473E+0	9.99985E-5	-7.79195E-5	-7.79207E-1
-1.46796E+0	-1.40708E+0	9.99985E-5	-7.80592E-5	-7.80604E-1
-1.48059E+0	-1.41953E+0	9.99985E-5	-7.78656E-5	-7.78668E-1
-1.49339E+0	-1.43181E+0	9.99985E-5	-7.77126E-5	-7.77137E-1
-1.50615E+0	-1.44419E+0	9.99986E-5	-7.76603E-5	-7.76614E-1
-1.51906E+0	-1.45660E+0	9.99987E-5	-7.76955E-5	-7.76965E-1
-1.53174E+0	-1.46897E+0	9.99987E-5	-7.79123E-5	-7.79133E-1
-1.54328E+0	-1.48141E+0	9.99986E-5	-7.79700E-5	-7.79711E-1
-1.55673E+0	-1.49372E+0	9.99985E-5	-7.79275E-5	-7.79287E-1
-1.56952E+0	-1.50616E+0	9.99985E-5	-7.77876E-5	-7.77888E-1
-1.58199E+0	-1.51864E+0	9.99987E-5	-7.76299E-5	-7.76309E-1
-1.59492E+0	-1.53108E+0	9.99987E-5	-7.78089E-5	-7.78100E-1
-1.60646E+0	-1.54346E+0	9.99986E-5	-7.79680E-5	-7.79691E-1
-1.61952E+0	-1.55575E+0	9.99986E-5	-7.79591E-5	-7.79602E-1
-1.63284E+0	-1.56811E+0	9.99986E-5	-7.77744E-5	-7.77755E-1
-1.64572E+0	-1.58058E+0	9.99986E-5	-7.79834E-5	-7.79845E-1
-1.65837E+0	-1.59310E+0	9.99986E-5	-7.80729E-5	-7.80740E-1
-1.67018E+0	-1.60548E+0	9.99986E-5	-7.78158E-5	-7.78169E-1
-1.68298E+0	-1.61778E+0	9.99986E-5	-7.79765E-5	-7.79777E-1
-1.69553E+0	-1.63016E+0	9.99986E-5	-7.79234E-5	-7.79245E-1
-1.70835E+0	-1.64257E+0	9.99986E-5	-7.78104E-5	-7.78115E-1
-1.72127E+0	-1.65514E+0	9.99986E-5	-7.81423E-5	-7.81434E-1
-1.73281E+0	-1.66769E+0	9.99986E-5	-7.80738E-5	-7.80748E-1
-1.74615E+0	-1.68008E+0	9.99986E-5	-7.78390E-5	-7.78401E-1
-1.75899E+0	-1.69244E+0	9.99987E-5	-7.76423E-5	-7.76433E-1
-1.77187E+0	-1.70487E+0	9.99987E-5	-7.76967E-5	-7.76977E-1
-1.78423E+0	-1.71729E+0	9.99987E-5	-7.79439E-5	-7.79449E-1
-1.79794E+0	-1.72965E+0	9.99986E-5	-7.79581E-5	-7.79592E-1
-1.81067E+0	-1.74207E+0	9.99986E-5	-7.77942E-5	-7.77953E-1
-1.82208E+0	-1.75450E+0	9.99986E-5	-7.78612E-5	-7.78623E-1
-1.83554E+0	-1.76702E+0	9.99986E-5	-7.79049E-5	-7.79060E-1
-1.84798E+0	-1.77958E+0	9.99985E-5	-7.76282E-5	-7.76293E-1
-1.86089E+0	-1.79204E+0	9.99985E-5	-7.77347E-5	-7.77358E-1
-1.87369E+0	-1.80441E+0	9.99985E-5	-7.78635E-5	-7.78646E-1
-1.88508E+0	-1.81682E+0	9.99986E-5	-7.79245E-5	-7.79256E-1
-1.89862E+0	-1.82939E+0	9.99987E-5	-7.78527E-5	-7.78538E-1
-1.91097E+0	-1.84184E+0	9.99987E-5	-7.75421E-5	-7.75431E-1
-1.92391E+0	-1.85423E+0	9.99986E-5	-7.75843E-5	-7.75853E-1
-1.93648E+0	-1.86673E+0	9.99986E-5	-7.79072E-5	-7.79083E-1
-1.94902E+0	-1.87917E+0	9.99986E-5	-7.76354E-5	-7.76364E-1
-1.96228E+0	-1.89172E+0	9.99987E-5	-7.75276E-5	-7.75286E-1
-1.97382E+0	-1.90429E+0	9.99987E-5	-7.76909E-5	-7.76919E-1
-1.98667E+0	-1.91667E+0	9.99987E-5	-7.75418E-5	-7.75428E-1
-1.99769E+0	-1.92887E+0	9.99986E-5	-7.75365E-5	-7.75375E-1
-2.00128E+0	-1.93921E+0	9.99986E-5	-7.76389E-5	-7.76400E-1
-2.00153E+0	-1.94622E+0	9.99987E-5	-7.79353E-5	-7.79363E-1
-2.00149E+0	-1.95078E+0	9.99987E-5	-7.78180E-5	-7.78191E-1
-2.00157E+0	-1.95339E+0	9.99986E-5	-7.74277E-5	-7.74288E-1
-2.00200E+0	-1.95467E+0	9.99986E-5	-7.75189E-5	-7.75200E-1
-1.99512E+0	-1.95518E+0	9.99987E-5	-7.73391E-5	-7.73401E-1
-1.98389E+0	-1.95506E+0	9.99987E-5	-7.75727E-5	-7.75737E-1
-1.97153E+0	-1.95402E+0	9.99986E-5	-7.78852E-5	-7.78863E-1
-1.95980E+0	-1.95013E+0	9.99986E-5	-7.76756E-5	-7.76767E-1
-1.94672E+0	-1.94148E+0	9.99986E-5	-7.74379E-5	-7.74390E-1
-1.93379E+0	-1.92902E+0	9.99986E-5	-7.74209E-5	-7.74219E-1
-1.92080E+0	-1.91585E+0	9.99986E-5	-7.77537E-5	-7.77547E-1
-1.90848E+0	-1.90303E+0	9.99986E-5	-7.80704E-5	-7.80715E-1
-1.89534E+0	-1.89036E+0	9.99985E-5	-7.79605E-5	-7.79617E-1
-1.88263E+0	-1.87775E+0	9.99985E-5	-7.80855E-5	-7.80866E-1
-1.87068E+0	-1.86519E+0	9.99986E-5	-7.78458E-5	-7.78469E-1
-1.85758E+0	-1.85284E+0	9.99986E-5	-7.77621E-5	-7.77632E-1
-1.84491E+0	-1.84046E+0	9.99986E-5	-7.77550E-5	-7.77561E-1
-1.83176E+0	-1.82801E+0	9.99987E-5	-7.75743E-5	-7.75753E-1
-1.81933E+0	-1.81561E+0	9.99987E-5	-7.77582E-5	-7.77592E-1
-1.80761E+0	-1.80329E+0	9.99987E-5	-7.77669E-5	-7.77679E-1
-1.79446E+0	-1.79097E+0	9.99988E-5	-7.78367E-5	-7.78376E-1
-1.78197E+0	-1.77860E+0	9.99987E-5	-7.79004E-5	-7.79014E-1
-1.76896E+0	-1.76619E+0	9.99987E-5	-7.75575E-5	-7.75586E-1
-1.75578E+0	-1.75366E+0	9.99987E-5	-7.76473E-5	-7.76483E-1
-1.74270E+0	-1.74127E+0	9.99987E-5	-7.78289E-5	-7.78299E-1
-1.73010E+0	-1.72886E+0	9.99987E-5	-7.76856E-5	-7.76867E-1
-1.71843E+0	-1.71633E+0	9.99987E-5	-7.77265E-5	-7.77275E-1
-1.70569E+0	-1.70398E+0	9.99987E-5	-7.78430E-5	-7.78441E-1
-1.69332E+0	-1.69155E+0	9.99986E-5	-7.78012E-5	-7.78023E-1
-1.68019E+0	-1.67908E+0	9.99986E-5	-7.79013E-5	-7.79023E-1
-1.66759E+0	-1.66670E+0	9.99986E-5	-7.78045E-5	-7.78056E-1
-1.65532E+0	-1.65427E+0	9.99986E-5	-7.78314E-5	-7.78325E-1
-1.64226E+0	-1.64196E+0	9.99986E-5	-7.78655E-5	-7.78666E-1
-1.62967E+0	-1.62964E+0	9.99985E-5	-7.78411E-5	-7.78423E-1
-1.61637E+0	-1.61712E+0	9.99985E-5	-7.80183E-5	-7.80194E-1
-1.60412E+0	-1.60466E+0	9.99986E-5	-7.79400E-5	-7.79411E-1
-1.59275E+0	-1.59229E+0	9.99986E-5	-7.78476E-5	-7.78487E-1
-1.57961E+0	-1.57987E+0	9.99986E-5	-7.77346E-5	-7.77357E-1
-1.56668E+0	-1.56744E+0	9.99985E-5	-7.77734E-5	-7.77745E-1
-1.55429E+0	-1.55497E+0	9.99986E-5	-7.79676E-5	-7.79687E-1
-1.54128E+0	-1.54259E+0	9.99987E-5	-7.77934E-5	-7.77944E-1
-1.52783E+0	-1.53009E+0	9.99987E-5	-7.76074E-5	-7.76085E-1
-1.51542E+0	-1.51759E+0	9.99986E-5	-7.76904E-5	-7.76915E-1
-1.50360E+0	-1.50533E+0	9.99986E-5	-7.79593E-5	-7.79603E-1
-1.49054E+0	-1.49301E+0	9.99987E-5	-7.82435E-5	-7.82445E-1
-1.47765E+0	-1.48047E+0	9.99987E-5	-7.81609E-5	-7.81619E-1
-1.46489E+0	-1.46798E+0	9.99986E-5	-7.80098E-5	-7.80108E-1
-1.45193E+0	-1.45560E+0	9.99986E-5	-7.80787E-5	-7.80798E-1
-1.43993E+0	-1.44327E+0	9.99986E-5	-7.78822E-5	-7.78834E-1
-1.42743E+0	-1.43080E+0	9.99985E-5	-7.77881E-5	-7.77892E-1
-1.41501E+0	-1.41828E+0	9.99986E-5	-7.78225E-5	-7.78236E-1
-1.40219E+0	-1.40601E+0	9.99986E-5	-7.79578E-5	-7.79589E-1
-1.38894E+0	-1.39366E+0	9.99987E-5	-7.79855E-5	-7.79865E-1
-1.37600E+0	-1.38114E+0	9.99986E-5	-7.79444E-5	-7.79454E-1
-1.36371E+0	-1.36877E+0	9.99987E-5	-7.80038E-5	-7.80048E-1
-1.35183E+0	-1.35651E+0	9.99986E-5	-7.79460E-5	-7.79471E-1
-1.33852E+0	-1.34400E+0	9.99986E-5	-7.81157E-5	-7.81167E-1
-1.32565E+0	-1.33147E+0	9.99986E-5	-7.81115E-5	-7.81125E-1
-1.31225E+0	-1.31909E+0	9.99986E-5	-7.79757E-5	-7.79768E-1
-1.29980E+0	-1.30674E+0	9.99986E-5	-7.79234E-5	-7.79245E-1
-1.28831E+0	-1.29432E+0	9.99986E-5	-7.78183E-5	-7.78194E-1
-1.27563E+0	-1.28196E+0	9.99986E-5	-7.79680E-5	-7.79691E-1
-1.26271E+0	-1.26966E+0	9.99986E-5	-7.79962E-5	-7.79974E-1
-1.24926E+0	-1.25731E+0	9.99986E-5	-7.79471E-5	-7.79481E-1
-1.23689E+0	-1.24481E+0	9.99987E-5	-7.80079E-5	-7.80089E-1
-1.22418E+0	-1.23235E+0	9.99986E-5	-7.80807E-5	-7.80817E-1
-1.21172E+0	-1.21995E+0	9.99986E-5	-7.80604E-5	-7.80615E-1
-1.19973E+0	-1.20755E+0	9.99986E-5	-7.79129E-5	-7.79140E-1
-1.18673E+0	-1.19529E+0	9.99986E-5	-7.78665E-5	-7.78677E-1
-1.17389E+0	-1.18287E+0	9.99986E-5	-7.78953E-5	-7.78964E-1
-1.16083E+0	-1.17036E+0	9.99986E-5	-7.79262E-5	-7.79273E-1
-1.14836E+0	-1.15787E+0	9.99985E-5	-7.78511E-5	-7.78523E-1
-1.13639E+0	-1.14538E+0	9.99986E-5	-7.77114E-5	-7.77125E-1
-1.12318E+0	-1.13312E+0	9.99986E-5	-7.77146E-5	-7.77157E-1
-1.11057E+0	-1.12075E+0	9.99986E-5	-7.77140E-5	-7.77151E-1
-1.09774E+0	-1.10837E+0	9.99987E-5	-7.76895E-5	-7.76906E-1
-1.08532E+0	-1.09593E+0	9.99985E-5	-7.79218E-5	-7.79230E-1
-1.07357E+0	-1.08342E+0	9.99986E-5	-7.78780E-5	-7.78791E-1
-1.06059E+0	-1.07094E+0	9.99987E-5	-7.77811E-5	-7.77822E-1
-1.04750E+0	-1.05837E+0	9.99986E-5	-7.78342E-5	-7.78353E-1
-1.03438E+0	-1.04575E+0	9.99986E-5	-7.77890E-5	-7.77901E-1
-1.02210E+0	-1.03312E+0	9.99986E-5	-7.78299E-5	-7.78310E-1
-1.00882E+0	-1.02062E+0	9.99986E-5	-7.77989E-5	-7.78000E-1
-9.96329E-1	-1.00802E+0	9.99986E-5	-7.77355E-5	-7.77366E-1
-9.84725E-1	-9.95223E-1	9.99987E-5	-7.77147E-5	-7.77157E-1
-9.71757E-1	-9.82321E-1	9.99987E-5	-7.79991E-5	-7.80001E-1
-9.58917E-1	-9.69443E-1	9.99986E-5	-7.81704E-5	-7.81715E-1
-9.45963E-1	-9.56498E-1	9.99985E-5	-7.80710E-5	-7.80721E-1
-9.32930E-1	-9.43564E-1	9.99986E-5	-7.79234E-5	-7.79245E-1
-9.20915E-1	-9.30697E-1	9.99987E-5	-7.78791E-5	-7.78801E-1
-9.08147E-1	-9.17844E-1	9.99987E-5	-7.79275E-5	-7.79285E-1
-8.94982E-1	-9.05205E-1	9.99986E-5	-7.79296E-5	-7.79307E-1
-8.82279E-1	-8.92681E-1	9.99986E-5	-7.79999E-5	-7.80010E-1
-8.70095E-1	-8.79983E-1	9.99986E-5	-7.79843E-5	-7.79853E-1
-8.57784E-1	-8.67298E-1	9.99986E-5	-7.79737E-5	-7.79748E-1
-8.44993E-1	-8.54807E-1	9.99986E-5	-7.79113E-5	-7.79124E-1
-8.31639E-1	-8.42337E-1	9.99986E-5	-7.78079E-5	-7.78089E-1
-8.19007E-1	-8.29798E-1	9.99987E-5	-7.78239E-5	-7.78250E-1
-8.07117E-1	-8.17301E-1	9.99987E-5	-7.77745E-5	-7.77756E-1
-7.94110E-1	-8.04933E-1	9.99986E-5	-7.77657E-5	-7.77668E-1
-7.81762E-1	-7.92624E-1	9.99985E-5	-7.78000E-5	-7.78012E-1
-7.69063E-1	-7.80213E-1	9.99986E-5	-7.79337E-5	-7.79348E-1
-7.56015E-1	-7.67746E-1	9.99987E-5	-7.79165E-5	-7.79175E-1
-7.43812E-1	-7.55388E-1	9.99987E-5	-7.78854E-5	-7.78865E-1
-7.30913E-1	-7.43067E-1	9.99986E-5	-7.78817E-5	-7.78828E-1
-7.18276E-1	-7.30790E-1	9.99987E-5	-7.79092E-5	-7.79103E-1
-7.05891E-1	-7.18438E-1	9.99986E-5	-7.80147E-5	-7.80158E-1
-6.92920E-1	-7.06095E-1	9.99986E-5	-7.80800E-5	-7.80811E-1
-6.80074E-1	-6.93940E-1	9.99986E-5	-7.79998E-5	-7.80009E-1
-6.67312E-1	-6.81645E-1	9.99986E-5	-7.79191E-5	-7.79201E-1
-6.54364E-1	-6.69340E-1	9.99986E-5	-7.79052E-5	-7.79063E-1
-6.41834E-1	-6.57106E-1	9.99985E-5	-7.78772E-5	-7.78783E-1
-6.29569E-1	-6.44889E-1	9.99985E-5	-7.79782E-5	-7.79794E-1
-6.17171E-1	-6.32663E-1	9.99985E-5	-7.80272E-5	-7.80283E-1
-6.04421E-1	-6.20304E-1	9.99986E-5	-7.79970E-5	-7.79981E-1
-5.91887E-1	-6.08062E-1	9.99987E-5	-7.78713E-5	-7.78723E-1
-5.78721E-1	-5.95793E-1	9.99987E-5	-7.78788E-5	-7.78799E-1
-5.66178E-1	-5.83605E-1	9.99986E-5	-7.79649E-5	-7.79659E-1
-5.54280E-1	-5.71347E-1	9.99986E-5	-7.79713E-5	-7.79724E-1
-5.41578E-1	-5.58974E-1	9.99985E-5	-7.79196E-5	-7.79208E-1
-5.28241E-1	-5.46683E-1	9.99985E-5	-7.78453E-5	-7.78466E-1
-5.15555E-1	-5.34396E-1	9.99986E-5	-7.78512E-5	-7.78523E-1
-5.03357E-1	-5.22130E-1	9.99987E-5	-7.78790E-5	-7.78800E-1
-4.90171E-1	-5.09877E-1	9.99986E-5	-7.79596E-5	-7.79608E-1
-4.77293E-1	-4.97559E-1	9.99985E-5	-7.79654E-5	-7.79666E-1
-4.65152E-1	-4.85286E-1	9.99986E-5	-7.79602E-5	-7.79613E-1
-4.52372E-1	-4.73047E-1	9.99987E-5	-7.79301E-5	-7.79311E-1
-4.39429E-1	-4.60731E-1	9.99986E-5	-7.79231E-5	-7.79242E-1
-4.26365E-1	-4.48295E-1	9.99986E-5	-7.79467E-5	-7.79478E-1
-4.13960E-1	-4.35797E-1	9.99986E-5	-7.79765E-5	-7.79776E-1
-4.01916E-1	-4.23521E-1	9.99986E-5	-7.79894E-5	-7.79905E-1
-3.89465E-1	-4.11116E-1	9.99986E-5	-7.80056E-5	-7.80067E-1
-3.76807E-1	-3.98614E-1	9.99986E-5	-7.79289E-5	-7.79300E-1
-3.63731E-1	-3.86230E-1	9.99985E-5	-7.78935E-5	-7.78947E-1
-3.51043E-1	-3.73408E-1	9.99985E-5	-7.79224E-5	-7.79236E-1
-3.38474E-1	-3.60747E-1	9.99985E-5	-7.79692E-5	-7.79703E-1
-3.25705E-1	-3.48379E-1	9.99986E-5	-7.79519E-5	-7.79530E-1
-3.13567E-1	-3.35863E-1	9.99986E-5	-7.79307E-5	-7.79318E-1
-3.00876E-1	-3.23379E-1	9.99987E-5	-7.79579E-5	-7.79590E-1
-2.88029E-1	-3.10940E-1	9.99987E-5	-7.79442E-5	-7.79452E-1
-2.75469E-1	-2.98405E-1	9.99986E-5	-7.79551E-5	-7.79562E-1
-2.62963E-1	-2.85878E-1	9.99986E-5	-7.79952E-5	-7.79963E-1
-2.49771E-1	-2.73298E-1	9.99986E-5	-7.79880E-5	-7.79891E-1
-2.36828E-1	-2.60655E-1	9.99986E-5	-7.79836E-5	-7.79847E-1
-2.24762E-1	-2.48173E-1	9.99987E-5	-7.80063E-5	-7.80073E-1
-2.11984E-1	-2.35453E-1	9.99986E-5	-7.79984E-5	-7.79995E-1
-1.99139E-1	-2.22779E-1	9.99987E-5	-7.79811E-5	-7.79821E-1
-1.86907E-1	-2.10074E-1	9.99987E-5	-7.79887E-5	-7.79897E-1
-1.73886E-1	-1.97258E-1	9.99986E-5	-7.79683E-5	-7.79694E-1
-1.61258E-1	-1.84566E-1	9.99986E-5	-7.79959E-5	-7.79970E-1
-1.48618E-1	-1.71890E-1	9.99987E-5	-7.80461E-5	-7.80471E-1
-1.36135E-1	-1.59202E-1	9.99987E-5	-7.80360E-5	-7.80370E-1
-1.23283E-1	-1.46538E-1	9.99986E-5	-7.80197E-5	-7.80207E-1
-1.10603E-1	-1.33891E-1	9.99986E-5	-7.80626E-5	-7.80637E-1
-9.80172E-2	-1.21093E-1	9.99986E-5	-7.80888E-5	-7.80899E-1
-8.51887E-2	-1.08203E-1	9.99986E-5	-7.80577E-5	-7.80588E-1
-7.26801E-2	-9.53788E-2	9.99986E-5	-7.80640E-5	-7.80651E-1
-6.01808E-2	-8.26122E-2	9.99987E-5	-7.80412E-5	-7.80423E-1
-4.71843E-2	-6.99031E-2	9.99985E-5	-7.80254E-5	-7.80265E-1
-3.41492E-2	-5.72582E-2	9.99985E-5	-7.80613E-5	-7.80625E-1
-2.12803E-2	-4.45800E-2	9.99985E-5	-7.80573E-5	-7.80585E-1
-9.28709E-3	-3.21421E-2	9.99985E-5	-7.80470E-5	-7.80482E-1
-2.03810E-3	-2.06735E-2	9.99985E-5	-7.80495E-5	-7.80507E-1
-6.38997E-4	-1.14846E-2	9.99985E-5	-7.80601E-5	-7.80613E-1
-4.70000E-4	-5.47706E-3	9.99985E-5	-7.81119E-5	-7.81131E-1
-7.18058E-4	-2.05569E-3	9.99985E-5	-7.81144E-5	-7.81156E-1
-9.50000E-4	-3.61266E-4	9.99985E-5	-7.81000E-5	-7.81011E-1
8.08814E-4	5.43310E-4	9.99986E-5	-7.81009E-5	-7.81020E-1
1.00909E-2	1.87750E-3	9.99986E-5	-7.80889E-5	-7.80901E-1
2.28745E-2	5.79721E-3	9.99985E-5	-7.80757E-5	-7.80768E-1
3.54922E-2	1.39743E-2	9.99986E-5	-7.80811E-5	-7.80821E-1
4.82688E-2	2.48405E-2	9.99986E-5	-7.80625E-5	-7.80636E-1
6.09039E-2	3.66454E-2	9.99986E-5	-7.80391E-5	-7.80401E-1
7.31554E-2	4.86473E-2	9.99986E-5	-7.80538E-5	-7.80549E-1
8.62487E-2	6.09361E-2	9.99986E-5	-7.80619E-5	-7.80631E-1
9.87867E-2	7.36458E-2	9.99986E-5	-7.80689E-5	-7.80700E-1
1.11279E-1	8.62652E-2	9.99987E-5	-7.80940E-5	-7.80951E-1
1.24242E-1	9.88705E-2	9.99987E-5	-7.81259E-5	-7.81269E-1
1.36951E-1	1.11527E-1	9.99987E-5	-7.81131E-5	-7.81141E-1
1.49828E-1	1.23978E-1	9.99986E-5	-7.80956E-5	-7.80966E-1
1.62242E-1	1.36209E-1	9.99986E-5	-7.81055E-5	-7.81066E-1
1.74738E-1	1.48434E-1	9.99987E-5	-7.80989E-5	-7.80999E-1
1.87481E-1	1.60671E-1	9.99987E-5	-7.80831E-5	-7.80841E-1
2.00031E-1	1.72672E-1	9.99986E-5	-7.80718E-5	-7.80729E-1
2.12862E-1	1.84448E-1	9.99987E-5	-7.80928E-5	-7.80939E-1
2.25466E-1	1.96263E-1	9.99986E-5	-7.81011E-5	-7.81022E-1
2.38186E-1	2.08155E-1	9.99985E-5	-7.80567E-5	-7.80579E-1
2.50820E-1	2.20120E-1	9.99986E-5	-7.80558E-5	-7.80568E-1
2.63079E-1	2.32242E-1	9.99986E-5	-7.81047E-5	-7.81058E-1
2.75845E-1	2.44614E-1	9.99986E-5	-7.81058E-5	-7.81069E-1
2.88811E-1	2.57024E-1	9.99987E-5	-7.81009E-5	-7.81019E-1
3.01666E-1	2.69544E-1	9.99987E-5	-7.81382E-5	-7.81392E-1
3.13740E-1	2.82146E-1	9.99986E-5	-7.81697E-5	-7.81707E-1
3.26663E-1	2.94620E-1	9.99986E-5	-7.81351E-5	-7.81362E-1
3.39597E-1	3.07076E-1	9.99987E-5	-7.80722E-5	-7.80732E-1
3.52099E-1	3.19461E-1	9.99986E-5	-7.80809E-5	-7.80820E-1
3.64372E-1	3.31825E-1	9.99986E-5	-7.80980E-5	-7.80992E-1
3.76845E-1	3.44178E-1	9.99985E-5	-7.81061E-5	-7.81073E-1
3.90013E-1	3.56358E-1	9.99986E-5	-7.81249E-5	-7.81260E-1
4.03169E-1	3.68534E-1	9.99986E-5	-7.81380E-5	-7.81391E-1
4.15394E-1	3.80721E-1	9.99985E-5	-7.81026E-5	-7.81037E-1
4.27841E-1	3.91055E-1	9.99986E-5	-7.81177E-5	-7.81188E-1
4.40697E-1	4.02103E-1	9.99986E-5	-7.81815E-5	-7.81826E-1
4.53366E-1	4.16365E-1	9.99986E-5	-7.81447E-5	-7.81459E-1
4.66361E-1	4.30003E-1	9.99986E-5	-7.81341E-5	-7.81352E-1
4.78633E-1	4.42745E-1	9.99986E-5	-7.81315E-5	-7.81326E-1
4.91578E-1	4.55133E-1	9.99986E-5	-7.81386E-5	-7.81397E-1
5.03833E-1	4.67256E-1	9.99986E-5	-7.81026E-5	-7.81037E-1
5.16211E-1	4.79435E-1	9.99985E-5	-7.81112E-5	-7.81124E-1
5.29137E-1	4.91462E-1	9.99985E-5	-7.81347E-5	-7.81358E-1
5.41593E-1	5.03356E-1	9.99985E-5	-7.81779E-5	-7.81790E-1
5.54208E-1	5.15340E-1	9.99985E-5	-7.81842E-5	-7.81854E-1
5.67000E-1	5.27449E-1	9.99985E-5	-7.81202E-5	-7.81214E-1
5.79987E-1	5.39496E-1	9.99986E-5	-7.81403E-5	-7.81414E-1
5.92999E-1	5.51642E-1	9.99986E-5	-7.82039E-5	-7.82050E-1
6.05658E-1	5.63842E-1	9.99987E-5	-7.82732E-5	-7.82743E-1
6.17903E-1	5.75943E-1	9.99986E-5	-7.82073E-5	-7.82084E-1
6.30168E-1	5.88012E-1	9.99986E-5	-7.82047E-5	-7.82058E-1
6.43474E-1	6.00076E-1	9.99985E-5	-7.82556E-5	-7.82568E-1
6.55847E-1	6.12245E-1	9.99985E-5	-7.82850E-5	-7.82862E-1
6.68553E-1	6.24399E-1	9.99986E-5	-7.82534E-5	-7.82545E-1
6.81405E-1	6.36648E-1	9.99986E-5	-7.82538E-5	-7.82550E-1
6.94121E-1	6.48884E-1	9.99985E-5	-7.82974E-5	-7.82985E-1
7.06786E-1	6.61020E-1	9.99985E-5	-7.82420E-5	-7.82432E-1
7.19232E-1	6.73263E-1	9.99986E-5	-7.81449E-5	-7.81460E-1
7.31962E-1	6.85401E-1	9.99987E-5	-7.80365E-5	-7.80376E-1
7.44905E-1	6.97574E-1	9.99987E-5	-7.81242E-5	-7.81252E-1
7.57485E-1	7.09826E-1	9.99987E-5	-7.82222E-5	-7.82232E-1
7.70191E-1	7.22011E-1	9.99986E-5	-7.81820E-5	-7.81831E-1
7.82445E-1	7.34319E-1	9.99986E-5	-7.80422E-5	-7.80433E-1
7.95385E-1	7.46602E-1	9.99985E-5	-7.80691E-5	-7.80702E-1
8.08173E-1	7.58870E-1	9.99986E-5	-7.82310E-5	-7.82321E-1
8.20935E-1	7.71222E-1	9.99985E-5	-7.82498E-5	-7.82510E-1
8.33241E-1	7.83574E-1	9.99985E-5	-7.82861E-5	-7.82873E-1
8.45183E-1	7.95933E-1	9.99987E-5	-7.82243E-5	-7.82253E-1
8.58467E-1	8.08401E-1	9.99986E-5	-7.81733E-5	-7.81743E-1
8.70648E-1	8.20961E-1	9.99986E-5	-7.82082E-5	-7.82093E-1
8.83704E-1	8.33455E-1	9.99987E-5	-7.81852E-5	-7.81863E-1
8.96356E-1	8.45777E-1	9.99987E-5	-7.81676E-5	-7.81686E-1
9.09319E-1	8.58266E-1	9.99987E-5	-7.82290E-5	-7.82300E-1
9.21864E-1	8.70861E-1	9.99986E-5	-7.81535E-5	-7.81546E-1
9.33620E-1	8.83337E-1	9.99986E-5	-7.81380E-5	-7.81391E-1
9.46641E-1	8.96028E-1	9.99987E-5	-7.82545E-5	-7.82555E-1
9.59493E-1	9.08756E-1	9.99987E-5	-7.81078E-5	-7.81088E-1
9.72143E-1	9.21376E-1	9.99987E-5	-7.80255E-5	-7.80266E-1
9.84800E-1	9.34047E-1	9.99986E-5	-7.81249E-5	-7.81259E-1
9.96864E-1	9.46827E-1	9.99987E-5	-7.81311E-5	-7.81321E-1
1.00983E+0	9.59757E-1	9.99986E-5	-7.81159E-5	-7.81170E-1
1.02264E+0	9.72711E-1	9.99986E-5	-7.82174E-5	-7.82185E-1
1.03563E+0	9.85484E-1	9.99986E-5	-7.81839E-5	-7.81849E-1
1.04837E+0	9.98296E-1	9.99987E-5	-7.81387E-5	-7.81397E-1
1.06126E+0	1.01107E+0	9.99987E-5	-7.81760E-5	-7.81771E-1
1.07392E+0	1.02362E+0	9.99986E-5	-7.81439E-5	-7.81450E-1
1.08597E+0	1.03597E+0	9.99986E-5	-7.82379E-5	-7.82390E-1
1.09907E+0	1.04827E+0	9.99987E-5	-7.82456E-5	-7.82466E-1
1.11221E+0	1.06054E+0	9.99987E-5	-7.81910E-5	-7.81920E-1
1.12471E+0	1.07272E+0	9.99987E-5	-7.81926E-5	-7.81936E-1
1.13727E+0	1.08512E+0	9.99986E-5	-7.82832E-5	-7.82843E-1
1.14896E+0	1.09754E+0	9.99985E-5	-7.81419E-5	-7.81430E-1
1.16237E+0	1.10974E+0	9.99986E-5	-7.80874E-5	-7.80885E-1
1.17518E+0	1.12189E+0	9.99985E-5	-7.82228E-5	-7.82240E-1
1.18783E+0	1.13433E+0	9.99986E-5	-7.83030E-5	-7.83041E-1
1.20058E+0	1.14666E+0	9.99986E-5	-7.82996E-5	-7.83007E-1
1.21349E+0	1.15897E+0	9.99985E-5	-7.81660E-5	-7.81672E-1
1.22607E+0	1.17126E+0	9.99985E-5	-7.81901E-5	-7.81913E-1
1.23802E+0	1.18350E+0	9.99986E-5	-7.83164E-5	-7.83175E-1
1.25060E+0	1.19592E+0	9.99986E-5	-7.83318E-5	-7.83329E-1
1.26386E+0	1.20827E+0	9.99986E-5	-7.83530E-5	-7.83541E-1
1.27662E+0	1.22058E+0	9.99986E-5	-7.83975E-5	-7.83986E-1
1.28916E+0	1.23282E+0	9.99986E-5	-7.81781E-5	-7.81792E-1
1.30138E+0	1.24502E+0	9.99986E-5	-7.81719E-5	-7.81730E-1
1.31403E+0	1.25731E+0	9.99986E-5	-7.83748E-5	-7.83759E-1
1.32647E+0	1.26978E+0	9.99986E-5	-7.83958E-5	-7.83969E-1
1.33939E+0	1.28223E+0	9.99986E-5	-7.83881E-5	-7.83892E-1
1.35228E+0	1.29453E+0	9.99986E-5	-7.83668E-5	-7.83679E-1
1.36457E+0	1.30678E+0	9.99986E-5	-7.82171E-5	-7.82182E-1
1.37769E+0	1.31930E+0	9.99987E-5	-7.81187E-5	-7.81197E-1
1.39052E+0	1.33183E+0	9.99986E-5	-7.81658E-5	-7.81669E-1
1.40353E+0	1.34405E+0	9.99986E-5	-7.82188E-5	-7.82199E-1
1.41561E+0	1.35638E+0	9.99986E-5	-7.82408E-5	-7.82419E-1
1.42886E+0	1.36874E+0	9.99986E-5	-7.83149E-5	-7.83160E-1
1.44115E+0	1.38109E+0	9.99985E-5	-7.83513E-5	-7.83524E-1
1.45287E+0	1.39351E+0	9.99986E-5	-7.82564E-5	-7.82575E-1
1.46595E+0	1.40580E+0	9.99986E-5	-7.81969E-5	-7.81979E-1
1.47891E+0	1.41807E+0	9.99985E-5	-7.83741E-5	-7.83753E-1
1.49211E+0	1.43039E+0	9.99985E-5	-7.81683E-5	-7.81695E-1
1.50444E+0	1.44275E+0	9.99986E-5	-7.81304E-5	-7.81315E-1
1.51588E+0	1.45513E+0	9.99987E-5	-7.81881E-5	-7.81892E-1
1.52901E+0	1.46760E+0	9.99987E-5	-7.81456E-5	-7.81466E-1
1.54231E+0	1.48004E+0	9.99986E-5	-7.82921E-5	-7.82932E-1
1.55484E+0	1.49228E+0	9.99986E-5	-7.83247E-5	-7.83258E-1
1.56756E+0	1.50461E+0	9.99987E-5	-7.84151E-5	-7.84161E-1
1.58015E+0	1.51698E+0	9.99987E-5	-7.83766E-5	-7.83776E-1
1.59282E+0	1.52935E+0	9.99987E-5	-7.82023E-5	-7.82033E-1
1.60510E+0	1.54187E+0	9.99985E-5	-7.82164E-5	-7.82175E-1
1.61820E+0	1.55434E+0	9.99985E-5	-7.84231E-5	-7.84243E-1
1.63100E+0	1.56673E+0	9.99986E-5	-7.85633E-5	-7.85644E-1
1.64392E+0	1.57907E+0	9.99986E-5	-7.87157E-5	-7.87168E-1
1.65642E+0	1.59136E+0	9.99985E-5	-7.85634E-5	-7.85645E-1
1.66818E+0	1.60365E+0	9.99986E-5	-7.85694E-5	-7.85706E-1
1.68114E+0	1.61617E+0	9.99986E-5	-7.85913E-5	-7.85924E-1
1.69399E+0	1.62859E+0	9.99986E-5	-7.83100E-5	-7.83111E-1
1.70696E+0	1.64091E+0	9.99985E-5	-7.81271E-5	-7.81282E-1
1.71955E+0	1.65343E+0	9.99985E-5	-7.81161E-5	-7.81173E-1
1.73156E+0	1.66595E+0	9.99986E-5	-7.83201E-5	-7.83212E-1
1.74465E+0	1.67825E+0	9.99986E-5	-7.84439E-5	-7.84450E-1
1.75712E+0	1.69067E+0	9.99986E-5	-7.85521E-5	-7.85532E-1
1.77055E+0	1.70319E+0	9.99986E-5	-7.84719E-5	-7.84730E-1
1.78279E+0	1.71550E+0	9.99986E-5	-7.83387E-5	-7.83397E-1
1.79420E+0	1.72791E+0	9.99987E-5	-7.85637E-5	-7.85647E-1
1.80726E+0	1.74044E+0	9.99987E-5	-7.85930E-5	-7.85940E-1
1.82013E+0	1.75277E+0	9.99986E-5	-7.81937E-5	-7.81948E-1
1.83307E+0	1.76521E+0	9.99986E-5	-7.80681E-5	-7.80691E-1
1.84544E+0	1.77765E+0	9.99987E-5	-7.82158E-5	-7.82168E-1
1.85857E+0	1.79002E+0	9.99985E-5	-7.82109E-5	-7.82121E-1
1.87162E+0	1.80244E+0	9.99985E-5	-7.81884E-5	-7.81895E-1
1.88357E+0	1.81487E+0	9.99987E-5	-7.83126E-5	-7.83136E-1
1.89660E+0	1.82742E+0	9.99986E-5	-7.83221E-5	-7.83232E-1
1.90908E+0	1.83985E+0	9.99986E-5	-7.82562E-5	-7.82573E-1
1.92192E+0	1.85220E+0	9.99987E-5	-7.83763E-5	-7.83773E-1
1.93504E+0	1.86468E+0	9.99987E-5	-7.84086E-5	-7.84096E-1
1.94819E+0	1.87712E+0	9.99986E-5	-7.82828E-5	-7.82838E-1
1.96026E+0	1.88960E+0	9.99986E-5	-7.83879E-5	-7.83890E-1
1.97222E+0	1.90209E+0	9.99986E-5	-7.84792E-5	-7.84804E-1
1.98550E+0	1.91461E+0	9.99986E-5	-7.84274E-5	-7.84285E-1
1.99764E+0	1.92699E+0	9.99986E-5	-7.84894E-5	-7.84905E-1
2.00183E+0	1.93757E+0	9.99986E-5	-7.82461E-5	-7.82472E-1
2.00172E+0	1.94499E+0	9.99986E-5	-7.81611E-5	-7.81621E-1
2.00125E+0	1.94990E+0	9.99986E-5	-7.84577E-5	-7.84588E-1
