T_VTI_(K)	T_sample_(K)	I_s	V_nv	R_nv
2.98863E+2	2.99127E+2	9.99986E-5	3.22233E-2	3.22237E+2
2.98864E+2	2.99121E+2	9.99986E-5	3.22231E-2	3.22236E+2
2.98863E+2	2.99112E+2	9.99987E-5	3.22226E-2	3.22230E+2
2.98861E+2	2.99103E+2	9.99986E-5	3.22223E-2	3.22227E+2
2.98858E+2	2.99094E+2	9.99986E-5	3.22218E-2	3.22223E+2
2.98851E+2	2.99085E+2	9.99986E-5	3.22213E-2	3.22217E+2
2.98842E+2	2.99078E+2	9.99986E-5	3.22209E-2	3.22213E+2
2.98826E+2	2.99070E+2	9.99985E-5	3.22191E-2	3.22196E+2
2.98803E+2	2.99058E+2	9.99986E-5	3.22172E-2	3.22177E+2
2.98778E+2	2.99046E+2	9.99986E-5	3.22158E-2	3.22163E+2
2.98749E+2	2.99032E+2	9.99986E-5	3.22141E-2	3.22145E+2
2.98713E+2	2.99017E+2	9.99987E-5	3.22112E-2	3.22117E+2
2.98671E+2	2.99003E+2	9.99986E-5	3.22083E-2	3.22088E+2
2.98623E+2	2.98987E+2	9.99987E-5	3.22061E-2	3.22066E+2
2.98569E+2	2.98968E+2	9.99987E-5	3.22037E-2	3.22041E+2
2.98511E+2	2.98947E+2	9.99986E-5	3.22004E-2	3.22009E+2
2.98449E+2	2.98923E+2	9.99986E-5	3.21964E-2	3.21968E+2
2.98379E+2	2.98898E+2	9.99986E-5	3.21922E-2	3.21927E+2
2.98306E+2	2.98871E+2	9.99986E-5	3.21880E-2	3.21884E+2
2.98227E+2	2.98842E+2	9.99986E-5	3.21838E-2	3.21843E+2
2.98141E+2	2.98811E+2	9.99986E-5	3.21795E-2	3.21800E+2
2.98052E+2	2.98778E+2	9.99986E-5	3.21742E-2	3.21746E+2
2.97956E+2	2.98743E+2	9.99986E-5	3.21687E-2	3.21691E+2
2.97855E+2	2.98705E+2	9.99986E-5	3.21641E-2	3.21646E+2
2.97752E+2	2.98665E+2	9.99985E-5	3.21585E-2	3.21590E+2
2.97645E+2	2.98623E+2	9.99985E-5	3.21518E-2	3.21523E+2
2.97529E+2	2.98578E+2	9.99986E-5	3.21461E-2	3.21465E+2
2.97409E+2	2.98531E+2	9.99986E-5	3.21406E-2	3.21411E+2
2.97289E+2	2.98481E+2	9.99986E-5	3.21351E-2	3.21355E+2
2.97162E+2	2.98430E+2	9.99985E-5	3.21293E-2	3.21298E+2
2.97031E+2	2.98375E+2	9.99986E-5	3.21225E-2	3.21230E+2
2.96899E+2	2.98316E+2	9.99985E-5	3.21150E-2	3.21155E+2
2.96767E+2	2.98256E+2	9.99986E-5	3.21080E-2	3.21084E+2
2.96629E+2	2.98195E+2	9.99987E-5	3.21011E-2	3.21015E+2
2.96488E+2	2.98129E+2	9.99986E-5	3.20940E-2	3.20944E+2
2.96344E+2	2.98060E+2	9.99986E-5	3.20864E-2	3.20869E+2
2.96196E+2	2.97989E+2	9.99986E-5	3.20792E-2	3.20796E+2
2.96046E+2	2.97917E+2	9.99986E-5	3.20718E-2	3.20723E+2
2.95889E+2	2.97844E+2	9.99987E-5	3.20639E-2	3.20643E+2
2.95731E+2	2.97765E+2	9.99987E-5	3.20555E-2	3.20559E+2
2.95570E+2	2.97684E+2	9.99986E-5	3.20471E-2	3.20476E+2
2.95405E+2	2.97603E+2	9.99986E-5	3.20386E-2	3.20390E+2
2.95238E+2	2.97521E+2	9.99986E-5	3.20305E-2	3.20310E+2
2.95069E+2	2.97436E+2	9.99985E-5	3.20225E-2	3.20230E+2
2.94898E+2	2.97347E+2	9.99985E-5	3.20136E-2	3.20140E+2
2.94725E+2	2.97256E+2	9.99987E-5	3.20049E-2	3.20054E+2
2.94547E+2	2.97161E+2	9.99987E-5	3.19962E-2	3.19966E+2
2.94366E+2	2.97068E+2	9.99987E-5	3.19875E-2	3.19879E+2
2.94186E+2	2.96974E+2	9.99987E-5	3.19786E-2	3.19790E+2
2.94005E+2	2.96876E+2	9.99987E-5	3.19690E-2	3.19694E+2
2.93820E+2	2.96774E+2	9.99987E-5	3.19591E-2	3.19595E+2
2.93634E+2	2.96670E+2	9.99987E-5	3.19498E-2	3.19502E+2
2.93443E+2	2.96567E+2	9.99987E-5	3.19409E-2	3.19413E+2
2.93252E+2	2.96465E+2	9.99987E-5	3.19313E-2	3.19317E+2
2.93060E+2	2.96359E+2	9.99986E-5	3.19215E-2	3.19220E+2
2.92865E+2	2.96248E+2	9.99986E-5	3.19114E-2	3.19118E+2
2.92670E+2	2.96134E+2	9.99987E-5	3.19008E-2	3.19012E+2
2.92473E+2	2.96017E+2	9.99987E-5	3.18912E-2	3.18916E+2
2.92271E+2	2.95903E+2	9.99986E-5	3.18817E-2	3.18821E+2
2.92068E+2	2.95789E+2	9.99987E-5	3.18717E-2	3.18721E+2
2.91864E+2	2.95669E+2	9.99987E-5	3.18610E-2	3.18614E+2
2.91658E+2	2.95545E+2	9.99986E-5	3.18498E-2	3.18502E+2
2.91454E+2	2.95419E+2	9.99986E-5	3.18394E-2	3.18398E+2
2.91252E+2	2.95292E+2	9.99987E-5	3.18292E-2	3.18297E+2
2.91049E+2	2.95169E+2	9.99986E-5	3.18188E-2	3.18192E+2
2.90843E+2	2.95045E+2	9.99987E-5	3.18082E-2	3.18086E+2
2.90635E+2	2.94918E+2	9.99987E-5	3.17971E-2	3.17975E+2
2.90427E+2	2.94784E+2	9.99986E-5	3.17860E-2	3.17864E+2
2.90217E+2	2.94647E+2	9.99986E-5	3.17754E-2	3.17758E+2
2.90005E+2	2.94511E+2	9.99986E-5	3.17649E-2	3.17653E+2
2.89793E+2	2.94379E+2	9.99987E-5	3.17545E-2	3.17549E+2
2.89581E+2	2.94243E+2	9.99986E-5	3.17437E-2	3.17442E+2
2.89369E+2	2.94102E+2	9.99986E-5	3.17320E-2	3.17324E+2
2.89156E+2	2.93957E+2	9.99986E-5	3.17203E-2	3.17208E+2
2.88941E+2	2.93811E+2	9.99986E-5	3.17091E-2	3.17096E+2
2.88722E+2	2.93667E+2	9.99986E-5	3.16982E-2	3.16986E+2
2.88505E+2	2.93525E+2	9.99986E-5	3.16876E-2	3.16880E+2
2.88284E+2	2.93378E+2	9.99986E-5	3.16763E-2	3.16768E+2
2.88066E+2	2.93229E+2	9.99985E-5	3.16645E-2	3.16650E+2
2.87849E+2	2.93077E+2	9.99985E-5	3.16528E-2	3.16532E+2
2.87626E+2	2.92923E+2	9.99986E-5	3.16413E-2	3.16417E+2
2.87405E+2	2.92771E+2	9.99986E-5	3.16304E-2	3.16309E+2
2.87182E+2	2.92618E+2	9.99986E-5	3.16194E-2	3.16199E+2
2.86956E+2	2.92463E+2	9.99986E-5	3.16078E-2	3.16082E+2
2.86732E+2	2.92306E+2	9.99986E-5	3.15954E-2	3.15959E+2
2.86509E+2	2.92147E+2	9.99985E-5	3.15835E-2	3.15839E+2
2.86283E+2	2.91983E+2	9.99985E-5	3.15718E-2	3.15723E+2
2.86056E+2	2.91820E+2	9.99986E-5	3.15604E-2	3.15608E+2
2.85834E+2	2.91663E+2	9.99986E-5	3.15492E-2	3.15496E+2
2.85609E+2	2.91504E+2	9.99986E-5	3.15370E-2	3.15374E+2
2.85385E+2	2.91342E+2	9.99987E-5	3.15247E-2	3.15251E+2
2.85164E+2	2.91178E+2	9.99986E-5	3.15123E-2	3.15127E+2
2.84939E+2	2.91010E+2	9.99987E-5	3.14998E-2	3.15003E+2
2.84716E+2	2.90844E+2	9.99987E-5	3.14878E-2	3.14882E+2
2.84490E+2	2.90678E+2	9.99987E-5	3.14761E-2	3.14765E+2
2.84262E+2	2.90512E+2	9.99987E-5	3.14650E-2	3.14654E+2
2.84035E+2	2.90349E+2	9.99986E-5	3.14528E-2	3.14532E+2
2.83806E+2	2.90185E+2	9.99986E-5	3.14397E-2	3.14401E+2
2.83578E+2	2.90015E+2	9.99986E-5	3.14270E-2	3.14275E+2
2.83352E+2	2.89838E+2	9.99986E-5	3.14148E-2	3.14152E+2
2.83123E+2	2.89661E+2	9.99986E-5	3.14028E-2	3.14033E+2
2.82893E+2	2.89487E+2	9.99985E-5	3.13908E-2	3.13913E+2
2.82662E+2	2.89314E+2	9.99985E-5	3.13788E-2	3.13793E+2
2.82432E+2	2.89142E+2	9.99985E-5	3.13671E-2	3.13676E+2
2.82200E+2	2.88967E+2	9.99985E-5	3.13550E-2	3.13555E+2
2.81966E+2	2.88792E+2	9.99986E-5	3.13430E-2	3.13434E+2
2.81734E+2	2.88617E+2	9.99985E-5	3.13309E-2	3.13314E+2
2.81502E+2	2.88441E+2	9.99985E-5	3.13184E-2	3.13189E+2
2.81271E+2	2.88262E+2	9.99985E-5	3.13063E-2	3.13067E+2
2.81038E+2	2.88084E+2	9.99985E-5	3.12940E-2	3.12944E+2
2.80805E+2	2.87904E+2	9.99985E-5	3.12817E-2	3.12822E+2
2.80574E+2	2.87724E+2	9.99986E-5	3.12701E-2	3.12705E+2
2.80345E+2	2.87545E+2	9.99986E-5	3.12582E-2	3.12587E+2
2.80114E+2	2.87364E+2	9.99986E-5	3.12462E-2	3.12466E+2
2.79887E+2	2.87183E+2	9.99986E-5	3.12343E-2	3.12348E+2
2.79662E+2	2.87004E+2	9.99986E-5	3.12228E-2	3.12233E+2
2.79431E+2	2.86821E+2	9.99985E-5	3.12101E-2	3.12106E+2
2.79203E+2	2.86637E+2	9.99985E-5	3.11970E-2	3.11975E+2
2.78978E+2	2.86450E+2	9.99986E-5	3.11843E-2	3.11847E+2
2.78748E+2	2.86258E+2	9.99987E-5	3.11714E-2	3.11719E+2
2.78519E+2	2.86068E+2	9.99986E-5	3.11593E-2	3.11597E+2
2.78291E+2	2.85883E+2	9.99986E-5	3.11470E-2	3.11474E+2
2.78062E+2	2.85697E+2	9.99985E-5	3.11342E-2	3.11347E+2
2.77831E+2	2.85510E+2	9.99985E-5	3.11218E-2	3.11223E+2
2.77601E+2	2.85323E+2	9.99987E-5	3.11094E-2	3.11098E+2
2.77373E+2	2.85137E+2	9.99987E-5	3.10969E-2	3.10973E+2
2.77142E+2	2.84951E+2	9.99987E-5	3.10851E-2	3.10855E+2
2.76908E+2	2.84766E+2	9.99987E-5	3.10729E-2	3.10733E+2
2.76676E+2	2.84581E+2	9.99987E-5	3.10603E-2	3.10608E+2
2.76445E+2	2.84393E+2	9.99986E-5	3.10476E-2	3.10480E+2
2.76216E+2	2.84204E+2	9.99985E-5	3.10342E-2	3.10347E+2
2.75985E+2	2.84009E+2	9.99985E-5	3.10212E-2	3.10216E+2
2.75755E+2	2.83813E+2	9.99987E-5	3.10083E-2	3.10087E+2
2.75523E+2	2.83619E+2	9.99986E-5	3.09955E-2	3.09959E+2
2.75290E+2	2.83424E+2	9.99986E-5	3.09831E-2	3.09835E+2
2.75058E+2	2.83231E+2	9.99986E-5	3.09713E-2	3.09717E+2
2.74826E+2	2.83039E+2	9.99985E-5	3.09597E-2	3.09601E+2
2.74601E+2	2.82854E+2	9.99986E-5	3.09475E-2	3.09479E+2
2.74373E+2	2.82666E+2	9.99985E-5	3.09346E-2	3.09351E+2
2.74144E+2	2.82473E+2	9.99984E-5	3.09217E-2	3.09222E+2
2.73918E+2	2.82277E+2	9.99985E-5	3.09087E-2	3.09091E+2
2.73693E+2	2.82076E+2	9.99986E-5	3.08955E-2	3.08959E+2
2.73468E+2	2.81879E+2	9.99986E-5	3.08829E-2	3.08833E+2
2.73240E+2	2.81680E+2	9.99986E-5	3.08708E-2	3.08712E+2
2.73012E+2	2.81483E+2	9.99986E-5	3.08580E-2	3.08584E+2
2.72785E+2	2.81285E+2	9.99986E-5	3.08447E-2	3.08452E+2
2.72558E+2	2.81086E+2	9.99986E-5	3.08325E-2	3.08329E+2
2.72330E+2	2.80885E+2	9.99987E-5	3.08205E-2	3.08209E+2
2.72098E+2	2.80686E+2	9.99987E-5	3.08078E-2	3.08082E+2
2.71869E+2	2.80489E+2	9.99987E-5	3.07951E-2	3.07955E+2
2.71642E+2	2.80294E+2	9.99987E-5	3.07828E-2	3.07832E+2
2.71414E+2	2.80102E+2	9.99986E-5	3.07709E-2	3.07713E+2
2.71183E+2	2.79912E+2	9.99986E-5	3.07591E-2	3.07595E+2
2.70953E+2	2.79722E+2	9.99986E-5	3.07477E-2	3.07481E+2
2.70724E+2	2.79531E+2	9.99987E-5	3.07350E-2	3.07354E+2
2.70495E+2	2.79335E+2	9.99986E-5	3.07213E-2	3.07217E+2
2.70271E+2	2.79137E+2	9.99986E-5	3.07086E-2	3.07090E+2
2.70047E+2	2.78939E+2	9.99986E-5	3.06965E-2	3.06969E+2
2.69820E+2	2.78740E+2	9.99986E-5	3.06842E-2	3.06846E+2
2.69593E+2	2.78543E+2	9.99986E-5	3.06711E-2	3.06716E+2
2.69370E+2	2.78343E+2	9.99986E-5	3.06578E-2	3.06582E+2
2.69149E+2	2.78139E+2	9.99986E-5	3.06445E-2	3.06449E+2
2.68926E+2	2.77933E+2	9.99986E-5	3.06315E-2	3.06320E+2
2.68705E+2	2.77728E+2	9.99986E-5	3.06188E-2	3.06192E+2
2.68486E+2	2.77526E+2	9.99986E-5	3.06058E-2	3.06062E+2
2.68265E+2	2.77320E+2	9.99985E-5	3.05930E-2	3.05934E+2
2.68042E+2	2.77115E+2	9.99986E-5	3.05804E-2	3.05808E+2
2.67819E+2	2.76913E+2	9.99986E-5	3.05681E-2	3.05685E+2
2.67593E+2	2.76710E+2	9.99986E-5	3.05561E-2	3.05566E+2
2.67368E+2	2.76511E+2	9.99986E-5	3.05439E-2	3.05443E+2
2.67145E+2	2.76312E+2	9.99987E-5	3.05315E-2	3.05319E+2
2.66922E+2	2.76112E+2	9.99987E-5	3.05189E-2	3.05193E+2
2.66696E+2	2.75910E+2	9.99986E-5	3.05062E-2	3.05067E+2
2.66474E+2	2.75709E+2	9.99986E-5	3.04934E-2	3.04939E+2
2.66253E+2	2.75505E+2	9.99987E-5	3.04807E-2	3.04811E+2
2.66029E+2	2.75299E+2	9.99986E-5	3.04684E-2	3.04688E+2
2.65805E+2	2.75094E+2	9.99986E-5	3.04560E-2	3.04565E+2
2.65582E+2	2.74894E+2	9.99987E-5	3.04443E-2	3.04447E+2
2.65357E+2	2.74698E+2	9.99987E-5	3.04326E-2	3.04330E+2
2.65133E+2	2.74502E+2	9.99986E-5	3.04207E-2	3.04211E+2
2.64911E+2	2.74309E+2	9.99986E-5	3.04084E-2	3.04088E+2
2.64688E+2	2.74112E+2	9.99986E-5	3.03951E-2	3.03955E+2
2.64464E+2	2.73910E+2	9.99987E-5	3.03818E-2	3.03822E+2
2.64244E+2	2.73707E+2	9.99986E-5	3.03696E-2	3.03701E+2
2.64028E+2	2.73505E+2	9.99986E-5	3.03576E-2	3.03580E+2
2.63810E+2	2.73302E+2	9.99986E-5	3.03449E-2	3.03453E+2
2.63591E+2	2.73099E+2	9.99987E-5	3.03318E-2	3.03322E+2
2.63375E+2	2.72892E+2	9.99987E-5	3.03191E-2	3.03195E+2
2.63159E+2	2.72689E+2	9.99986E-5	3.03070E-2	3.03074E+2
2.62943E+2	2.72488E+2	9.99986E-5	3.02948E-2	3.02953E+2
2.62727E+2	2.72286E+2	9.99985E-5	3.02827E-2	3.02832E+2
2.62512E+2	2.72087E+2	9.99986E-5	3.02708E-2	3.02712E+2
2.62292E+2	2.71888E+2	9.99986E-5	3.02592E-2	3.02596E+2
2.62075E+2	2.71690E+2	9.99986E-5	3.02476E-2	3.02481E+2
2.61858E+2	2.71493E+2	9.99986E-5	3.02353E-2	3.02357E+2
2.61640E+2	2.71293E+2	9.99987E-5	3.02224E-2	3.02228E+2
2.61425E+2	2.71088E+2	9.99986E-5	3.02095E-2	3.02099E+2
2.61212E+2	2.70883E+2	9.99986E-5	3.01972E-2	3.01976E+2
2.60996E+2	2.70678E+2	9.99986E-5	3.01849E-2	3.01853E+2
2.60781E+2	2.70473E+2	9.99986E-5	3.01722E-2	3.01726E+2
2.60569E+2	2.70267E+2	9.99986E-5	3.01597E-2	3.01601E+2
2.60355E+2	2.70063E+2	9.99986E-5	3.01477E-2	3.01481E+2
2.60137E+2	2.69860E+2	9.99986E-5	3.01358E-2	3.01362E+2
2.59920E+2	2.69658E+2	9.99987E-5	3.01239E-2	3.01243E+2
2.59704E+2	2.69458E+2	9.99986E-5	3.01120E-2	3.01124E+2
2.59490E+2	2.69260E+2	9.99986E-5	3.00993E-2	3.00998E+2
2.59276E+2	2.69060E+2	9.99985E-5	3.00867E-2	3.00871E+2
2.59060E+2	2.68858E+2	9.99986E-5	3.00745E-2	3.00749E+2
2.58845E+2	2.68658E+2	9.99986E-5	3.00626E-2	3.00631E+2
2.58632E+2	2.68460E+2	9.99987E-5	3.00507E-2	3.00511E+2
2.58422E+2	2.68263E+2	9.99986E-5	3.00383E-2	3.00387E+2
2.58212E+2	2.68063E+2	9.99986E-5	3.00259E-2	3.00263E+2
2.58002E+2	2.67861E+2	9.99986E-5	3.00137E-2	3.00142E+2
2.57793E+2	2.67661E+2	9.99987E-5	3.00015E-2	3.00019E+2
2.57585E+2	2.67460E+2	9.99987E-5	2.99892E-2	2.99896E+2
2.57375E+2	2.67259E+2	9.99986E-5	2.99771E-2	2.99775E+2
2.57165E+2	2.67059E+2	9.99986E-5	2.99648E-2	2.99652E+2
2.56956E+2	2.66858E+2	9.99987E-5	2.99526E-2	2.99530E+2
2.56746E+2	2.66656E+2	9.99987E-5	2.99406E-2	2.99410E+2
2.56537E+2	2.66455E+2	9.99986E-5	2.99286E-2	2.99291E+2
2.56330E+2	2.66254E+2	9.99986E-5	2.99166E-2	2.99171E+2
2.56122E+2	2.66053E+2	9.99987E-5	2.99044E-2	2.99048E+2
2.55913E+2	2.65852E+2	9.99986E-5	2.98920E-2	2.98924E+2
2.55705E+2	2.65648E+2	9.99986E-5	2.98797E-2	2.98801E+2
2.55498E+2	2.65446E+2	9.99986E-5	2.98676E-2	2.98680E+2
2.55286E+2	2.65241E+2	9.99986E-5	2.98555E-2	2.98559E+2
2.55076E+2	2.65036E+2	9.99986E-5	2.98432E-2	2.98436E+2
2.54869E+2	2.64836E+2	9.99986E-5	2.98311E-2	2.98315E+2
2.54663E+2	2.64634E+2	9.99987E-5	2.98190E-2	2.98194E+2
2.54454E+2	2.64430E+2	9.99986E-5	2.98064E-2	2.98069E+2
2.54244E+2	2.64226E+2	9.99986E-5	2.97942E-2	2.97947E+2
2.54034E+2	2.64023E+2	9.99986E-5	2.97822E-2	2.97826E+2
2.53826E+2	2.63822E+2	9.99987E-5	2.97701E-2	2.97705E+2
2.53617E+2	2.63621E+2	9.99986E-5	2.97587E-2	2.97591E+2
2.53406E+2	2.63424E+2	9.99986E-5	2.97471E-2	2.97475E+2
2.53195E+2	2.63229E+2	9.99986E-5	2.97348E-2	2.97352E+2
2.52987E+2	2.63031E+2	9.99986E-5	2.97224E-2	2.97228E+2
2.52782E+2	2.62834E+2	9.99985E-5	2.97102E-2	2.97107E+2
2.52577E+2	2.62635E+2	9.99986E-5	2.96980E-2	2.96985E+2
2.52372E+2	2.62433E+2	9.99986E-5	2.96858E-2	2.96862E+2
2.52166E+2	2.62231E+2	9.99987E-5	2.96739E-2	2.96743E+2
2.51960E+2	2.62031E+2	9.99986E-5	2.96618E-2	2.96622E+2
2.51756E+2	2.61831E+2	9.99985E-5	2.96498E-2	2.96503E+2
2.51553E+2	2.61634E+2	9.99986E-5	2.96376E-2	2.96380E+2
2.51349E+2	2.61435E+2	9.99986E-5	2.96254E-2	2.96258E+2
2.51143E+2	2.61234E+2	9.99986E-5	2.96137E-2	2.96141E+2
2.50938E+2	2.61035E+2	9.99985E-5	2.96023E-2	2.96027E+2
2.50731E+2	2.60839E+2	9.99985E-5	2.95903E-2	2.95908E+2
2.50525E+2	2.60640E+2	9.99985E-5	2.95783E-2	2.95787E+2
2.50323E+2	2.60441E+2	9.99985E-5	2.95665E-2	2.95670E+2
2.50118E+2	2.60243E+2	9.99985E-5	2.95544E-2	2.95549E+2
2.49914E+2	2.60042E+2	9.99986E-5	2.95419E-2	2.95424E+2
2.49711E+2	2.59841E+2	9.99986E-5	2.95295E-2	2.95299E+2
2.49507E+2	2.59638E+2	9.99986E-5	2.95171E-2	2.95176E+2
2.49303E+2	2.59434E+2	9.99985E-5	2.95051E-2	2.95055E+2
2.49099E+2	2.59230E+2	9.99986E-5	2.94935E-2	2.94939E+2
2.48892E+2	2.59028E+2	9.99986E-5	2.94819E-2	2.94823E+2
2.48686E+2	2.58829E+2	9.99986E-5	2.94698E-2	2.94703E+2
2.48483E+2	2.58630E+2	9.99986E-5	2.94573E-2	2.94578E+2
2.48279E+2	2.58429E+2	9.99986E-5	2.94451E-2	2.94455E+2
2.48074E+2	2.58230E+2	9.99986E-5	2.94333E-2	2.94337E+2
2.47871E+2	2.58034E+2	9.99986E-5	2.94213E-2	2.94217E+2
2.47665E+2	2.57837E+2	9.99986E-5	2.94092E-2	2.94096E+2
2.47460E+2	2.57639E+2	9.99986E-5	2.93976E-2	2.93980E+2
2.47258E+2	2.57440E+2	9.99985E-5	2.93856E-2	2.93861E+2
2.47057E+2	2.57242E+2	9.99986E-5	2.93733E-2	2.93737E+2
2.46859E+2	2.57045E+2	9.99987E-5	2.93613E-2	2.93617E+2
2.46660E+2	2.56848E+2	9.99986E-5	2.93491E-2	2.93495E+2
2.46459E+2	2.56648E+2	9.99985E-5	2.93370E-2	2.93375E+2
2.46256E+2	2.56445E+2	9.99986E-5	2.93250E-2	2.93254E+2
2.46056E+2	2.56246E+2	9.99986E-5	2.93129E-2	2.93133E+2
2.45857E+2	2.56050E+2	9.99985E-5	2.93010E-2	2.93015E+2
2.45656E+2	2.55849E+2	9.99985E-5	2.92889E-2	2.92894E+2
2.45455E+2	2.55648E+2	9.99984E-5	2.92771E-2	2.92776E+2
2.45252E+2	2.55448E+2	9.99985E-5	2.92655E-2	2.92659E+2
2.45048E+2	2.55251E+2	9.99985E-5	2.92542E-2	2.92546E+2
2.44847E+2	2.55058E+2	9.99985E-5	2.92430E-2	2.92435E+2
2.44645E+2	2.54866E+2	9.99985E-5	2.92303E-2	2.92308E+2
2.44443E+2	2.54666E+2	9.99985E-5	2.92168E-2	2.92172E+2
2.44242E+2	2.54460E+2	9.99985E-5	2.92045E-2	2.92049E+2
2.44044E+2	2.54254E+2	9.99986E-5	2.91930E-2	2.91935E+2
2.43845E+2	2.54053E+2	9.99986E-5	2.91816E-2	2.91820E+2
2.43640E+2	2.53853E+2	9.99986E-5	2.91700E-2	2.91704E+2
2.43437E+2	2.53653E+2	9.99986E-5	2.91581E-2	2.91585E+2
2.43235E+2	2.53452E+2	9.99987E-5	2.91463E-2	2.91467E+2
2.43032E+2	2.53252E+2	9.99986E-5	2.91342E-2	2.91346E+2
2.42829E+2	2.53054E+2	9.99986E-5	2.91219E-2	2.91223E+2
2.42627E+2	2.52857E+2	9.99986E-5	2.91100E-2	2.91104E+2
2.42428E+2	2.52662E+2	9.99986E-5	2.90978E-2	2.90982E+2
2.42225E+2	2.52463E+2	9.99985E-5	2.90860E-2	2.90864E+2
2.42022E+2	2.52265E+2	9.99984E-5	2.90737E-2	2.90742E+2
2.41823E+2	2.52067E+2	9.99985E-5	2.90618E-2	2.90622E+2
2.41626E+2	2.51868E+2	9.99986E-5	2.90508E-2	2.90513E+2
2.41425E+2	2.51673E+2	9.99985E-5	2.90393E-2	2.90397E+2
2.41225E+2	2.51482E+2	9.99986E-5	2.90270E-2	2.90274E+2
2.41026E+2	2.51285E+2	9.99986E-5	2.90145E-2	2.90149E+2
2.40828E+2	2.51086E+2	9.99985E-5	2.90022E-2	2.90027E+2
2.40633E+2	2.50887E+2	9.99985E-5	2.89902E-2	2.89906E+2
2.40437E+2	2.50689E+2	9.99986E-5	2.89782E-2	2.89786E+2
2.40238E+2	2.50489E+2	9.99985E-5	2.89663E-2	2.89668E+2
2.40038E+2	2.50289E+2	9.99986E-5	2.89541E-2	2.89545E+2
2.39839E+2	2.50091E+2	9.99986E-5	2.89418E-2	2.89422E+2
2.39641E+2	2.49893E+2	9.99986E-5	2.89300E-2	2.89304E+2
2.39440E+2	2.49694E+2	9.99985E-5	2.89183E-2	2.89188E+2
2.39240E+2	2.49497E+2	9.99985E-5	2.89069E-2	2.89074E+2
2.39041E+2	2.49300E+2	9.99986E-5	2.88943E-2	2.88947E+2
2.38839E+2	2.49097E+2	9.99986E-5	2.88810E-2	2.88814E+2
2.38639E+2	2.48890E+2	9.99985E-5	2.88690E-2	2.88694E+2
2.38439E+2	2.48687E+2	9.99985E-5	2.88573E-2	2.88578E+2
2.38240E+2	2.48488E+2	9.99985E-5	2.88458E-2	2.88463E+2
2.38037E+2	2.48291E+2	9.99986E-5	2.88347E-2	2.88351E+2
2.37835E+2	2.48095E+2	9.99986E-5	2.88231E-2	2.88235E+2
2.37634E+2	2.47898E+2	9.99986E-5	2.88110E-2	2.88114E+2
2.37430E+2	2.47699E+2	9.99986E-5	2.87992E-2	2.87996E+2
2.37229E+2	2.47504E+2	9.99987E-5	2.87879E-2	2.87883E+2
2.37031E+2	2.47311E+2	9.99986E-5	2.87754E-2	2.87758E+2
2.36834E+2	2.47115E+2	9.99986E-5	2.87623E-2	2.87627E+2
2.36635E+2	2.46912E+2	9.99986E-5	2.87499E-2	2.87503E+2
2.36438E+2	2.46709E+2	9.99986E-5	2.87378E-2	2.87382E+2
2.36243E+2	2.46509E+2	9.99985E-5	2.87261E-2	2.87265E+2
2.36045E+2	2.46312E+2	9.99986E-5	2.87147E-2	2.87151E+2
2.35846E+2	2.46119E+2	9.99986E-5	2.87033E-2	2.87038E+2
2.35650E+2	2.45927E+2	9.99985E-5	2.86909E-2	2.86914E+2
2.35453E+2	2.45731E+2	9.99986E-5	2.86777E-2	2.86781E+2
2.35255E+2	2.45528E+2	9.99986E-5	2.86654E-2	2.86658E+2
2.35057E+2	2.45325E+2	9.99986E-5	2.86541E-2	2.86545E+2
2.34858E+2	2.45125E+2	9.99986E-5	2.86429E-2	2.86433E+2
2.34659E+2	2.44932E+2	9.99986E-5	2.86318E-2	2.86322E+2
2.34459E+2	2.44741E+2	9.99986E-5	2.86199E-2	2.86203E+2
2.34256E+2	2.44545E+2	9.99986E-5	2.86076E-2	2.86080E+2
2.34057E+2	2.44347E+2	9.99986E-5	2.85953E-2	2.85957E+2
2.33858E+2	2.44147E+2	9.99986E-5	2.85832E-2	2.85836E+2
2.33660E+2	2.43948E+2	9.99986E-5	2.85715E-2	2.85719E+2
2.33462E+2	2.43750E+2	9.99985E-5	2.85599E-2	2.85604E+2
2.33262E+2	2.43553E+2	9.99985E-5	2.85483E-2	2.85487E+2
2.33063E+2	2.43355E+2	9.99986E-5	2.85355E-2	2.85359E+2
2.32864E+2	2.43152E+2	9.99986E-5	2.85226E-2	2.85230E+2
2.32663E+2	2.42948E+2	9.99986E-5	2.85114E-2	2.85118E+2
2.32464E+2	2.42749E+2	9.99986E-5	2.85004E-2	2.85008E+2
2.32264E+2	2.42555E+2	9.99986E-5	2.84892E-2	2.84896E+2
2.32063E+2	2.42361E+2	9.99986E-5	2.84772E-2	2.84776E+2
2.31864E+2	2.42162E+2	9.99985E-5	2.84641E-2	2.84645E+2
2.31671E+2	2.41962E+2	9.99986E-5	2.84513E-2	2.84517E+2
2.31478E+2	2.41759E+2	9.99987E-5	2.84389E-2	2.84393E+2
2.31282E+2	2.41559E+2	9.99986E-5	2.84270E-2	2.84274E+2
2.31086E+2	2.41361E+2	9.99986E-5	2.84153E-2	2.84157E+2
2.30890E+2	2.41164E+2	9.99986E-5	2.84043E-2	2.84047E+2
2.30692E+2	2.40971E+2	9.99986E-5	2.83921E-2	2.83925E+2
2.30494E+2	2.40775E+2	9.99985E-5	2.83789E-2	2.83793E+2
2.30300E+2	2.40577E+2	9.99985E-5	2.83664E-2	2.83668E+2
2.30105E+2	2.40377E+2	9.99986E-5	2.83551E-2	2.83555E+2
2.29907E+2	2.40179E+2	9.99986E-5	2.83443E-2	2.83447E+2
2.29708E+2	2.39986E+2	9.99986E-5	2.83326E-2	2.83330E+2
2.29507E+2	2.39792E+2	9.99987E-5	2.83191E-2	2.83195E+2
2.29309E+2	2.39592E+2	9.99987E-5	2.83059E-2	2.83062E+2
2.29113E+2	2.39389E+2	9.99986E-5	2.82947E-2	2.82951E+2
2.28915E+2	2.39192E+2	9.99986E-5	2.82840E-2	2.82844E+2
2.28713E+2	2.39000E+2	9.99985E-5	2.82712E-2	2.82716E+2
2.28514E+2	2.38802E+2	9.99985E-5	2.82578E-2	2.82582E+2
2.28316E+2	2.38599E+2	9.99985E-5	2.82459E-2	2.82463E+2
2.28118E+2	2.38396E+2	9.99985E-5	2.82345E-2	2.82349E+2
2.27918E+2	2.38200E+2	9.99985E-5	2.82230E-2	2.82234E+2
2.27717E+2	2.38004E+2	9.99986E-5	2.82100E-2	2.82104E+2
2.27517E+2	2.37804E+2	9.99986E-5	2.81968E-2	2.81972E+2
2.27321E+2	2.37601E+2	9.99986E-5	2.81857E-2	2.81861E+2
2.27121E+2	2.37400E+2	9.99986E-5	2.81746E-2	2.81750E+2
2.26922E+2	2.37205E+2	9.99987E-5	2.81631E-2	2.81634E+2
2.26726E+2	2.37012E+2	9.99987E-5	2.81511E-2	2.81515E+2
2.26527E+2	2.36811E+2	9.99985E-5	2.81383E-2	2.81387E+2
2.26330E+2	2.36609E+2	9.99986E-5	2.81263E-2	2.81267E+2
2.26135E+2	2.36410E+2	9.99985E-5	2.81153E-2	2.81157E+2
2.25938E+2	2.36219E+2	9.99985E-5	2.81036E-2	2.81040E+2
2.25742E+2	2.36030E+2	9.99985E-5	2.80904E-2	2.80909E+2
2.25547E+2	2.35832E+2	9.99986E-5	2.80783E-2	2.80787E+2
2.25350E+2	2.35632E+2	9.99986E-5	2.80676E-2	2.80680E+2
2.25152E+2	2.35437E+2	9.99987E-5	2.80548E-2	2.80552E+2
2.24956E+2	2.35239E+2	9.99985E-5	2.80410E-2	2.80414E+2
2.24760E+2	2.35037E+2	9.99985E-5	2.80298E-2	2.80302E+2
2.24564E+2	2.34841E+2	9.99986E-5	2.80193E-2	2.80197E+2
2.24366E+2	2.34651E+2	9.99986E-5	2.80075E-2	2.80079E+2
2.24168E+2	2.34459E+2	9.99986E-5	2.79947E-2	2.79951E+2
2.23972E+2	2.34261E+2	9.99986E-5	2.79821E-2	2.79825E+2
2.23774E+2	2.34062E+2	9.99986E-5	2.79712E-2	2.79716E+2
2.23576E+2	2.33867E+2	9.99986E-5	2.79604E-2	2.79608E+2
2.23377E+2	2.33674E+2	9.99986E-5	2.79463E-2	2.79467E+2
2.23181E+2	2.33472E+2	9.99986E-5	2.79328E-2	2.79332E+2
2.22982E+2	2.33266E+2	9.99986E-5	2.79224E-2	2.79228E+2
2.22782E+2	2.33069E+2	9.99986E-5	2.79110E-2	2.79113E+2
2.22586E+2	2.32875E+2	9.99986E-5	2.78973E-2	2.78977E+2
2.22389E+2	2.32674E+2	9.99985E-5	2.78846E-2	2.78850E+2
2.22189E+2	2.32470E+2	9.99986E-5	2.78743E-2	2.78747E+2
2.21990E+2	2.32274E+2	9.99987E-5	2.78620E-2	2.78624E+2
2.21794E+2	2.32076E+2	9.99986E-5	2.78477E-2	2.78481E+2
2.21601E+2	2.31872E+2	9.99985E-5	2.78358E-2	2.78362E+2
2.21406E+2	2.31670E+2	9.99986E-5	2.78255E-2	2.78258E+2
2.21208E+2	2.31474E+2	9.99986E-5	2.78136E-2	2.78140E+2
2.21013E+2	2.31280E+2	9.99986E-5	2.78000E-2	2.78004E+2
2.20819E+2	2.31081E+2	9.99986E-5	2.77879E-2	2.77883E+2
2.20622E+2	2.30884E+2	9.99986E-5	2.77772E-2	2.77776E+2
2.20426E+2	2.30694E+2	9.99987E-5	2.77658E-2	2.77662E+2
2.20229E+2	2.30502E+2	9.99986E-5	2.77526E-2	2.77530E+2
2.20030E+2	2.30302E+2	9.99986E-5	2.77398E-2	2.77402E+2
2.19833E+2	2.30103E+2	9.99986E-5	2.77289E-2	2.77293E+2
2.19638E+2	2.29911E+2	9.99986E-5	2.77177E-2	2.77180E+2
2.19440E+2	2.29716E+2	9.99987E-5	2.77044E-2	2.77048E+2
2.19244E+2	2.29518E+2	9.99986E-5	2.76915E-2	2.76918E+2
2.19048E+2	2.29320E+2	9.99986E-5	2.76805E-2	2.76808E+2
2.18852E+2	2.29127E+2	9.99986E-5	2.76690E-2	2.76694E+2
2.18656E+2	2.28933E+2	9.99985E-5	2.76562E-2	2.76566E+2
2.18458E+2	2.28732E+2	9.99985E-5	2.76437E-2	2.76441E+2
2.18259E+2	2.28532E+2	9.99985E-5	2.76318E-2	2.76322E+2
2.18063E+2	2.28334E+2	9.99985E-5	2.76188E-2	2.76193E+2
2.17868E+2	2.28136E+2	9.99986E-5	2.76065E-2	2.76069E+2
2.17670E+2	2.27935E+2	9.99986E-5	2.75956E-2	2.75959E+2
2.17471E+2	2.27738E+2	9.99986E-5	2.75837E-2	2.75841E+2
2.17272E+2	2.27542E+2	9.99986E-5	2.75716E-2	2.75720E+2
2.17073E+2	2.27346E+2	9.99986E-5	2.75609E-2	2.75613E+2
2.16875E+2	2.27151E+2	9.99985E-5	2.75495E-2	2.75499E+2
2.16680E+2	2.26956E+2	9.99985E-5	2.75357E-2	2.75361E+2
2.16489E+2	2.26757E+2	9.99985E-5	2.75229E-2	2.75233E+2
2.16296E+2	2.26555E+2	9.99986E-5	2.75122E-2	2.75126E+2
2.16101E+2	2.26358E+2	9.99986E-5	2.74998E-2	2.75002E+2
2.15906E+2	2.26164E+2	9.99986E-5	2.74868E-2	2.74872E+2
2.15713E+2	2.25968E+2	9.99986E-5	2.74761E-2	2.74765E+2
2.15517E+2	2.25774E+2	9.99985E-5	2.74647E-2	2.74651E+2
2.15322E+2	2.25582E+2	9.99985E-5	2.74509E-2	2.74513E+2
2.15130E+2	2.25385E+2	9.99985E-5	2.74385E-2	2.74389E+2
2.14936E+2	2.25187E+2	9.99985E-5	2.74279E-2	2.74283E+2
2.14738E+2	2.24992E+2	9.99987E-5	2.74155E-2	2.74159E+2
2.14543E+2	2.24798E+2	9.99987E-5	2.74019E-2	2.74022E+2
2.14350E+2	2.24600E+2	9.99987E-5	2.73902E-2	2.73906E+2
2.14154E+2	2.24401E+2	9.99986E-5	2.73795E-2	2.73799E+2
2.13956E+2	2.24208E+2	9.99986E-5	2.73676E-2	2.73680E+2
2.13760E+2	2.24013E+2	9.99985E-5	2.73542E-2	2.73546E+2
2.13566E+2	2.23813E+2	9.99985E-5	2.73423E-2	2.73428E+2
2.13370E+2	2.23617E+2	9.99985E-5	2.73326E-2	2.73330E+2
2.13172E+2	2.23426E+2	9.99986E-5	2.73206E-2	2.73210E+2
2.12979E+2	2.23233E+2	9.99985E-5	2.73060E-2	2.73064E+2
2.12786E+2	2.23034E+2	9.99986E-5	2.72935E-2	2.72938E+2
2.12587E+2	2.22831E+2	9.99986E-5	2.72830E-2	2.72834E+2
2.12391E+2	2.22636E+2	9.99985E-5	2.72715E-2	2.72719E+2
2.12195E+2	2.22444E+2	9.99986E-5	2.72576E-2	2.72580E+2
2.12000E+2	2.22243E+2	9.99986E-5	2.72454E-2	2.72458E+2
2.11807E+2	2.22042E+2	9.99986E-5	2.72347E-2	2.72351E+2
2.11615E+2	2.21844E+2	9.99985E-5	2.72210E-2	2.72214E+2
2.11423E+2	2.21645E+2	9.99986E-5	2.72079E-2	2.72083E+2
2.11230E+2	2.21445E+2	9.99985E-5	2.71979E-2	2.71983E+2
2.11037E+2	2.21253E+2	9.99985E-5	2.71860E-2	2.71864E+2
2.10842E+2	2.21060E+2	9.99986E-5	2.71731E-2	2.71734E+2
2.10648E+2	2.20865E+2	9.99986E-5	2.71619E-2	2.71623E+2
2.10457E+2	2.20673E+2	9.99986E-5	2.71501E-2	2.71505E+2
2.10263E+2	2.20480E+2	9.99985E-5	2.71366E-2	2.71370E+2
2.10069E+2	2.20285E+2	9.99985E-5	2.71246E-2	2.71250E+2
2.09874E+2	2.20089E+2	9.99986E-5	2.71143E-2	2.71147E+2
2.09679E+2	2.19898E+2	9.99986E-5	2.71023E-2	2.71027E+2
2.09486E+2	2.19708E+2	9.99985E-5	2.70888E-2	2.70892E+2
2.09291E+2	2.19511E+2	9.99986E-5	2.70769E-2	2.70773E+2
2.09095E+2	2.19314E+2	9.99986E-5	2.70665E-2	2.70669E+2
2.08900E+2	2.19123E+2	9.99986E-5	2.70541E-2	2.70544E+2
2.08705E+2	2.18928E+2	9.99987E-5	2.70402E-2	2.70405E+2
2.08510E+2	2.18729E+2	9.99986E-5	2.70288E-2	2.70292E+2
2.08315E+2	2.18534E+2	9.99986E-5	2.70185E-2	2.70188E+2
2.08122E+2	2.18343E+2	9.99986E-5	2.70061E-2	2.70065E+2
2.07927E+2	2.18148E+2	9.99986E-5	2.69909E-2	2.69913E+2
2.07733E+2	2.17947E+2	9.99986E-5	2.69780E-2	2.69783E+2
2.07536E+2	2.17745E+2	9.99987E-5	2.69676E-2	2.69679E+2
2.07341E+2	2.17550E+2	9.99986E-5	2.69553E-2	2.69557E+2
2.07145E+2	2.17353E+2	9.99985E-5	2.69417E-2	2.69420E+2
2.06949E+2	2.17152E+2	9.99985E-5	2.69308E-2	2.69312E+2
2.06756E+2	2.16955E+2	9.99985E-5	2.69194E-2	2.69198E+2
2.06562E+2	2.16759E+2	9.99985E-5	2.69057E-2	2.69061E+2
2.06371E+2	2.16561E+2	9.99985E-5	2.68944E-2	2.68948E+2
2.06181E+2	2.16367E+2	9.99986E-5	2.68827E-2	2.68831E+2
2.05988E+2	2.16175E+2	9.99987E-5	2.68694E-2	2.68698E+2
2.05793E+2	2.15980E+2	9.99986E-5	2.68573E-2	2.68577E+2
2.05602E+2	2.15786E+2	9.99986E-5	2.68452E-2	2.68456E+2
2.05410E+2	2.15592E+2	9.99986E-5	2.68323E-2	2.68326E+2
2.05218E+2	2.15397E+2	9.99986E-5	2.68212E-2	2.68216E+2
2.05024E+2	2.15201E+2	9.99986E-5	2.68094E-2	2.68098E+2
2.04830E+2	2.15008E+2	9.99986E-5	2.67963E-2	2.67967E+2
2.04639E+2	2.14816E+2	9.99986E-5	2.67860E-2	2.67863E+2
2.04443E+2	2.14623E+2	9.99987E-5	2.67749E-2	2.67753E+2
2.04247E+2	2.14432E+2	9.99987E-5	2.67620E-2	2.67623E+2
2.04056E+2	2.14240E+2	9.99987E-5	2.67514E-2	2.67517E+2
2.03861E+2	2.14049E+2	9.99987E-5	2.67399E-2	2.67402E+2
2.03667E+2	2.13858E+2	9.99986E-5	2.67247E-2	2.67251E+2
2.03475E+2	2.13661E+2	9.99986E-5	2.67120E-2	2.67124E+2
2.03280E+2	2.13462E+2	9.99986E-5	2.67014E-2	2.67018E+2
2.03087E+2	2.13268E+2	9.99986E-5	2.66885E-2	2.66889E+2
2.02896E+2	2.13072E+2	9.99985E-5	2.66756E-2	2.66760E+2
2.02702E+2	2.12874E+2	9.99985E-5	2.66642E-2	2.66646E+2
2.02506E+2	2.12676E+2	9.99986E-5	2.66516E-2	2.66519E+2
2.02311E+2	2.12479E+2	9.99985E-5	2.66393E-2	2.66397E+2
2.02118E+2	2.12285E+2	9.99985E-5	2.66288E-2	2.66292E+2
2.01924E+2	2.12091E+2	9.99986E-5	2.66167E-2	2.66171E+2
2.01734E+2	2.11895E+2	9.99986E-5	2.66035E-2	2.66039E+2
2.01543E+2	2.11698E+2	9.99986E-5	2.65921E-2	2.65925E+2
2.01353E+2	2.11504E+2	9.99986E-5	2.65798E-2	2.65802E+2
2.01163E+2	2.11312E+2	9.99986E-5	2.65645E-2	2.65649E+2
2.00971E+2	2.11114E+2	9.99986E-5	2.65527E-2	2.65531E+2
2.00778E+2	2.10919E+2	9.99987E-5	2.65422E-2	2.65425E+2
2.00588E+2	2.10729E+2	9.99986E-5	2.65291E-2	2.65295E+2
2.00397E+2	2.10535E+2	9.99985E-5	2.65174E-2	2.65178E+2
2.00204E+2	2.10341E+2	9.99985E-5	2.65075E-2	2.65079E+2
2.00012E+2	2.10151E+2	9.99985E-5	2.64945E-2	2.64949E+2
1.99819E+2	2.09958E+2	9.99986E-5	2.64810E-2	2.64813E+2
1.99628E+2	2.09765E+2	9.99985E-5	2.64700E-2	2.64704E+2
1.99437E+2	2.09573E+2	9.99986E-5	2.64569E-2	2.64573E+2
1.99243E+2	2.09377E+2	9.99986E-5	2.64439E-2	2.64443E+2
1.99050E+2	2.09182E+2	9.99985E-5	2.64342E-2	2.64346E+2
1.98858E+2	2.08991E+2	9.99986E-5	2.64221E-2	2.64225E+2
1.98667E+2	2.08800E+2	9.99986E-5	2.64085E-2	2.64088E+2
1.98475E+2	2.08605E+2	9.99986E-5	2.63977E-2	2.63980E+2
1.98282E+2	2.08410E+2	9.99986E-5	2.63851E-2	2.63854E+2
1.98088E+2	2.08216E+2	9.99985E-5	2.63720E-2	2.63724E+2
1.97897E+2	2.08023E+2	9.99985E-5	2.63617E-2	2.63621E+2
1.97705E+2	2.07830E+2	9.99985E-5	2.63490E-2	2.63494E+2
1.97511E+2	2.07634E+2	9.99985E-5	2.63373E-2	2.63377E+2
1.97319E+2	2.07442E+2	9.99985E-5	2.63265E-2	2.63269E+2
1.97127E+2	2.07250E+2	9.99985E-5	2.63124E-2	2.63128E+2
1.96936E+2	2.07053E+2	9.99986E-5	2.63010E-2	2.63013E+2
1.96749E+2	2.06859E+2	9.99986E-5	2.62885E-2	2.62889E+2
1.96560E+2	2.06662E+2	9.99986E-5	2.62754E-2	2.62757E+2
1.96372E+2	2.06469E+2	9.99986E-5	2.62661E-2	2.62665E+2
1.96185E+2	2.06281E+2	9.99984E-5	2.62528E-2	2.62532E+2
1.95996E+2	2.06091E+2	9.99985E-5	2.62386E-2	2.62390E+2
1.95807E+2	2.05898E+2	9.99986E-5	2.62283E-2	2.62287E+2
1.95622E+2	2.05709E+2	9.99986E-5	2.62161E-2	2.62165E+2
1.95434E+2	2.05519E+2	9.99984E-5	2.62027E-2	2.62031E+2
1.95244E+2	2.05325E+2	9.99985E-5	2.61921E-2	2.61925E+2
1.95055E+2	2.05133E+2	9.99985E-5	2.61792E-2	2.61796E+2
1.94866E+2	2.04941E+2	9.99985E-5	2.61653E-2	2.61657E+2
1.94678E+2	2.04748E+2	9.99985E-5	2.61552E-2	2.61556E+2
1.94488E+2	2.04556E+2	9.99985E-5	2.61432E-2	2.61436E+2
1.94299E+2	2.04364E+2	9.99985E-5	2.61309E-2	2.61313E+2
1.94110E+2	2.04171E+2	9.99985E-5	2.61188E-2	2.61192E+2
1.93921E+2	2.03981E+2	9.99986E-5	2.61056E-2	2.61060E+2
1.93731E+2	2.03789E+2	9.99986E-5	2.60949E-2	2.60952E+2
1.93540E+2	2.03595E+2	9.99986E-5	2.60822E-2	2.60826E+2
1.93352E+2	2.03403E+2	9.99986E-5	2.60689E-2	2.60692E+2
1.93164E+2	2.03212E+2	9.99986E-5	2.60582E-2	2.60585E+2
1.92975E+2	2.03020E+2	9.99986E-5	2.60459E-2	2.60463E+2
1.92785E+2	2.02827E+2	9.99985E-5	2.60351E-2	2.60355E+2
1.92595E+2	2.02636E+2	9.99985E-5	2.60243E-2	2.60247E+2
1.92405E+2	2.02445E+2	9.99985E-5	2.60095E-2	2.60099E+2
1.92213E+2	2.02249E+2	9.99986E-5	2.59980E-2	2.59984E+2
1.92027E+2	2.02059E+2	9.99986E-5	2.59869E-2	2.59873E+2
1.91841E+2	2.01869E+2	9.99986E-5	2.59740E-2	2.59743E+2
1.91653E+2	2.01674E+2	9.99986E-5	2.59632E-2	2.59636E+2
1.91469E+2	2.01485E+2	9.99985E-5	2.59502E-2	2.59505E+2
1.91285E+2	2.01297E+2	9.99986E-5	2.59366E-2	2.59370E+2
1.91099E+2	2.01106E+2	9.99985E-5	2.59274E-2	2.59278E+2
1.90915E+2	2.00920E+2	9.99985E-5	2.59159E-2	2.59163E+2
1.90730E+2	2.00733E+2	9.99985E-5	2.59030E-2	2.59034E+2
1.90547E+2	2.00546E+2	9.99985E-5	2.58925E-2	2.58929E+2
1.90362E+2	2.00360E+2	9.99984E-5	2.58807E-2	2.58811E+2
1.90176E+2	2.00173E+2	9.99985E-5	2.58666E-2	2.58670E+2
1.89990E+2	1.99983E+2	9.99986E-5	2.58537E-2	2.58540E+2
1.89804E+2	1.99792E+2	9.99985E-5	2.58432E-2	2.58435E+2
1.89620E+2	1.99605E+2	9.99986E-5	2.58316E-2	2.58319E+2
1.89436E+2	1.99417E+2	9.99986E-5	2.58193E-2	2.58197E+2
1.89251E+2	1.99227E+2	9.99986E-5	2.58090E-2	2.58093E+2
1.89065E+2	1.99040E+2	9.99986E-5	2.57955E-2	2.57959E+2
1.88879E+2	1.98849E+2	9.99986E-5	2.57818E-2	2.57822E+2
1.88695E+2	1.98660E+2	9.99986E-5	2.57730E-2	2.57734E+2
1.88512E+2	1.98475E+2	9.99986E-5	2.57608E-2	2.57612E+2
1.88326E+2	1.98286E+2	9.99987E-5	2.57461E-2	2.57464E+2
1.88141E+2	1.98093E+2	9.99986E-5	2.57358E-2	2.57362E+2
1.87953E+2	1.97903E+2	9.99987E-5	2.57240E-2	2.57243E+2
1.87767E+2	1.97715E+2	9.99986E-5	2.57110E-2	2.57113E+2
1.87582E+2	1.97524E+2	9.99986E-5	2.57003E-2	2.57006E+2
1.87397E+2	1.97336E+2	9.99986E-5	2.56881E-2	2.56885E+2
1.87212E+2	1.97149E+2	9.99986E-5	2.56754E-2	2.56758E+2
1.87027E+2	1.96959E+2	9.99986E-5	2.56653E-2	2.56656E+2
1.86844E+2	1.96770E+2	9.99985E-5	2.56522E-2	2.56526E+2
1.86662E+2	1.96579E+2	9.99986E-5	2.56376E-2	2.56380E+2
1.86481E+2	1.96388E+2	9.99987E-5	2.56268E-2	2.56272E+2
1.86298E+2	1.96201E+2	9.99986E-5	2.56145E-2	2.56149E+2
1.86115E+2	1.96016E+2	9.99985E-5	2.56017E-2	2.56020E+2
1.85933E+2	1.95829E+2	9.99986E-5	2.55918E-2	2.55922E+2
1.85753E+2	1.95645E+2	9.99986E-5	2.55818E-2	2.55821E+2
1.85573E+2	1.95464E+2	9.99986E-5	2.55680E-2	2.55684E+2
1.85391E+2	1.95279E+2	9.99986E-5	2.55552E-2	2.55555E+2
1.85208E+2	1.95091E+2	9.99986E-5	2.55445E-2	2.55449E+2
1.85025E+2	1.94904E+2	9.99987E-5	2.55321E-2	2.55324E+2
1.84845E+2	1.94720E+2	9.99986E-5	2.55217E-2	2.55220E+2
1.84665E+2	1.94537E+2	9.99986E-5	2.55109E-2	2.55112E+2
1.84483E+2	1.94353E+2	9.99986E-5	2.54973E-2	2.54976E+2
1.84302E+2	1.94166E+2	9.99986E-5	2.54856E-2	2.54859E+2
1.84122E+2	1.93981E+2	9.99986E-5	2.54738E-2	2.54742E+2
1.83939E+2	1.93795E+2	9.99986E-5	2.54608E-2	2.54611E+2
1.83754E+2	1.93604E+2	9.99986E-5	2.54494E-2	2.54498E+2
1.83575E+2	1.93419E+2	9.99986E-5	2.54395E-2	2.54399E+2
1.83394E+2	1.93236E+2	9.99987E-5	2.54266E-2	2.54270E+2
1.83211E+2	1.93049E+2	9.99987E-5	2.54139E-2	2.54142E+2
1.83029E+2	1.92861E+2	9.99987E-5	2.54029E-2	2.54033E+2
1.82847E+2	1.92675E+2	9.99986E-5	2.53902E-2	2.53906E+2
1.82664E+2	1.92486E+2	9.99986E-5	2.53796E-2	2.53799E+2
1.82483E+2	1.92300E+2	9.99986E-5	2.53704E-2	2.53707E+2
1.82304E+2	1.92121E+2	9.99986E-5	2.53571E-2	2.53574E+2
1.82124E+2	1.91936E+2	9.99986E-5	2.53433E-2	2.53436E+2
1.81943E+2	1.91745E+2	9.99986E-5	2.53323E-2	2.53327E+2
1.81765E+2	1.91558E+2	9.99986E-5	2.53204E-2	2.53207E+2
1.81586E+2	1.91373E+2	9.99986E-5	2.53086E-2	2.53090E+2
1.81410E+2	1.91191E+2	9.99986E-5	2.52992E-2	2.52995E+2
1.81234E+2	1.91012E+2	9.99986E-5	2.52871E-2	2.52874E+2
1.81055E+2	1.90830E+2	9.99986E-5	2.52732E-2	2.52735E+2
1.80879E+2	1.90649E+2	9.99987E-5	2.52618E-2	2.52621E+2
1.80703E+2	1.90467E+2	9.99987E-5	2.52511E-2	2.52514E+2
1.80524E+2	1.90286E+2	9.99986E-5	2.52385E-2	2.52388E+2
1.80345E+2	1.90102E+2	9.99986E-5	2.52263E-2	2.52267E+2
1.80168E+2	1.89920E+2	9.99987E-5	2.52165E-2	2.52168E+2
1.79992E+2	1.89740E+2	9.99986E-5	2.52040E-2	2.52044E+2
1.79815E+2	1.89559E+2	9.99985E-5	2.51905E-2	2.51908E+2
1.79638E+2	1.89374E+2	9.99986E-5	2.51804E-2	2.51808E+2
1.79460E+2	1.89192E+2	9.99986E-5	2.51686E-2	2.51690E+2
1.79283E+2	1.89011E+2	9.99986E-5	2.51547E-2	2.51551E+2
1.79108E+2	1.88826E+2	9.99987E-5	2.51442E-2	2.51445E+2
1.78930E+2	1.88641E+2	9.99986E-5	2.51331E-2	2.51334E+2
1.78751E+2	1.88458E+2	9.99986E-5	2.51198E-2	2.51202E+2
1.78572E+2	1.88271E+2	9.99986E-5	2.51079E-2	2.51082E+2
1.78395E+2	1.88087E+2	9.99985E-5	2.50968E-2	2.50971E+2
1.78217E+2	1.87905E+2	9.99986E-5	2.50844E-2	2.50847E+2
1.78037E+2	1.87719E+2	9.99985E-5	2.50731E-2	2.50734E+2
1.77859E+2	1.87537E+2	9.99986E-5	2.50631E-2	2.50635E+2
1.77682E+2	1.87358E+2	9.99987E-5	2.50510E-2	2.50514E+2
1.77505E+2	1.87177E+2	9.99986E-5	2.50388E-2	2.50391E+2
1.77325E+2	1.86993E+2	9.99985E-5	2.50283E-2	2.50287E+2
1.77147E+2	1.86811E+2	9.99986E-5	2.50157E-2	2.50161E+2
1.76971E+2	1.86629E+2	9.99985E-5	2.50014E-2	2.50018E+2
1.76795E+2	1.86444E+2	9.99985E-5	2.49907E-2	2.49911E+2
1.76622E+2	1.86267E+2	9.99986E-5	2.49801E-2	2.49804E+2
1.76448E+2	1.86089E+2	9.99986E-5	2.49675E-2	2.49678E+2
1.76273E+2	1.85908E+2	9.99986E-5	2.49575E-2	2.49579E+2
1.76102E+2	1.85734E+2	9.99987E-5	2.49453E-2	2.49456E+2
1.75930E+2	1.85557E+2	9.99986E-5	2.49310E-2	2.49314E+2
1.75755E+2	1.85375E+2	9.99985E-5	2.49221E-2	2.49224E+2
1.75580E+2	1.85195E+2	9.99985E-5	2.49114E-2	2.49117E+2
1.75407E+2	1.85018E+2	9.99987E-5	2.48984E-2	2.48987E+2
1.75234E+2	1.84839E+2	9.99987E-5	2.48875E-2	2.48878E+2
1.75061E+2	1.84660E+2	9.99987E-5	2.48760E-2	2.48764E+2
1.74888E+2	1.84482E+2	9.99987E-5	2.48630E-2	2.48634E+2
1.74713E+2	1.84300E+2	9.99986E-5	2.48519E-2	2.48523E+2
1.74538E+2	1.84120E+2	9.99986E-5	2.48417E-2	2.48420E+2
1.74365E+2	1.83943E+2	9.99985E-5	2.48290E-2	2.48294E+2
1.74193E+2	1.83763E+2	9.99985E-5	2.48158E-2	2.48162E+2
1.74018E+2	1.83578E+2	9.99985E-5	2.48053E-2	2.48057E+2
1.73843E+2	1.83398E+2	9.99985E-5	2.47937E-2	2.47941E+2
1.73669E+2	1.83217E+2	9.99986E-5	2.47805E-2	2.47809E+2
1.73494E+2	1.83033E+2	9.99986E-5	2.47707E-2	2.47710E+2
1.73321E+2	1.82857E+2	9.99986E-5	2.47605E-2	2.47608E+2
1.73148E+2	1.82680E+2	9.99986E-5	2.47472E-2	2.47475E+2
1.72974E+2	1.82498E+2	9.99986E-5	2.47356E-2	2.47360E+2
1.72799E+2	1.82318E+2	9.99986E-5	2.47265E-2	2.47268E+2
1.72625E+2	1.82140E+2	9.99985E-5	2.47142E-2	2.47146E+2
1.72452E+2	1.81961E+2	9.99985E-5	2.47002E-2	2.47005E+2
1.72278E+2	1.81779E+2	9.99986E-5	2.46892E-2	2.46895E+2
1.72104E+2	1.81598E+2	9.99987E-5	2.46775E-2	2.46778E+2
1.71931E+2	1.81420E+2	9.99986E-5	2.46651E-2	2.46654E+2
1.71762E+2	1.81244E+2	9.99986E-5	2.46547E-2	2.46551E+2
1.71594E+2	1.81071E+2	9.99986E-5	2.46441E-2	2.46444E+2
1.71425E+2	1.80898E+2	9.99986E-5	2.46304E-2	2.46307E+2
1.71256E+2	1.80720E+2	9.99986E-5	2.46191E-2	2.46195E+2
1.71089E+2	1.80539E+2	9.99987E-5	2.46119E-2	2.46122E+2
1.70924E+2	1.80367E+2	9.99987E-5	2.46024E-2	2.46027E+2
1.70758E+2	1.80194E+2	9.99986E-5	2.45888E-2	2.45892E+2
1.70589E+2	1.80015E+2	9.99986E-5	2.45754E-2	2.45758E+2
1.70421E+2	1.79834E+2	9.99986E-5	2.45649E-2	2.45653E+2
1.70253E+2	1.79656E+2	9.99987E-5	2.45536E-2	2.45540E+2
1.70085E+2	1.79479E+2	9.99986E-5	2.45408E-2	2.45411E+2
1.69916E+2	1.79299E+2	9.99986E-5	2.45308E-2	2.45311E+2
1.69748E+2	1.79123E+2	9.99987E-5	2.45213E-2	2.45216E+2
1.69581E+2	1.78951E+2	9.99987E-5	2.45079E-2	2.45082E+2
1.69414E+2	1.78775E+2	9.99987E-5	2.44938E-2	2.44941E+2
1.69245E+2	1.78595E+2	9.99987E-5	2.44838E-2	2.44841E+2
1.69078E+2	1.78417E+2	9.99986E-5	2.44754E-2	2.44758E+2
1.68909E+2	1.78242E+2	9.99986E-5	2.44622E-2	2.44625E+2
1.68740E+2	1.78065E+2	9.99986E-5	2.44483E-2	2.44487E+2
1.68571E+2	1.77886E+2	9.99986E-5	2.44392E-2	2.44395E+2
1.68403E+2	1.77709E+2	9.99986E-5	2.44303E-2	2.44306E+2
1.68235E+2	1.77535E+2	9.99986E-5	2.44157E-2	2.44160E+2
1.68066E+2	1.77359E+2	9.99986E-5	2.43997E-2	2.44000E+2
1.67897E+2	1.77176E+2	9.99986E-5	2.43906E-2	2.43910E+2
1.67727E+2	1.76994E+2	9.99986E-5	2.43820E-2	2.43823E+2
1.67558E+2	1.76818E+2	9.99987E-5	2.43713E-2	2.43716E+2
1.67389E+2	1.76643E+2	9.99986E-5	2.43567E-2	2.43571E+2
1.67218E+2	1.76466E+2	9.99986E-5	2.43426E-2	2.43429E+2
1.67048E+2	1.76287E+2	9.99986E-5	2.43333E-2	2.43336E+2
1.66881E+2	1.76113E+2	9.99986E-5	2.43241E-2	2.43245E+2
1.66717E+2	1.75941E+2	9.99986E-5	2.43109E-2	2.43113E+2
1.66551E+2	1.75767E+2	9.99986E-5	2.42973E-2	2.42977E+2
1.66384E+2	1.75591E+2	9.99986E-5	2.42879E-2	2.42882E+2
1.66218E+2	1.75415E+2	9.99986E-5	2.42780E-2	2.42784E+2
1.66052E+2	1.75243E+2	9.99985E-5	2.42624E-2	2.42628E+2
1.65885E+2	1.75068E+2	9.99986E-5	2.42482E-2	2.42485E+2
1.65718E+2	1.74889E+2	9.99987E-5	2.42406E-2	2.42409E+2
1.65552E+2	1.74713E+2	9.99986E-5	2.42281E-2	2.42284E+2
1.65385E+2	1.74538E+2	9.99985E-5	2.42121E-2	2.42124E+2
1.65221E+2	1.74362E+2	9.99986E-5	2.42029E-2	2.42032E+2
1.65055E+2	1.74185E+2	9.99986E-5	2.41950E-2	2.41954E+2
1.64888E+2	1.74013E+2	9.99986E-5	2.41805E-2	2.41808E+2
1.64722E+2	1.73841E+2	9.99987E-5	2.41652E-2	2.41655E+2
1.64555E+2	1.73661E+2	9.99985E-5	2.41561E-2	2.41565E+2
1.64387E+2	1.73484E+2	9.99985E-5	2.41489E-2	2.41493E+2
1.64221E+2	1.73313E+2	9.99985E-5	2.41350E-2	2.41353E+2
1.64053E+2	1.73138E+2	9.99985E-5	2.41194E-2	2.41198E+2
1.63885E+2	1.72962E+2	9.99986E-5	2.41106E-2	2.41109E+2
1.63718E+2	1.72787E+2	9.99986E-5	2.41022E-2	2.41025E+2
1.63551E+2	1.72614E+2	9.99986E-5	2.40874E-2	2.40878E+2
1.63384E+2	1.72439E+2	9.99987E-5	2.40717E-2	2.40720E+2
1.63217E+2	1.72260E+2	9.99987E-5	2.40617E-2	2.40620E+2
1.63050E+2	1.72082E+2	9.99986E-5	2.40494E-2	2.40497E+2
1.62883E+2	1.71904E+2	9.99986E-5	2.40347E-2	2.40351E+2
1.62716E+2	1.71724E+2	9.99987E-5	2.40247E-2	2.40250E+2
1.62550E+2	1.71547E+2	9.99986E-5	2.40141E-2	2.40144E+2
1.62384E+2	1.71374E+2	9.99986E-5	2.39999E-2	2.40003E+2
1.62221E+2	1.71201E+2	9.99986E-5	2.39890E-2	2.39893E+2
1.62057E+2	1.71029E+2	9.99986E-5	2.39833E-2	2.39836E+2
1.61894E+2	1.70861E+2	9.99985E-5	2.39731E-2	2.39734E+2
1.61730E+2	1.70693E+2	9.99986E-5	2.39558E-2	2.39561E+2
1.61565E+2	1.70521E+2	9.99986E-5	2.39420E-2	2.39423E+2
1.61401E+2	1.70345E+2	9.99987E-5	2.39334E-2	2.39337E+2
1.61239E+2	1.70172E+2	9.99987E-5	2.39241E-2	2.39244E+2
1.61075E+2	1.70002E+2	9.99987E-5	2.39098E-2	2.39101E+2
1.60911E+2	1.69832E+2	9.99986E-5	2.38962E-2	2.38965E+2
1.60747E+2	1.69657E+2	9.99986E-5	2.38869E-2	2.38872E+2
1.60583E+2	1.69485E+2	9.99986E-5	2.38743E-2	2.38746E+2
1.60420E+2	1.69314E+2	9.99986E-5	2.38596E-2	2.38600E+2
1.60257E+2	1.69140E+2	9.99986E-5	2.38503E-2	2.38506E+2
1.60094E+2	1.68966E+2	9.99985E-5	2.38452E-2	2.38455E+2
1.59929E+2	1.68798E+2	9.99985E-5	2.38346E-2	2.38350E+2
1.59766E+2	1.68632E+2	9.99986E-5	2.38167E-2	2.38170E+2
1.59602E+2	1.68460E+2	9.99986E-5	2.38037E-2	2.38040E+2
1.59437E+2	1.68284E+2	9.99986E-5	2.37965E-2	2.37969E+2
1.59271E+2	1.68112E+2	9.99986E-5	2.37815E-2	2.37819E+2
1.59109E+2	1.67937E+2	9.99987E-5	2.37643E-2	2.37646E+2
1.58946E+2	1.67759E+2	9.99987E-5	2.37562E-2	2.37565E+2
1.58783E+2	1.67586E+2	9.99986E-5	2.37485E-2	2.37489E+2
1.58618E+2	1.67416E+2	9.99986E-5	2.37358E-2	2.37361E+2
1.58454E+2	1.67244E+2	9.99986E-5	2.37215E-2	2.37219E+2
1.58292E+2	1.67071E+2	9.99985E-5	2.37112E-2	2.37116E+2
1.58126E+2	1.66897E+2	9.99985E-5	2.37029E-2	2.37033E+2
1.57963E+2	1.66728E+2	9.99986E-5	2.36893E-2	2.36896E+2
1.57804E+2	1.66557E+2	9.99987E-5	2.36753E-2	2.36756E+2
1.57642E+2	1.66385E+2	9.99986E-5	2.36679E-2	2.36683E+2
1.57481E+2	1.66218E+2	9.99985E-5	2.36572E-2	2.36575E+2
1.57322E+2	1.66053E+2	9.99985E-5	2.36405E-2	2.36409E+2
1.57163E+2	1.65884E+2	9.99985E-5	2.36282E-2	2.36286E+2
1.57002E+2	1.65711E+2	9.99985E-5	2.36196E-2	2.36200E+2
1.56843E+2	1.65543E+2	9.99985E-5	2.36085E-2	2.36088E+2
1.56684E+2	1.65376E+2	9.99985E-5	2.35937E-2	2.35940E+2
1.56524E+2	1.65203E+2	9.99985E-5	2.35804E-2	2.35808E+2
1.56364E+2	1.65030E+2	9.99985E-5	2.35720E-2	2.35724E+2
1.56204E+2	1.64862E+2	9.99986E-5	2.35607E-2	2.35610E+2
1.56043E+2	1.64695E+2	9.99986E-5	2.35462E-2	2.35465E+2
1.55884E+2	1.64527E+2	9.99986E-5	2.35336E-2	2.35339E+2
1.55725E+2	1.64357E+2	9.99986E-5	2.35222E-2	2.35225E+2
1.55564E+2	1.64184E+2	9.99986E-5	2.35133E-2	2.35136E+2
1.55402E+2	1.64016E+2	9.99986E-5	2.35032E-2	2.35035E+2
1.55242E+2	1.63850E+2	9.99986E-5	2.34883E-2	2.34886E+2
1.55083E+2	1.63680E+2	9.99986E-5	2.34730E-2	2.34733E+2
1.54923E+2	1.63506E+2	9.99986E-5	2.34629E-2	2.34632E+2
1.54762E+2	1.63333E+2	9.99986E-5	2.34559E-2	2.34562E+2
1.54600E+2	1.63165E+2	9.99986E-5	2.34432E-2	2.34435E+2
1.54441E+2	1.63000E+2	9.99986E-5	2.34284E-2	2.34288E+2
1.54281E+2	1.62832E+2	9.99987E-5	2.34202E-2	2.34205E+2
1.54119E+2	1.62665E+2	9.99987E-5	2.34095E-2	2.34098E+2
1.53957E+2	1.62497E+2	9.99987E-5	2.33953E-2	2.33956E+2
1.53798E+2	1.62329E+2	9.99986E-5	2.33838E-2	2.33842E+2
1.53638E+2	1.62161E+2	9.99986E-5	2.33727E-2	2.33730E+2
1.53477E+2	1.61993E+2	9.99986E-5	2.33614E-2	2.33617E+2
1.53320E+2	1.61831E+2	9.99986E-5	2.33467E-2	2.33470E+2
1.53164E+2	1.61666E+2	9.99986E-5	2.33321E-2	2.33324E+2
1.53008E+2	1.61496E+2	9.99987E-5	2.33228E-2	2.33231E+2
1.52851E+2	1.61329E+2	9.99987E-5	2.33135E-2	2.33138E+2
1.52694E+2	1.61166E+2	9.99987E-5	2.33039E-2	2.33042E+2
1.52539E+2	1.61007E+2	9.99986E-5	2.32962E-2	2.32966E+2
1.52381E+2	1.60848E+2	9.99986E-5	2.32837E-2	2.32841E+2
1.52224E+2	1.60688E+2	9.99986E-5	2.32662E-2	2.32665E+2
1.52070E+2	1.60519E+2	9.99986E-5	2.32503E-2	2.32507E+2
1.51915E+2	1.60345E+2	9.99986E-5	2.32386E-2	2.32390E+2
1.51759E+2	1.60174E+2	9.99986E-5	2.32279E-2	2.32282E+2
1.51603E+2	1.60006E+2	9.99985E-5	2.32184E-2	2.32187E+2
1.51446E+2	1.59841E+2	9.99985E-5	2.32098E-2	2.32102E+2
1.51290E+2	1.59679E+2	9.99986E-5	2.31967E-2	2.31970E+2
1.51134E+2	1.59514E+2	9.99986E-5	2.31805E-2	2.31808E+2
1.50979E+2	1.59343E+2	9.99986E-5	2.31663E-2	2.31666E+2
1.50824E+2	1.59170E+2	9.99987E-5	2.31534E-2	2.31537E+2
1.50666E+2	1.58997E+2	9.99987E-5	2.31423E-2	2.31426E+2
1.50508E+2	1.58829E+2	9.99986E-5	2.31330E-2	2.31334E+2
1.50352E+2	1.58665E+2	9.99986E-5	2.31217E-2	2.31220E+2
1.50195E+2	1.58502E+2	9.99986E-5	2.31071E-2	2.31074E+2
1.50037E+2	1.58333E+2	9.99986E-5	2.30935E-2	2.30938E+2
1.49879E+2	1.58161E+2	9.99986E-5	2.30828E-2	2.30831E+2
1.49723E+2	1.57994E+2	9.99986E-5	2.30733E-2	2.30736E+2
1.49564E+2	1.57830E+2	9.99986E-5	2.30627E-2	2.30630E+2
1.49405E+2	1.57668E+2	9.99986E-5	2.30545E-2	2.30548E+2
1.49247E+2	1.57511E+2	9.99985E-5	2.30440E-2	2.30443E+2
1.49089E+2	1.57354E+2	9.99985E-5	2.30277E-2	2.30281E+2
1.48934E+2	1.57193E+2	9.99986E-5	2.30121E-2	2.30125E+2
1.48783E+2	1.57024E+2	9.99986E-5	2.29995E-2	2.29998E+2
1.48628E+2	1.56853E+2	9.99986E-5	2.29863E-2	2.29866E+2
1.48474E+2	1.56683E+2	9.99986E-5	2.29740E-2	2.29743E+2
1.48322E+2	1.56517E+2	9.99986E-5	2.29627E-2	2.29630E+2
1.48168E+2	1.56353E+2	9.99986E-5	2.29527E-2	2.29530E+2
1.48013E+2	1.56192E+2	9.99985E-5	2.29432E-2	2.29436E+2
1.47858E+2	1.56035E+2	9.99986E-5	2.29309E-2	2.29312E+2
1.47705E+2	1.55876E+2	9.99987E-5	2.29163E-2	2.29166E+2
1.47551E+2	1.55710E+2	9.99987E-5	2.29025E-2	2.29028E+2
1.47396E+2	1.55541E+2	9.99987E-5	2.28902E-2	2.28905E+2
1.47243E+2	1.55376E+2	9.99986E-5	2.28794E-2	2.28797E+2
1.47089E+2	1.55212E+2	9.99986E-5	2.28689E-2	2.28692E+2
1.46934E+2	1.55052E+2	9.99986E-5	2.28582E-2	2.28585E+2
1.46779E+2	1.54895E+2	9.99986E-5	2.28467E-2	2.28471E+2
1.46624E+2	1.54736E+2	9.99986E-5	2.28354E-2	2.28358E+2
1.46469E+2	1.54577E+2	9.99985E-5	2.28247E-2	2.28251E+2
1.46314E+2	1.54418E+2	9.99985E-5	2.28122E-2	2.28125E+2
1.46160E+2	1.54256E+2	9.99986E-5	2.27972E-2	2.27975E+2
1.46007E+2	1.54090E+2	9.99986E-5	2.27826E-2	2.27830E+2
1.45855E+2	1.53920E+2	9.99986E-5	2.27700E-2	2.27703E+2
1.45701E+2	1.53751E+2	9.99985E-5	2.27592E-2	2.27596E+2
1.45546E+2	1.53588E+2	9.99985E-5	2.27508E-2	2.27512E+2
1.45391E+2	1.53431E+2	9.99986E-5	2.27420E-2	2.27423E+2
1.45237E+2	1.53279E+2	9.99986E-5	2.27291E-2	2.27294E+2
1.45084E+2	1.53123E+2	9.99986E-5	2.27144E-2	2.27148E+2
1.44929E+2	1.52959E+2	9.99986E-5	2.26999E-2	2.27002E+2
1.44777E+2	1.52795E+2	9.99986E-5	2.26860E-2	2.26863E+2
1.44623E+2	1.52628E+2	9.99986E-5	2.26731E-2	2.26734E+2
1.44469E+2	1.52463E+2	9.99986E-5	2.26623E-2	2.26626E+2
1.44320E+2	1.52304E+2	9.99986E-5	2.26507E-2	2.26510E+2
1.44171E+2	1.52147E+2	9.99986E-5	2.26385E-2	2.26389E+2
1.44020E+2	1.51987E+2	9.99986E-5	2.26259E-2	2.26262E+2
1.43868E+2	1.51826E+2	9.99986E-5	2.26127E-2	2.26130E+2
1.43717E+2	1.51666E+2	9.99986E-5	2.26013E-2	2.26016E+2
1.43567E+2	1.51508E+2	9.99986E-5	2.25906E-2	2.25909E+2
1.43416E+2	1.51352E+2	9.99986E-5	2.25797E-2	2.25800E+2
1.43266E+2	1.51199E+2	9.99986E-5	2.25689E-2	2.25692E+2
1.43115E+2	1.51046E+2	9.99986E-5	2.25557E-2	2.25560E+2
1.42963E+2	1.50888E+2	9.99986E-5	2.25406E-2	2.25410E+2
1.42813E+2	1.50724E+2	9.99986E-5	2.25261E-2	2.25264E+2
1.42664E+2	1.50557E+2	9.99986E-5	2.25123E-2	2.25126E+2
1.42514E+2	1.50390E+2	9.99986E-5	2.24995E-2	2.24998E+2
1.42363E+2	1.50226E+2	9.99986E-5	2.24876E-2	2.24880E+2
1.42211E+2	1.50065E+2	9.99986E-5	2.24763E-2	2.24766E+2
1.42061E+2	1.49910E+2	9.99985E-5	2.24647E-2	2.24650E+2
1.41910E+2	1.49754E+2	9.99986E-5	2.24517E-2	2.24520E+2
1.41758E+2	1.49594E+2	9.99986E-5	2.24394E-2	2.24397E+2
1.41606E+2	1.49434E+2	9.99986E-5	2.24277E-2	2.24280E+2
1.41456E+2	1.49276E+2	9.99986E-5	2.24122E-2	2.24125E+2
1.41306E+2	1.49111E+2	9.99987E-5	2.23957E-2	2.23960E+2
1.41156E+2	1.48938E+2	9.99986E-5	2.23826E-2	2.23829E+2
1.41005E+2	1.48766E+2	9.99986E-5	2.23705E-2	2.23708E+2
1.40853E+2	1.48598E+2	9.99987E-5	2.23576E-2	2.23579E+2
1.40701E+2	1.48436E+2	9.99986E-5	2.23460E-2	2.23463E+2
1.40548E+2	1.48284E+2	9.99986E-5	2.23356E-2	2.23359E+2
1.40395E+2	1.48137E+2	9.99987E-5	2.23241E-2	2.23244E+2
1.40241E+2	1.47987E+2	9.99986E-5	2.23085E-2	2.23088E+2
1.40089E+2	1.47827E+2	9.99985E-5	2.22910E-2	2.22913E+2
1.39937E+2	1.47661E+2	9.99987E-5	2.22776E-2	2.22779E+2
1.39789E+2	1.47497E+2	9.99986E-5	2.22650E-2	2.22653E+2
1.39644E+2	1.47337E+2	9.99986E-5	2.22524E-2	2.22527E+2
1.39495E+2	1.47177E+2	9.99986E-5	2.22406E-2	2.22409E+2
1.39344E+2	1.47020E+2	9.99986E-5	2.22286E-2	2.22289E+2
1.39194E+2	1.46867E+2	9.99986E-5	2.22169E-2	2.22172E+2
1.39045E+2	1.46717E+2	9.99986E-5	2.22046E-2	2.22049E+2
1.38896E+2	1.46567E+2	9.99986E-5	2.21873E-2	2.21876E+2
1.38747E+2	1.46407E+2	9.99986E-5	2.21682E-2	2.21686E+2
1.38598E+2	1.46242E+2	9.99986E-5	2.21566E-2	2.21569E+2
1.38448E+2	1.46079E+2	9.99986E-5	2.21458E-2	2.21461E+2
1.38299E+2	1.45917E+2	9.99985E-5	2.21319E-2	2.21323E+2
1.38150E+2	1.45758E+2	9.99985E-5	2.21179E-2	2.21182E+2
1.38001E+2	1.45599E+2	9.99986E-5	2.21038E-2	2.21041E+2
1.37851E+2	1.45440E+2	9.99985E-5	2.20898E-2	2.20902E+2
1.37703E+2	1.45282E+2	9.99985E-5	2.20767E-2	2.20770E+2
1.37553E+2	1.45125E+2	9.99986E-5	2.20638E-2	2.20642E+2
1.37403E+2	1.44968E+2	9.99986E-5	2.20510E-2	2.20513E+2
1.37254E+2	1.44814E+2	9.99986E-5	2.20369E-2	2.20372E+2
1.37103E+2	1.44656E+2	9.99986E-5	2.20171E-2	2.20174E+2
1.36953E+2	1.44493E+2	9.99986E-5	2.19968E-2	2.19971E+2
1.36801E+2	1.44329E+2	9.99986E-5	2.19845E-2	2.19848E+2
1.36649E+2	1.44169E+2	9.99985E-5	2.19748E-2	2.19751E+2
1.36501E+2	1.44015E+2	9.99985E-5	2.19614E-2	2.19618E+2
1.36350E+2	1.43861E+2	9.99985E-5	2.19444E-2	2.19448E+2
1.36199E+2	1.43707E+2	9.99985E-5	2.19304E-2	2.19307E+2
1.36050E+2	1.43556E+2	9.99985E-5	2.19188E-2	2.19191E+2
1.35899E+2	1.43403E+2	9.99986E-5	2.18998E-2	2.19001E+2
1.35748E+2	1.43247E+2	9.99986E-5	2.18766E-2	2.18769E+2
1.35596E+2	1.43087E+2	9.99986E-5	2.18595E-2	2.18598E+2
1.35445E+2	1.42927E+2	9.99987E-5	2.18473E-2	2.18476E+2
1.35297E+2	1.42773E+2	9.99987E-5	2.18349E-2	2.18352E+2
1.35150E+2	1.42620E+2	9.99986E-5	2.18187E-2	2.18190E+2
1.35003E+2	1.42467E+2	9.99986E-5	2.18030E-2	2.18033E+2
1.34855E+2	1.42314E+2	9.99986E-5	2.17867E-2	2.17870E+2
1.34707E+2	1.42159E+2	9.99986E-5	2.17677E-2	2.17680E+2
1.34559E+2	1.42004E+2	9.99987E-5	2.17510E-2	2.17513E+2
1.34412E+2	1.41850E+2	9.99986E-5	2.17336E-2	2.17339E+2
1.34262E+2	1.41694E+2	9.99986E-5	2.17137E-2	2.17141E+2
1.34115E+2	1.41538E+2	9.99985E-5	2.16939E-2	2.16942E+2
1.33966E+2	1.41381E+2	9.99986E-5	2.16768E-2	2.16771E+2
1.33819E+2	1.41226E+2	9.99987E-5	2.16606E-2	2.16609E+2
1.33671E+2	1.41072E+2	9.99986E-5	2.16435E-2	2.16438E+2
1.33521E+2	1.40918E+2	9.99986E-5	2.16265E-2	2.16268E+2
1.33373E+2	1.40767E+2	9.99986E-5	2.16097E-2	2.16100E+2
1.33226E+2	1.40614E+2	9.99986E-5	2.15866E-2	2.15869E+2
1.33078E+2	1.40457E+2	9.99986E-5	2.15603E-2	2.15606E+2
1.32930E+2	1.40300E+2	9.99986E-5	2.15395E-2	2.15398E+2
1.32781E+2	1.40141E+2	9.99987E-5	2.15162E-2	2.15165E+2
1.32633E+2	1.39983E+2	9.99986E-5	2.14964E-2	2.14967E+2
1.32485E+2	1.39828E+2	9.99985E-5	2.14798E-2	2.14801E+2
1.32336E+2	1.39674E+2	9.99985E-5	2.14539E-2	2.14543E+2
1.32187E+2	1.39518E+2	9.99986E-5	2.14252E-2	2.14255E+2
1.32038E+2	1.39362E+2	9.99986E-5	2.14008E-2	2.14011E+2
1.31890E+2	1.39208E+2	9.99985E-5	2.13781E-2	2.13785E+2
1.31740E+2	1.39053E+2	9.99986E-5	2.13552E-2	2.13555E+2
1.31589E+2	1.38899E+2	9.99986E-5	2.13317E-2	2.13320E+2
1.31439E+2	1.38744E+2	9.99985E-5	2.13095E-2	2.13098E+2
1.31289E+2	1.38591E+2	9.99985E-5	2.12915E-2	2.12918E+2
1.31140E+2	1.38442E+2	9.99986E-5	2.12667E-2	2.12670E+2
1.30990E+2	1.38288E+2	9.99986E-5	2.12360E-2	2.12363E+2
1.30842E+2	1.38131E+2	9.99986E-5	2.12137E-2	2.12140E+2
1.30697E+2	1.37979E+2	9.99986E-5	2.11963E-2	2.11966E+2
1.30552E+2	1.37829E+2	9.99985E-5	2.11782E-2	2.11786E+2
1.30406E+2	1.37680E+2	9.99985E-5	2.11530E-2	2.11533E+2
1.30262E+2	1.37529E+2	9.99985E-5	2.11232E-2	2.11235E+2
1.30116E+2	1.37375E+2	9.99986E-5	2.10938E-2	2.10941E+2
1.29971E+2	1.37219E+2	9.99985E-5	2.10663E-2	2.10666E+2
1.29825E+2	1.37064E+2	9.99985E-5	2.10421E-2	2.10425E+2
1.29679E+2	1.36909E+2	9.99986E-5	2.10168E-2	2.10171E+2
1.29534E+2	1.36755E+2	9.99986E-5	2.09942E-2	2.09945E+2
1.29387E+2	1.36603E+2	9.99985E-5	2.09714E-2	2.09717E+2
1.29240E+2	1.36451E+2	9.99985E-5	2.09433E-2	2.09436E+2
1.29094E+2	1.36298E+2	9.99986E-5	2.09173E-2	2.09176E+2
1.28948E+2	1.36143E+2	9.99986E-5	2.08930E-2	2.08933E+2
1.28802E+2	1.35989E+2	9.99985E-5	2.08663E-2	2.08666E+2
1.28656E+2	1.35834E+2	9.99985E-5	2.08430E-2	2.08433E+2
1.28510E+2	1.35681E+2	9.99986E-5	2.08205E-2	2.08208E+2
1.28363E+2	1.35529E+2	9.99986E-5	2.07937E-2	2.07940E+2
1.28216E+2	1.35374E+2	9.99985E-5	2.07635E-2	2.07638E+2
1.28070E+2	1.35216E+2	9.99985E-5	2.07365E-2	2.07368E+2
1.27922E+2	1.35057E+2	9.99985E-5	2.07114E-2	2.07117E+2
1.27776E+2	1.34904E+2	9.99986E-5	2.06904E-2	2.06907E+2
1.27628E+2	1.34754E+2	9.99986E-5	2.06694E-2	2.06697E+2
1.27481E+2	1.34605E+2	9.99986E-5	2.06387E-2	2.06390E+2
1.27333E+2	1.34451E+2	9.99985E-5	2.06098E-2	2.06102E+2
1.27184E+2	1.34295E+2	9.99985E-5	2.05867E-2	2.05870E+2
1.27037E+2	1.34142E+2	9.99986E-5	2.05642E-2	2.05645E+2
1.26890E+2	1.33991E+2	9.99986E-5	2.05406E-2	2.05409E+2
1.26742E+2	1.33841E+2	9.99985E-5	2.05216E-2	2.05219E+2
1.26595E+2	1.33694E+2	9.99985E-5	2.05035E-2	2.05038E+2
1.26449E+2	1.33550E+2	9.99986E-5	2.04810E-2	2.04813E+2
1.26306E+2	1.33403E+2	9.99985E-5	2.04510E-2	2.04513E+2
1.26162E+2	1.33248E+2	9.99985E-5	2.04204E-2	2.04207E+2
1.26019E+2	1.33092E+2	9.99985E-5	2.03970E-2	2.03973E+2
1.25876E+2	1.32937E+2	9.99986E-5	2.03749E-2	2.03752E+2
1.25732E+2	1.32784E+2	9.99985E-5	2.03551E-2	2.03554E+2
1.25588E+2	1.32633E+2	9.99985E-5	2.03353E-2	2.03356E+2
1.25444E+2	1.32485E+2	9.99986E-5	2.03109E-2	2.03112E+2
1.25301E+2	1.32335E+2	9.99986E-5	2.02808E-2	2.02811E+2
1.25155E+2	1.32177E+2	9.99986E-5	2.02543E-2	2.02546E+2
1.25010E+2	1.32020E+2	9.99985E-5	2.02344E-2	2.02347E+2
1.24868E+2	1.31870E+2	9.99986E-5	2.02146E-2	2.02148E+2
1.24726E+2	1.31722E+2	9.99986E-5	2.01915E-2	2.01918E+2
1.24580E+2	1.31568E+2	9.99986E-5	2.01632E-2	2.01634E+2
1.24434E+2	1.31408E+2	9.99986E-5	2.01348E-2	2.01351E+2
1.24290E+2	1.31249E+2	9.99985E-5	2.01139E-2	2.01142E+2
1.24143E+2	1.31094E+2	9.99985E-5	2.00984E-2	2.00987E+2
1.23999E+2	1.30946E+2	9.99986E-5	2.00796E-2	2.00799E+2
1.23855E+2	1.30798E+2	9.99985E-5	2.00498E-2	2.00501E+2
1.23709E+2	1.30641E+2	9.99986E-5	2.00216E-2	2.00219E+2
1.23563E+2	1.30484E+2	9.99987E-5	2.00017E-2	2.00020E+2
1.23418E+2	1.30334E+2	9.99987E-5	1.99839E-2	1.99842E+2
1.23272E+2	1.30187E+2	9.99986E-5	1.99658E-2	1.99661E+2
1.23125E+2	1.30042E+2	9.99986E-5	1.99458E-2	1.99461E+2
1.22980E+2	1.29897E+2	9.99986E-5	1.99184E-2	1.99187E+2
1.22833E+2	1.29745E+2	9.99986E-5	1.98865E-2	1.98868E+2
1.22687E+2	1.29585E+2	9.99986E-5	1.98609E-2	1.98612E+2
1.22541E+2	1.29427E+2	9.99986E-5	1.98407E-2	1.98410E+2
1.22394E+2	1.29274E+2	9.99986E-5	1.98245E-2	1.98247E+2
1.22246E+2	1.29124E+2	9.99986E-5	1.98012E-2	1.98014E+2
1.22098E+2	1.28973E+2	9.99986E-5	1.97727E-2	1.97730E+2
1.21951E+2	1.28816E+2	9.99986E-5	1.97503E-2	1.97506E+2
1.21807E+2	1.28661E+2	9.99986E-5	1.97326E-2	1.97329E+2
1.21663E+2	1.28512E+2	9.99986E-5	1.97105E-2	1.97108E+2
1.21517E+2	1.28358E+2	9.99986E-5	1.96851E-2	1.96854E+2
1.21373E+2	1.28206E+2	9.99986E-5	1.96678E-2	1.96681E+2
1.21228E+2	1.28056E+2	9.99986E-5	1.96475E-2	1.96478E+2
1.21082E+2	1.27903E+2	9.99986E-5	1.96217E-2	1.96219E+2
1.20937E+2	1.27748E+2	9.99986E-5	1.96019E-2	1.96022E+2
1.20793E+2	1.27596E+2	9.99986E-5	1.95855E-2	1.95858E+2
1.20649E+2	1.27448E+2	9.99987E-5	1.95628E-2	1.95630E+2
1.20504E+2	1.27296E+2	9.99987E-5	1.95372E-2	1.95374E+2
1.20360E+2	1.27143E+2	9.99987E-5	1.95173E-2	1.95176E+2
1.20215E+2	1.26990E+2	9.99987E-5	1.94997E-2	1.95000E+2
1.20069E+2	1.26839E+2	9.99986E-5	1.94775E-2	1.94778E+2
1.19925E+2	1.26685E+2	9.99986E-5	1.94496E-2	1.94499E+2
1.19780E+2	1.26527E+2	9.99986E-5	1.94303E-2	1.94306E+2
1.19635E+2	1.26373E+2	9.99986E-5	1.94157E-2	1.94159E+2
1.19489E+2	1.26224E+2	9.99986E-5	1.93940E-2	1.93943E+2
1.19342E+2	1.26072E+2	9.99986E-5	1.93688E-2	1.93690E+2
1.19195E+2	1.25917E+2	9.99986E-5	1.93505E-2	1.93507E+2
1.19051E+2	1.25770E+2	9.99986E-5	1.93289E-2	1.93292E+2
1.18906E+2	1.25621E+2	9.99986E-5	1.93059E-2	1.93062E+2
1.18760E+2	1.25469E+2	9.99986E-5	1.92907E-2	1.92910E+2
1.18614E+2	1.25322E+2	9.99986E-5	1.92708E-2	1.92711E+2
1.18469E+2	1.25174E+2	9.99986E-5	1.92462E-2	1.92465E+2
1.18323E+2	1.25022E+2	9.99985E-5	1.92260E-2	1.92263E+2
1.18175E+2	1.24870E+2	9.99986E-5	1.92076E-2	1.92079E+2
1.18031E+2	1.24721E+2	9.99985E-5	1.91866E-2	1.91869E+2
1.17887E+2	1.24570E+2	9.99984E-5	1.91656E-2	1.91659E+2
1.17744E+2	1.24419E+2	9.99986E-5	1.91473E-2	1.91475E+2
1.17602E+2	1.24270E+2	9.99986E-5	1.91293E-2	1.91296E+2
1.17458E+2	1.24121E+2	9.99985E-5	1.91066E-2	1.91069E+2
1.17314E+2	1.23967E+2	9.99986E-5	1.90818E-2	1.90821E+2
1.17171E+2	1.23813E+2	9.99986E-5	1.90652E-2	1.90655E+2
1.17029E+2	1.23665E+2	9.99985E-5	1.90488E-2	1.90491E+2
1.16885E+2	1.23515E+2	9.99986E-5	1.90263E-2	1.90265E+2
1.16741E+2	1.23363E+2	9.99986E-5	1.90048E-2	1.90051E+2
1.16597E+2	1.23210E+2	9.99985E-5	1.89879E-2	1.89882E+2
1.16454E+2	1.23062E+2	9.99986E-5	1.89682E-2	1.89685E+2
1.16310E+2	1.22911E+2	9.99987E-5	1.89474E-2	1.89477E+2
1.16168E+2	1.22761E+2	9.99986E-5	1.89291E-2	1.89294E+2
1.16024E+2	1.22612E+2	9.99986E-5	1.89087E-2	1.89090E+2
1.15880E+2	1.22459E+2	9.99986E-5	1.88864E-2	1.88867E+2
1.15737E+2	1.22305E+2	9.99986E-5	1.88700E-2	1.88703E+2
1.15593E+2	1.22154E+2	9.99986E-5	1.88528E-2	1.88531E+2
1.15449E+2	1.22006E+2	9.99986E-5	1.88308E-2	1.88311E+2
1.15306E+2	1.21856E+2	9.99986E-5	1.88112E-2	1.88115E+2
1.15160E+2	1.21706E+2	9.99986E-5	1.87953E-2	1.87955E+2
1.15016E+2	1.21561E+2	9.99986E-5	1.87771E-2	1.87774E+2
1.14872E+2	1.21415E+2	9.99986E-5	1.87538E-2	1.87541E+2
1.14728E+2	1.21264E+2	9.99986E-5	1.87335E-2	1.87338E+2
1.14585E+2	1.21115E+2	9.99985E-5	1.87173E-2	1.87176E+2
1.14441E+2	1.20969E+2	9.99986E-5	1.86964E-2	1.86967E+2
1.14295E+2	1.20816E+2	9.99986E-5	1.86734E-2	1.86737E+2
1.14150E+2	1.20662E+2	9.99986E-5	1.86567E-2	1.86570E+2
1.14006E+2	1.20513E+2	9.99986E-5	1.86375E-2	1.86378E+2
1.13863E+2	1.20362E+2	9.99985E-5	1.86173E-2	1.86176E+2
1.13721E+2	1.20211E+2	9.99986E-5	1.86017E-2	1.86019E+2
1.13579E+2	1.20065E+2	9.99986E-5	1.85829E-2	1.85832E+2
1.13437E+2	1.19916E+2	9.99986E-5	1.85627E-2	1.85629E+2
1.13295E+2	1.19765E+2	9.99987E-5	1.85465E-2	1.85468E+2
1.13153E+2	1.19618E+2	9.99986E-5	1.85284E-2	1.85287E+2
1.13011E+2	1.19468E+2	9.99986E-5	1.85058E-2	1.85061E+2
1.12869E+2	1.19314E+2	9.99985E-5	1.84871E-2	1.84874E+2
1.12727E+2	1.19163E+2	9.99986E-5	1.84716E-2	1.84719E+2
1.12585E+2	1.19014E+2	9.99986E-5	1.84504E-2	1.84507E+2
1.12442E+2	1.18862E+2	9.99986E-5	1.84307E-2	1.84309E+2
1.12300E+2	1.18712E+2	9.99986E-5	1.84167E-2	1.84169E+2
1.12158E+2	1.18565E+2	9.99986E-5	1.83963E-2	1.83966E+2
1.12014E+2	1.18411E+2	9.99986E-5	1.83757E-2	1.83759E+2
1.11871E+2	1.18258E+2	9.99986E-5	1.83603E-2	1.83606E+2
1.11729E+2	1.18109E+2	9.99986E-5	1.83411E-2	1.83414E+2
1.11586E+2	1.17959E+2	9.99986E-5	1.83223E-2	1.83225E+2
1.11444E+2	1.17811E+2	9.99986E-5	1.83062E-2	1.83065E+2
1.11299E+2	1.17664E+2	9.99985E-5	1.82865E-2	1.82867E+2
1.11155E+2	1.17513E+2	9.99985E-5	1.82666E-2	1.82669E+2
1.11013E+2	1.17365E+2	9.99986E-5	1.82507E-2	1.82510E+2
1.10869E+2	1.17219E+2	9.99986E-5	1.82327E-2	1.82330E+2
1.10725E+2	1.17070E+2	9.99986E-5	1.82126E-2	1.82128E+2
1.10580E+2	1.16919E+2	9.99986E-5	1.81974E-2	1.81976E+2
1.10435E+2	1.16771E+2	9.99986E-5	1.81797E-2	1.81800E+2
1.10291E+2	1.16620E+2	9.99985E-5	1.81590E-2	1.81593E+2
1.10146E+2	1.16471E+2	9.99986E-5	1.81427E-2	1.81430E+2
1.10004E+2	1.16324E+2	9.99986E-5	1.81239E-2	1.81242E+2
1.09863E+2	1.16176E+2	9.99985E-5	1.81059E-2	1.81061E+2
1.09723E+2	1.16028E+2	9.99986E-5	1.80908E-2	1.80910E+2
1.09581E+2	1.15880E+2	9.99985E-5	1.80713E-2	1.80716E+2
1.09440E+2	1.15730E+2	9.99985E-5	1.80526E-2	1.80529E+2
1.09299E+2	1.15580E+2	9.99986E-5	1.80367E-2	1.80369E+2
1.09157E+2	1.15429E+2	9.99986E-5	1.80191E-2	1.80193E+2
1.09015E+2	1.15279E+2	9.99985E-5	1.80029E-2	1.80031E+2
1.08875E+2	1.15133E+2	9.99986E-5	1.79855E-2	1.79857E+2
1.08734E+2	1.14984E+2	9.99986E-5	1.79678E-2	1.79680E+2
1.08592E+2	1.14835E+2	9.99986E-5	1.79521E-2	1.79523E+2
1.08452E+2	1.14687E+2	9.99986E-5	1.79323E-2	1.79325E+2
1.08311E+2	1.14535E+2	9.99986E-5	1.79113E-2	1.79116E+2
1.08169E+2	1.14382E+2	9.99986E-5	1.78964E-2	1.78966E+2
1.08027E+2	1.14230E+2	9.99986E-5	1.78791E-2	1.78793E+2
1.07886E+2	1.14078E+2	9.99986E-5	1.78617E-2	1.78619E+2
1.07743E+2	1.13930E+2	9.99985E-5	1.78455E-2	1.78458E+2
1.07599E+2	1.13784E+2	9.99985E-5	1.78272E-2	1.78275E+2
1.07458E+2	1.13639E+2	9.99986E-5	1.78125E-2	1.78127E+2
1.07316E+2	1.13493E+2	9.99986E-5	1.77944E-2	1.77946E+2
1.07173E+2	1.13346E+2	9.99986E-5	1.77765E-2	1.77768E+2
1.07032E+2	1.13201E+2	9.99986E-5	1.77608E-2	1.77611E+2
1.06889E+2	1.13054E+2	9.99986E-5	1.77428E-2	1.77430E+2
1.06745E+2	1.12904E+2	9.99986E-5	1.77260E-2	1.77263E+2
1.06603E+2	1.12759E+2	9.99986E-5	1.77112E-2	1.77115E+2
1.06460E+2	1.12614E+2	9.99987E-5	1.76935E-2	1.76938E+2
1.06316E+2	1.12467E+2	9.99987E-5	1.76768E-2	1.76771E+2
1.06173E+2	1.12321E+2	9.99986E-5	1.76620E-2	1.76623E+2
1.06032E+2	1.12176E+2	9.99986E-5	1.76441E-2	1.76443E+2
1.05892E+2	1.12028E+2	9.99986E-5	1.76263E-2	1.76265E+2
1.05754E+2	1.11881E+2	9.99986E-5	1.76091E-2	1.76094E+2
1.05615E+2	1.11731E+2	9.99985E-5	1.75928E-2	1.75930E+2
1.05476E+2	1.11581E+2	9.99986E-5	1.75766E-2	1.75769E+2
1.05336E+2	1.11430E+2	9.99986E-5	1.75579E-2	1.75581E+2
1.05198E+2	1.11281E+2	9.99986E-5	1.75430E-2	1.75432E+2
1.05059E+2	1.11136E+2	9.99986E-5	1.75261E-2	1.75264E+2
1.04919E+2	1.10987E+2	9.99986E-5	1.75090E-2	1.75092E+2
1.04779E+2	1.10839E+2	9.99987E-5	1.74938E-2	1.74940E+2
1.04640E+2	1.10692E+2	9.99987E-5	1.74771E-2	1.74773E+2
1.04500E+2	1.10542E+2	9.99986E-5	1.74620E-2	1.74623E+2
1.04360E+2	1.10396E+2	9.99986E-5	1.74474E-2	1.74476E+2
1.04219E+2	1.10247E+2	9.99986E-5	1.74314E-2	1.74317E+2
1.04078E+2	1.10097E+2	9.99986E-5	1.74168E-2	1.74171E+2
1.03939E+2	1.09952E+2	9.99986E-5	1.74009E-2	1.74011E+2
1.03799E+2	1.09805E+2	9.99986E-5	1.73840E-2	1.73842E+2
1.03660E+2	1.09660E+2	9.99986E-5	1.73701E-2	1.73704E+2
1.03520E+2	1.09515E+2	9.99986E-5	1.73536E-2	1.73539E+2
1.03379E+2	1.09367E+2	9.99986E-5	1.73370E-2	1.73372E+2
1.03239E+2	1.09222E+2	9.99987E-5	1.73217E-2	1.73219E+2
1.03097E+2	1.09076E+2	9.99986E-5	1.73038E-2	1.73040E+2
1.02957E+2	1.08926E+2	9.99985E-5	1.72881E-2	1.72884E+2
1.02815E+2	1.08779E+2	9.99985E-5	1.72723E-2	1.72726E+2
1.02673E+2	1.08630E+2	9.99986E-5	1.72565E-2	1.72567E+2
1.02531E+2	1.08481E+2	9.99986E-5	1.72406E-2	1.72409E+2
1.02389E+2	1.08335E+2	9.99986E-5	1.72254E-2	1.72257E+2
1.02246E+2	1.08189E+2	9.99986E-5	1.72115E-2	1.72118E+2
1.02104E+2	1.08045E+2	9.99985E-5	1.71974E-2	1.71977E+2
1.01964E+2	1.07902E+2	9.99986E-5	1.71821E-2	1.71824E+2
1.01824E+2	1.07754E+2	9.99986E-5	1.71647E-2	1.71649E+2
1.01684E+2	1.07603E+2	9.99986E-5	1.71495E-2	1.71497E+2
1.01547E+2	1.07458E+2	9.99985E-5	1.71340E-2	1.71343E+2
1.01410E+2	1.07312E+2	9.99985E-5	1.71198E-2	1.71201E+2
1.01271E+2	1.07165E+2	9.99985E-5	1.71047E-2	1.71049E+2
1.01132E+2	1.07017E+2	9.99986E-5	1.70885E-2	1.70888E+2
1.00994E+2	1.06868E+2	9.99986E-5	1.70743E-2	1.70745E+2
1.00855E+2	1.06722E+2	9.99986E-5	1.70593E-2	1.70596E+2
1.00716E+2	1.06572E+2	9.99986E-5	1.70443E-2	1.70446E+2
1.00576E+2	1.06424E+2	9.99985E-5	1.70292E-2	1.70295E+2
1.00438E+2	1.06277E+2	9.99985E-5	1.70135E-2	1.70137E+2
1.00300E+2	1.06127E+2	9.99986E-5	1.69989E-2	1.69991E+2
1.00159E+2	1.05977E+2	9.99986E-5	1.69837E-2	1.69839E+2
1.00019E+2	1.05831E+2	9.99986E-5	1.69683E-2	1.69686E+2
9.98786E+1	1.05687E+2	9.99986E-5	1.69539E-2	1.69541E+2
9.97392E+1	1.05545E+2	9.99986E-5	1.69389E-2	1.69391E+2
9.95997E+1	1.05402E+2	9.99986E-5	1.69252E-2	1.69254E+2
9.94581E+1	1.05256E+2	9.99985E-5	1.69091E-2	1.69093E+2
9.93166E+1	1.05110E+2	9.99986E-5	1.68922E-2	1.68924E+2
9.91785E+1	1.04965E+2	9.99987E-5	1.68809E-2	1.68811E+2
9.90384E+1	1.04823E+2	9.99986E-5	1.68674E-2	1.68676E+2
9.88977E+1	1.04679E+2	9.99986E-5	1.68514E-2	1.68516E+2
9.87608E+1	1.04532E+2	9.99986E-5	1.68359E-2	1.68361E+2
9.86236E+1	1.04386E+2	9.99986E-5	1.68213E-2	1.68215E+2
9.84851E+1	1.04241E+2	9.99986E-5	1.68073E-2	1.68075E+2
9.83471E+1	1.04098E+2	9.99986E-5	1.67912E-2	1.67914E+2
9.82099E+1	1.03952E+2	9.99986E-5	1.67773E-2	1.67776E+2
9.80725E+1	1.03806E+2	9.99986E-5	1.67625E-2	1.67627E+2
9.79344E+1	1.03660E+2	9.99986E-5	1.67481E-2	1.67483E+2
9.77953E+1	1.03514E+2	9.99986E-5	1.67335E-2	1.67337E+2
9.76571E+1	1.03366E+2	9.99986E-5	1.67166E-2	1.67169E+2
9.75193E+1	1.03217E+2	9.99986E-5	1.67033E-2	1.67035E+2
9.73806E+1	1.03073E+2	9.99985E-5	1.66900E-2	1.66903E+2
9.72403E+1	1.02926E+2	9.99986E-5	1.66748E-2	1.66751E+2
9.71005E+1	1.02776E+2	9.99986E-5	1.66606E-2	1.66608E+2
9.69607E+1	1.02628E+2	9.99986E-5	1.66449E-2	1.66451E+2
9.68214E+1	1.02480E+2	9.99986E-5	1.66311E-2	1.66313E+2
9.66821E+1	1.02334E+2	9.99986E-5	1.66174E-2	1.66176E+2
9.65421E+1	1.02186E+2	9.99985E-5	1.66019E-2	1.66022E+2
9.64024E+1	1.02038E+2	9.99985E-5	1.65874E-2	1.65876E+2
9.62640E+1	1.01892E+2	9.99986E-5	1.65718E-2	1.65721E+2
9.61258E+1	1.01746E+2	9.99986E-5	1.65586E-2	1.65588E+2
9.59885E+1	1.01603E+2	9.99986E-5	1.65453E-2	1.65455E+2
9.58517E+1	1.01459E+2	9.99986E-5	1.65313E-2	1.65315E+2
9.57128E+1	1.01315E+2	9.99985E-5	1.65154E-2	1.65157E+2
9.55752E+1	1.01172E+2	9.99986E-5	1.65003E-2	1.65006E+2
9.54382E+1	1.01029E+2	9.99986E-5	1.64862E-2	1.64865E+2
9.52991E+1	1.00883E+2	9.99986E-5	1.64720E-2	1.64722E+2
9.51605E+1	1.00739E+2	9.99986E-5	1.64590E-2	1.64592E+2
9.50218E+1	1.00594E+2	9.99986E-5	1.64455E-2	1.64458E+2
9.48823E+1	1.00447E+2	9.99986E-5	1.64312E-2	1.64315E+2
9.47443E+1	1.00305E+2	9.99986E-5	1.64171E-2	1.64173E+2
9.46056E+1	1.00160E+2	9.99986E-5	1.64033E-2	1.64035E+2
9.44656E+1	1.00012E+2	9.99986E-5	1.63892E-2	1.63894E+2
9.43266E+1	9.98665E+1	9.99986E-5	1.63744E-2	1.63746E+2
9.41872E+1	9.97206E+1	9.99985E-5	1.63614E-2	1.63617E+2
9.40472E+1	9.95759E+1	9.99985E-5	1.63480E-2	1.63483E+2
9.39095E+1	9.94308E+1	9.99985E-5	1.63330E-2	1.63332E+2
9.37734E+1	9.92854E+1	9.99986E-5	1.63203E-2	1.63206E+2
9.36357E+1	9.91395E+1	9.99986E-5	1.63075E-2	1.63078E+2
9.34977E+1	9.89942E+1	9.99986E-5	1.62938E-2	1.62941E+2
9.33614E+1	9.88544E+1	9.99986E-5	1.62797E-2	1.62799E+2
9.32248E+1	9.87106E+1	9.99986E-5	1.62652E-2	1.62654E+2
9.30886E+1	9.85664E+1	9.99986E-5	1.62513E-2	1.62515E+2
9.29528E+1	9.84240E+1	9.99986E-5	1.62371E-2	1.62373E+2
9.28152E+1	9.82796E+1	9.99986E-5	1.62249E-2	1.62251E+2
9.26770E+1	9.81359E+1	9.99986E-5	1.62107E-2	1.62110E+2
9.25402E+1	9.79903E+1	9.99986E-5	1.61963E-2	1.61965E+2
9.24041E+1	9.78472E+1	9.99986E-5	1.61834E-2	1.61836E+2
9.22662E+1	9.77036E+1	9.99985E-5	1.61694E-2	1.61697E+2
9.21275E+1	9.75603E+1	9.99986E-5	1.61571E-2	1.61574E+2
9.19889E+1	9.74185E+1	9.99986E-5	1.61427E-2	1.61429E+2
9.18502E+1	9.72720E+1	9.99986E-5	1.61273E-2	1.61275E+2
9.17123E+1	9.71267E+1	9.99986E-5	1.61163E-2	1.61166E+2
9.15748E+1	9.69827E+1	9.99986E-5	1.61031E-2	1.61033E+2
9.14398E+1	9.68368E+1	9.99986E-5	1.60879E-2	1.60881E+2
9.13035E+1	9.66897E+1	9.99986E-5	1.60742E-2	1.60744E+2
9.11666E+1	9.65416E+1	9.99986E-5	1.60587E-2	1.60590E+2
9.10305E+1	9.63947E+1	9.99985E-5	1.60459E-2	1.60462E+2
9.08948E+1	9.62533E+1	9.99986E-5	1.60327E-2	1.60330E+2
9.07588E+1	9.61105E+1	9.99986E-5	1.60197E-2	1.60200E+2
9.06213E+1	9.59673E+1	9.99986E-5	1.60072E-2	1.60074E+2
9.04853E+1	9.58261E+1	9.99986E-5	1.59936E-2	1.59938E+2
9.03484E+1	9.56837E+1	9.99986E-5	1.59813E-2	1.59815E+2
9.02107E+1	9.55420E+1	9.99986E-5	1.59669E-2	1.59671E+2
9.00740E+1	9.53962E+1	9.99986E-5	1.59526E-2	1.59528E+2
8.99371E+1	9.52497E+1	9.99986E-5	1.59391E-2	1.59394E+2
8.98000E+1	9.51052E+1	9.99986E-5	1.59262E-2	1.59264E+2
8.96634E+1	9.49585E+1	9.99986E-5	1.59142E-2	1.59145E+2
8.95256E+1	9.48136E+1	9.99986E-5	1.59008E-2	1.59010E+2
8.93870E+1	9.46693E+1	9.99986E-5	1.58870E-2	1.58873E+2
8.92499E+1	9.45257E+1	9.99986E-5	1.58744E-2	1.58746E+2
8.91128E+1	9.43835E+1	9.99986E-5	1.58578E-2	1.58580E+2
8.89757E+1	9.42380E+1	9.99986E-5	1.58418E-2	1.58420E+2
8.88385E+1	9.40894E+1	9.99985E-5	1.58289E-2	1.58292E+2
8.87020E+1	9.39419E+1	9.99985E-5	1.58151E-2	1.58153E+2
8.85669E+1	9.37998E+1	9.99985E-5	1.58030E-2	1.58033E+2
8.84316E+1	9.36591E+1	9.99985E-5	1.57913E-2	1.57915E+2
8.82956E+1	9.35179E+1	9.99986E-5	1.57781E-2	1.57783E+2
8.81588E+1	9.33775E+1	9.99986E-5	1.57643E-2	1.57645E+2
8.80230E+1	9.32332E+1	9.99986E-5	1.57502E-2	1.57504E+2
8.78876E+1	9.30896E+1	9.99986E-5	1.57375E-2	1.57377E+2
8.77512E+1	9.29474E+1	9.99986E-5	1.57252E-2	1.57254E+2
8.76153E+1	9.28043E+1	9.99986E-5	1.57134E-2	1.57136E+2
8.74790E+1	9.26621E+1	9.99986E-5	1.57012E-2	1.57014E+2
8.73413E+1	9.25188E+1	9.99985E-5	1.56867E-2	1.56869E+2
8.72041E+1	9.23749E+1	9.99986E-5	1.56734E-2	1.56737E+2
8.70668E+1	9.22295E+1	9.99987E-5	1.56590E-2	1.56592E+2
8.69292E+1	9.20821E+1	9.99986E-5	1.56456E-2	1.56458E+2
8.67927E+1	9.19379E+1	9.99986E-5	1.56345E-2	1.56348E+2
8.66539E+1	9.17936E+1	9.99986E-5	1.56209E-2	1.56211E+2
8.65165E+1	9.16472E+1	9.99986E-5	1.56080E-2	1.56082E+2
8.63808E+1	9.15013E+1	9.99986E-5	1.55963E-2	1.55965E+2
8.62458E+1	9.13587E+1	9.99986E-5	1.55828E-2	1.55830E+2
8.61107E+1	9.12158E+1	9.99986E-5	1.55704E-2	1.55706E+2
8.59753E+1	9.10733E+1	9.99986E-5	1.55590E-2	1.55592E+2
8.58397E+1	9.09286E+1	9.99986E-5	1.55452E-2	1.55454E+2
8.57026E+1	9.07832E+1	9.99986E-5	1.55318E-2	1.55320E+2
8.55660E+1	9.06386E+1	9.99986E-5	1.55190E-2	1.55192E+2
8.54295E+1	9.04945E+1	9.99985E-5	1.55070E-2	1.55073E+2
8.52922E+1	9.03529E+1	9.99985E-5	1.54953E-2	1.54956E+2
8.51555E+1	9.02105E+1	9.99985E-5	1.54841E-2	1.54843E+2
8.50183E+1	9.00683E+1	9.99986E-5	1.54712E-2	1.54714E+2
8.48826E+1	8.99258E+1	9.99986E-5	1.54577E-2	1.54580E+2
8.47472E+1	8.97821E+1	9.99986E-5	1.54460E-2	1.54463E+2
8.46108E+1	8.96402E+1	9.99986E-5	1.54346E-2	1.54349E+2
8.44725E+1	8.94946E+1	9.99986E-5	1.54215E-2	1.54218E+2
8.43347E+1	8.93500E+1	9.99985E-5	1.54093E-2	1.54095E+2
8.41979E+1	8.92071E+1	9.99986E-5	1.53965E-2	1.53967E+2
8.40606E+1	8.90612E+1	9.99986E-5	1.53840E-2	1.53842E+2
8.39237E+1	8.89182E+1	9.99986E-5	1.53727E-2	1.53729E+2
8.37891E+1	8.87772E+1	9.99987E-5	1.53591E-2	1.53593E+2
8.36542E+1	8.86349E+1	9.99987E-5	1.53458E-2	1.53460E+2
8.35189E+1	8.84936E+1	9.99986E-5	1.53334E-2	1.53336E+2
8.33853E+1	8.83520E+1	9.99987E-5	1.53218E-2	1.53220E+2
8.32498E+1	8.82063E+1	9.99987E-5	1.53100E-2	1.53102E+2
8.31133E+1	8.80598E+1	9.99986E-5	1.52971E-2	1.52973E+2
8.29775E+1	8.79147E+1	9.99986E-5	1.52834E-2	1.52836E+2
8.28411E+1	8.77713E+1	9.99987E-5	1.52717E-2	1.52719E+2
8.27038E+1	8.76277E+1	9.99987E-5	1.52602E-2	1.52604E+2
8.25676E+1	8.74849E+1	9.99987E-5	1.52476E-2	1.52478E+2
8.24314E+1	8.73428E+1	9.99986E-5	1.52357E-2	1.52359E+2
8.22931E+1	8.71978E+1	9.99986E-5	1.52223E-2	1.52225E+2
8.21562E+1	8.70548E+1	9.99986E-5	1.52097E-2	1.52099E+2
8.20190E+1	8.69101E+1	9.99986E-5	1.51980E-2	1.51982E+2
8.18816E+1	8.67631E+1	9.99986E-5	1.51873E-2	1.51875E+2
8.17456E+1	8.66207E+1	9.99986E-5	1.51746E-2	1.51748E+2
8.16077E+1	8.64772E+1	9.99986E-5	1.51624E-2	1.51626E+2
8.14706E+1	8.63339E+1	9.99986E-5	1.51513E-2	1.51516E+2
8.13363E+1	8.61942E+1	9.99987E-5	1.51404E-2	1.51406E+2
8.12014E+1	8.60507E+1	9.99986E-5	1.51285E-2	1.51287E+2
8.10674E+1	8.59094E+1	9.99986E-5	1.51148E-2	1.51150E+2
8.09348E+1	8.57696E+1	9.99987E-5	1.51024E-2	1.51026E+2
8.08002E+1	8.56246E+1	9.99986E-5	1.50905E-2	1.50907E+2
8.06649E+1	8.54820E+1	9.99985E-5	1.50781E-2	1.50783E+2
8.05276E+1	8.53370E+1	9.99986E-5	1.50647E-2	1.50649E+2
8.03916E+1	8.51912E+1	9.99986E-5	1.50531E-2	1.50533E+2
8.02556E+1	8.50482E+1	9.99986E-5	1.50413E-2	1.50415E+2
8.01191E+1	8.49049E+1	9.99987E-5	1.50286E-2	1.50288E+2
7.99827E+1	8.47576E+1	9.99987E-5	1.50186E-2	1.50188E+2
7.98445E+1	8.46125E+1	9.99987E-5	1.50067E-2	1.50069E+2
7.97080E+1	8.44710E+1	9.99987E-5	1.49947E-2	1.49949E+2
7.95704E+1	8.43254E+1	9.99987E-5	1.49835E-2	1.49837E+2
7.94324E+1	8.41813E+1	9.99986E-5	1.49725E-2	1.49727E+2
7.92950E+1	8.40364E+1	9.99986E-5	1.49605E-2	1.49607E+2
7.91576E+1	8.38922E+1	9.99986E-5	1.49474E-2	1.49476E+2
7.90201E+1	8.37502E+1	9.99986E-5	1.49343E-2	1.49345E+2
7.88839E+1	8.36065E+1	9.99985E-5	1.49222E-2	1.49224E+2
7.87501E+1	8.34652E+1	9.99985E-5	1.49118E-2	1.49120E+2
7.86148E+1	8.33221E+1	9.99985E-5	1.49003E-2	1.49006E+2
7.84779E+1	8.31776E+1	9.99985E-5	1.48886E-2	1.48888E+2
7.83410E+1	8.30360E+1	9.99985E-5	1.48774E-2	1.48776E+2
7.82062E+1	8.28957E+1	9.99986E-5	1.48651E-2	1.48653E+2
7.80717E+1	8.27532E+1	9.99986E-5	1.48533E-2	1.48535E+2
7.79344E+1	8.26083E+1	9.99986E-5	1.48412E-2	1.48414E+2
7.77981E+1	8.24666E+1	9.99986E-5	1.48302E-2	1.48304E+2
7.76620E+1	8.23206E+1	9.99986E-5	1.48213E-2	1.48215E+2
7.75268E+1	8.21764E+1	9.99987E-5	1.48085E-2	1.48087E+2
7.73905E+1	8.20318E+1	9.99986E-5	1.47946E-2	1.47948E+2
7.72529E+1	8.18820E+1	9.99986E-5	1.47835E-2	1.47837E+2
7.71166E+1	8.17365E+1	9.99986E-5	1.47728E-2	1.47730E+2
7.69779E+1	8.15915E+1	9.99986E-5	1.47610E-2	1.47612E+2
7.68393E+1	8.14478E+1	9.99986E-5	1.47481E-2	1.47483E+2
7.67014E+1	8.13064E+1	9.99986E-5	1.47377E-2	1.47379E+2
7.65619E+1	8.11650E+1	9.99986E-5	1.47284E-2	1.47286E+2
7.64258E+1	8.10241E+1	9.99986E-5	1.47169E-2	1.47171E+2
7.62910E+1	8.08809E+1	9.99986E-5	1.47029E-2	1.47031E+2
7.61554E+1	8.07370E+1	9.99986E-5	1.46892E-2	1.46894E+2
7.60203E+1	8.05933E+1	9.99987E-5	1.46776E-2	1.46778E+2
7.58847E+1	8.04485E+1	9.99987E-5	1.46667E-2	1.46668E+2
7.57488E+1	8.03048E+1	9.99987E-5	1.46559E-2	1.46561E+2
7.56129E+1	8.01623E+1	9.99986E-5	1.46445E-2	1.46447E+2
7.54780E+1	8.00209E+1	9.99986E-5	1.46340E-2	1.46342E+2
7.53430E+1	7.98780E+1	9.99986E-5	1.46207E-2	1.46209E+2
7.52076E+1	7.97324E+1	9.99986E-5	1.46091E-2	1.46093E+2
7.50730E+1	7.95895E+1	9.99986E-5	1.45990E-2	1.45992E+2
7.49370E+1	7.94470E+1	9.99986E-5	1.45862E-2	1.45864E+2
7.48005E+1	7.93001E+1	9.99986E-5	1.45735E-2	1.45737E+2
7.46642E+1	7.91528E+1	9.99986E-5	1.45642E-2	1.45644E+2
7.45275E+1	7.90096E+1	9.99986E-5	1.45522E-2	1.45524E+2
7.43906E+1	7.88660E+1	9.99986E-5	1.45432E-2	1.45434E+2
7.42528E+1	7.87229E+1	9.99986E-5	1.45335E-2	1.45337E+2
7.41149E+1	7.85810E+1	9.99985E-5	1.45194E-2	1.45196E+2
7.39784E+1	7.84366E+1	9.99986E-5	1.45085E-2	1.45088E+2
7.38432E+1	7.82916E+1	9.99985E-5	1.44987E-2	1.44989E+2
7.37089E+1	7.81510E+1	9.99986E-5	1.44858E-2	1.44860E+2
7.35743E+1	7.80079E+1	9.99986E-5	1.44721E-2	1.44723E+2
7.34387E+1	7.78617E+1	9.99986E-5	1.44609E-2	1.44612E+2
7.33033E+1	7.77181E+1	9.99986E-5	1.44508E-2	1.44510E+2
7.31677E+1	7.75730E+1	9.99985E-5	1.44394E-2	1.44396E+2
7.30318E+1	7.74269E+1	9.99986E-5	1.44271E-2	1.44273E+2
7.28957E+1	7.72825E+1	9.99986E-5	1.44166E-2	1.44168E+2
7.27589E+1	7.71364E+1	9.99986E-5	1.44037E-2	1.44039E+2
7.26214E+1	7.69894E+1	9.99986E-5	1.43945E-2	1.43947E+2
7.24833E+1	7.68449E+1	9.99986E-5	1.43854E-2	1.43856E+2
7.23459E+1	7.66994E+1	9.99985E-5	1.43707E-2	1.43709E+2
7.22086E+1	7.65527E+1	9.99985E-5	1.43615E-2	1.43617E+2
7.20711E+1	7.64102E+1	9.99986E-5	1.43488E-2	1.43490E+2
7.19341E+1	7.62683E+1	9.99987E-5	1.43354E-2	1.43356E+2
7.17954E+1	7.61234E+1	9.99986E-5	1.43248E-2	1.43250E+2
7.16558E+1	7.59803E+1	9.99986E-5	1.43136E-2	1.43138E+2
7.15180E+1	7.58369E+1	9.99985E-5	1.43008E-2	1.43010E+2
7.13823E+1	7.56929E+1	9.99986E-5	1.42922E-2	1.42924E+2
7.12483E+1	7.55494E+1	9.99986E-5	1.42825E-2	1.42827E+2
7.11144E+1	7.54040E+1	9.99985E-5	1.42702E-2	1.42704E+2
7.09796E+1	7.52585E+1	9.99986E-5	1.42593E-2	1.42595E+2
7.08441E+1	7.51154E+1	9.99986E-5	1.42467E-2	1.42469E+2
7.07069E+1	7.49722E+1	9.99986E-5	1.42365E-2	1.42367E+2
7.05701E+1	7.48255E+1	9.99986E-5	1.42253E-2	1.42255E+2
7.04337E+1	7.46791E+1	9.99986E-5	1.42132E-2	1.42134E+2
7.02960E+1	7.45336E+1	9.99986E-5	1.42017E-2	1.42019E+2
7.01588E+1	7.43886E+1	9.99985E-5	1.41934E-2	1.41936E+2
7.00230E+1	7.42463E+1	9.99985E-5	1.41848E-2	1.41850E+2
6.98864E+1	7.41032E+1	9.99985E-5	1.41714E-2	1.41716E+2
6.97495E+1	7.39575E+1	9.99986E-5	1.41584E-2	1.41586E+2
6.96120E+1	7.38115E+1	9.99986E-5	1.41469E-2	1.41471E+2
6.94774E+1	7.36708E+1	9.99985E-5	1.41368E-2	1.41370E+2
6.93436E+1	7.35296E+1	9.99986E-5	1.41227E-2	1.41229E+2
6.92085E+1	7.33842E+1	9.99987E-5	1.41110E-2	1.41112E+2
6.90723E+1	7.32397E+1	9.99987E-5	1.41037E-2	1.41039E+2
6.89363E+1	7.30956E+1	9.99986E-5	1.40933E-2	1.40935E+2
6.88009E+1	7.29491E+1	9.99987E-5	1.40802E-2	1.40804E+2
6.86642E+1	7.28040E+1	9.99986E-5	1.40702E-2	1.40704E+2
6.85276E+1	7.26613E+1	9.99986E-5	1.40585E-2	1.40587E+2
6.83917E+1	7.25149E+1	9.99986E-5	1.40451E-2	1.40453E+2
6.82536E+1	7.23654E+1	9.99986E-5	1.40334E-2	1.40336E+2
6.81135E+1	7.22188E+1	9.99986E-5	1.40230E-2	1.40232E+2
6.79748E+1	7.20741E+1	9.99986E-5	1.40139E-2	1.40141E+2
6.78374E+1	7.19262E+1	9.99986E-5	1.40014E-2	1.40016E+2
6.76996E+1	7.17779E+1	9.99986E-5	1.39909E-2	1.39911E+2
6.75601E+1	7.16323E+1	9.99985E-5	1.39809E-2	1.39811E+2
6.74206E+1	7.14852E+1	9.99986E-5	1.39686E-2	1.39688E+2
6.72847E+1	7.13392E+1	9.99986E-5	1.39572E-2	1.39574E+2
6.71480E+1	7.11952E+1	9.99986E-5	1.39480E-2	1.39482E+2
6.70098E+1	7.10507E+1	9.99985E-5	1.39373E-2	1.39375E+2
6.68726E+1	7.09035E+1	9.99985E-5	1.39227E-2	1.39229E+2
6.67358E+1	7.07553E+1	9.99986E-5	1.39141E-2	1.39143E+2
6.65980E+1	7.06101E+1	9.99987E-5	1.39028E-2	1.39030E+2
6.64586E+1	7.04634E+1	9.99987E-5	1.38887E-2	1.38889E+2
6.63190E+1	7.03149E+1	9.99987E-5	1.38793E-2	1.38795E+2
6.61810E+1	7.01683E+1	9.99986E-5	1.38690E-2	1.38692E+2
6.60426E+1	7.00235E+1	9.99986E-5	1.38583E-2	1.38585E+2
6.59030E+1	6.98769E+1	9.99986E-5	1.38483E-2	1.38485E+2
6.57635E+1	6.97254E+1	9.99986E-5	1.38358E-2	1.38360E+2
6.56233E+1	6.95759E+1	9.99986E-5	1.38239E-2	1.38241E+2
6.54826E+1	6.94303E+1	9.99986E-5	1.38127E-2	1.38129E+2
6.53437E+1	6.92836E+1	9.99986E-5	1.38025E-2	1.38027E+2
6.52059E+1	6.91379E+1	9.99986E-5	1.37934E-2	1.37936E+2
6.50683E+1	6.89922E+1	9.99986E-5	1.37839E-2	1.37841E+2
6.49318E+1	6.88472E+1	9.99985E-5	1.37736E-2	1.37738E+2
6.47938E+1	6.87031E+1	9.99986E-5	1.37619E-2	1.37621E+2
6.46550E+1	6.85542E+1	9.99987E-5	1.37500E-2	1.37502E+2
6.45164E+1	6.84030E+1	9.99987E-5	1.37380E-2	1.37382E+2
6.43782E+1	6.82555E+1	9.99987E-5	1.37276E-2	1.37278E+2
6.42390E+1	6.81100E+1	9.99985E-5	1.37182E-2	1.37184E+2
6.40976E+1	6.79612E+1	9.99986E-5	1.37060E-2	1.37062E+2
6.39563E+1	6.78094E+1	9.99986E-5	1.36949E-2	1.36951E+2
6.38157E+1	6.76614E+1	9.99985E-5	1.36851E-2	1.36853E+2
6.36750E+1	6.75158E+1	9.99986E-5	1.36750E-2	1.36752E+2
6.35335E+1	6.73661E+1	9.99985E-5	1.36586E-2	1.36588E+2
6.33944E+1	6.72152E+1	9.99985E-5	1.36418E-2	1.36420E+2
6.32560E+1	6.70672E+1	9.99986E-5	1.36315E-2	1.36316E+2
6.31167E+1	6.69217E+1	9.99986E-5	1.36212E-2	1.36213E+2
6.29762E+1	6.67718E+1	9.99986E-5	1.36088E-2	1.36090E+2
6.28354E+1	6.66205E+1	9.99986E-5	1.35974E-2	1.35976E+2
6.26949E+1	6.64723E+1	9.99987E-5	1.35887E-2	1.35889E+2
6.25541E+1	6.63247E+1	9.99986E-5	1.35783E-2	1.35785E+2
6.24152E+1	6.61754E+1	9.99986E-5	1.35655E-2	1.35657E+2
6.22741E+1	6.60224E+1	9.99987E-5	1.35549E-2	1.35551E+2
6.21317E+1	6.58713E+1	9.99986E-5	1.35458E-2	1.35460E+2
6.19906E+1	6.57231E+1	9.99986E-5	1.35351E-2	1.35353E+2
6.18482E+1	6.55721E+1	9.99986E-5	1.35217E-2	1.35219E+2
6.17049E+1	6.54207E+1	9.99986E-5	1.35117E-2	1.35119E+2
6.15618E+1	6.52714E+1	9.99986E-5	1.35035E-2	1.35037E+2
6.14202E+1	6.51252E+1	9.99986E-5	1.34932E-2	1.34934E+2
6.12816E+1	6.49801E+1	9.99987E-5	1.34815E-2	1.34817E+2
6.11429E+1	6.48301E+1	9.99987E-5	1.34698E-2	1.34700E+2
6.10037E+1	6.46787E+1	9.99986E-5	1.34596E-2	1.34597E+2
6.08633E+1	6.45285E+1	9.99986E-5	1.34498E-2	1.34500E+2
6.07227E+1	6.43819E+1	9.99987E-5	1.34390E-2	1.34392E+2
6.05831E+1	6.42344E+1	9.99987E-5	1.34271E-2	1.34273E+2
6.04428E+1	6.40807E+1	9.99987E-5	1.34153E-2	1.34155E+2
6.03015E+1	6.39276E+1	9.99985E-5	1.34055E-2	1.34057E+2
6.01594E+1	6.37770E+1	9.99985E-5	1.33954E-2	1.33956E+2
6.00185E+1	6.36276E+1	9.99986E-5	1.33837E-2	1.33839E+2
5.98765E+1	6.34781E+1	9.99987E-5	1.33744E-2	1.33746E+2
5.97340E+1	6.33291E+1	9.99987E-5	1.33640E-2	1.33642E+2
5.95912E+1	6.31783E+1	9.99986E-5	1.33510E-2	1.33512E+2
5.94478E+1	6.30249E+1	9.99986E-5	1.33401E-2	1.33403E+2
5.93053E+1	6.28714E+1	9.99986E-5	1.33318E-2	1.33320E+2
5.91637E+1	6.27214E+1	9.99986E-5	1.33218E-2	1.33220E+2
5.90220E+1	6.25707E+1	9.99985E-5	1.33087E-2	1.33089E+2
5.88807E+1	6.24173E+1	9.99986E-5	1.32968E-2	1.32970E+2
5.87372E+1	6.22627E+1	9.99986E-5	1.32866E-2	1.32868E+2
5.85917E+1	6.21076E+1	9.99986E-5	1.32762E-2	1.32764E+2
5.84487E+1	6.19564E+1	9.99986E-5	1.32662E-2	1.32664E+2
5.83060E+1	6.18065E+1	9.99987E-5	1.32563E-2	1.32565E+2
5.81623E+1	6.16504E+1	9.99986E-5	1.32446E-2	1.32448E+2
5.80166E+1	6.14918E+1	9.99986E-5	1.32335E-2	1.32337E+2
5.78710E+1	6.13386E+1	9.99986E-5	1.32231E-2	1.32233E+2
5.77238E+1	6.11848E+1	9.99986E-5	1.32130E-2	1.32132E+2
5.75759E+1	6.10321E+1	9.99986E-5	1.32031E-2	1.32033E+2
5.74303E+1	6.08830E+1	9.99986E-5	1.31927E-2	1.31929E+2
5.72854E+1	6.07335E+1	9.99986E-5	1.31813E-2	1.31815E+2
5.71420E+1	6.05792E+1	9.99986E-5	1.31691E-2	1.31693E+2
5.69996E+1	6.04213E+1	9.99986E-5	1.31582E-2	1.31584E+2
5.68551E+1	6.02660E+1	9.99986E-5	1.31483E-2	1.31485E+2
5.67071E+1	6.01100E+1	9.99986E-5	1.31381E-2	1.31383E+2
5.65595E+1	5.99535E+1	9.99985E-5	1.31264E-2	1.31266E+2
5.64145E+1	5.97976E+1	9.99985E-5	1.31146E-2	1.31148E+2
5.62666E+1	5.96365E+1	9.99986E-5	1.31040E-2	1.31042E+2
5.61177E+1	5.94763E+1	9.99985E-5	1.30938E-2	1.30940E+2
5.59695E+1	5.93243E+1	9.99986E-5	1.30834E-2	1.30836E+2
5.58215E+1	5.91740E+1	9.99986E-5	1.30732E-2	1.30734E+2
5.56738E+1	5.90209E+1	9.99986E-5	1.30628E-2	1.30630E+2
5.55256E+1	5.88658E+1	9.99986E-5	1.30505E-2	1.30507E+2
5.53779E+1	5.87080E+1	9.99986E-5	1.30388E-2	1.30390E+2
5.52306E+1	5.85506E+1	9.99986E-5	1.30289E-2	1.30291E+2
5.50842E+1	5.83965E+1	9.99986E-5	1.30193E-2	1.30195E+2
5.49392E+1	5.82437E+1	9.99986E-5	1.30093E-2	1.30095E+2
5.47941E+1	5.80874E+1	9.99986E-5	1.29971E-2	1.29973E+2
5.46464E+1	5.79263E+1	9.99986E-5	1.29854E-2	1.29856E+2
5.44971E+1	5.77672E+1	9.99986E-5	1.29757E-2	1.29758E+2
5.43483E+1	5.76090E+1	9.99986E-5	1.29649E-2	1.29651E+2
5.41993E+1	5.74490E+1	9.99987E-5	1.29541E-2	1.29542E+2
5.40488E+1	5.72920E+1	9.99986E-5	1.29434E-2	1.29436E+2
5.38977E+1	5.71358E+1	9.99985E-5	1.29327E-2	1.29329E+2
5.37478E+1	5.69768E+1	9.99985E-5	1.29213E-2	1.29214E+2
5.35962E+1	5.68173E+1	9.99987E-5	1.29095E-2	1.29097E+2
5.34424E+1	5.66586E+1	9.99987E-5	1.29064E-2	1.29066E+2
5.32907E+1	5.64992E+1	9.99986E-5	1.29019E-2	1.29021E+2
5.31419E+1	5.63407E+1	9.99986E-5	1.28902E-2	1.28904E+2
5.29935E+1	5.61847E+1	9.99986E-5	1.28805E-2	1.28807E+2
5.28440E+1	5.60252E+1	9.99986E-5	1.28690E-2	1.28691E+2
5.26935E+1	5.58605E+1	9.99986E-5	1.28561E-2	1.28562E+2
5.25423E+1	5.56980E+1	9.99986E-5	1.28466E-2	1.28468E+2
5.23900E+1	5.55370E+1	9.99986E-5	1.28370E-2	1.28372E+2
5.22357E+1	5.53757E+1	9.99986E-5	1.28248E-2	1.28250E+2
5.20825E+1	5.52144E+1	9.99985E-5	1.28140E-2	1.28142E+2
5.19290E+1	5.50532E+1	9.99985E-5	1.28038E-2	1.28040E+2
5.17738E+1	5.48944E+1	9.99987E-5	1.27936E-2	1.27938E+2
5.16200E+1	5.47350E+1	9.99986E-5	1.27833E-2	1.27835E+2
5.14654E+1	5.45736E+1	9.99986E-5	1.27715E-2	1.27717E+2
5.13116E+1	5.44113E+1	9.99986E-5	1.27598E-2	1.27600E+2
5.11611E+1	5.42500E+1	9.99986E-5	1.27494E-2	1.27496E+2
5.10102E+1	5.40879E+1	9.99986E-5	1.27387E-2	1.27389E+2
5.08586E+1	5.39240E+1	9.99986E-5	1.27280E-2	1.27281E+2
5.07060E+1	5.37578E+1	9.99986E-5	1.27160E-2	1.27162E+2
5.05509E+1	5.35908E+1	9.99986E-5	1.27045E-2	1.27047E+2
5.03952E+1	5.34254E+1	9.99987E-5	1.26945E-2	1.26946E+2
5.02395E+1	5.32637E+1	9.99986E-5	1.26838E-2	1.26840E+2
5.00825E+1	5.31006E+1	9.99986E-5	1.26726E-2	1.26728E+2
4.99252E+1	5.29335E+1	9.99986E-5	1.26605E-2	1.26607E+2
4.97661E+1	5.27704E+1	9.99986E-5	1.26505E-2	1.26507E+2
4.96077E+1	5.26076E+1	9.99986E-5	1.26404E-2	1.26406E+2
4.94528E+1	5.24432E+1	9.99986E-5	1.26289E-2	1.26291E+2
4.92986E+1	5.22768E+1	9.99986E-5	1.26182E-2	1.26184E+2
4.91432E+1	5.21100E+1	9.99986E-5	1.26069E-2	1.26071E+2
4.89866E+1	5.19432E+1	9.99986E-5	1.25963E-2	1.25965E+2
4.88293E+1	5.17696E+1	9.99987E-5	1.25853E-2	1.25855E+2
4.86714E+1	5.15950E+1	9.99987E-5	1.25734E-2	1.25736E+2
4.85101E+1	5.14258E+1	9.99985E-5	1.25635E-2	1.25637E+2
4.83497E+1	5.12612E+1	9.99985E-5	1.25528E-2	1.25530E+2
4.81919E+1	5.10958E+1	9.99986E-5	1.25403E-2	1.25405E+2
4.80303E+1	5.09257E+1	9.99986E-5	1.25293E-2	1.25295E+2
4.78672E+1	5.07555E+1	9.99986E-5	1.25192E-2	1.25194E+2
4.77072E+1	5.05859E+1	9.99986E-5	1.25082E-2	1.25084E+2
4.75494E+1	5.04201E+1	9.99986E-5	1.24969E-2	1.24971E+2
4.73910E+1	5.02513E+1	9.99985E-5	1.24861E-2	1.24863E+2
4.72312E+1	5.00739E+1	9.99985E-5	1.24747E-2	1.24749E+2
4.70691E+1	4.98967E+1	9.99986E-5	1.24631E-2	1.24633E+2
4.69058E+1	4.97226E+1	9.99985E-5	1.24519E-2	1.24521E+2
4.67432E+1	4.95533E+1	9.99986E-5	1.24404E-2	1.24406E+2
4.65782E+1	4.93770E+1	9.99986E-5	1.24293E-2	1.24295E+2
4.64108E+1	4.91960E+1	9.99986E-5	1.24181E-2	1.24183E+2
4.62435E+1	4.90251E+1	9.99986E-5	1.24064E-2	1.24066E+2
4.60769E+1	4.88569E+1	9.99985E-5	1.23952E-2	1.23954E+2
4.59136E+1	4.86849E+1	9.99985E-5	1.23851E-2	1.23853E+2
4.57527E+1	4.85071E+1	9.99986E-5	1.23737E-2	1.23739E+2
4.55897E+1	4.83259E+1	9.99986E-5	1.23621E-2	1.23623E+2
4.54253E+1	4.81485E+1	9.99987E-5	1.23505E-2	1.23507E+2
4.52599E+1	4.79736E+1	9.99986E-5	1.23396E-2	1.23397E+2
4.50946E+1	4.77988E+1	9.99986E-5	1.23287E-2	1.23289E+2
4.49285E+1	4.76181E+1	9.99986E-5	1.23175E-2	1.23177E+2
4.47597E+1	4.74352E+1	9.99985E-5	1.23058E-2	1.23059E+2
4.45877E+1	4.72557E+1	9.99986E-5	1.22935E-2	1.22936E+2
4.44153E+1	4.70788E+1	9.99986E-5	1.22829E-2	1.22830E+2
4.42461E+1	4.69040E+1	9.99985E-5	1.22721E-2	1.22723E+2
4.40776E+1	4.67196E+1	9.99986E-5	1.22600E-2	1.22602E+2
4.39090E+1	4.65328E+1	9.99987E-5	1.22478E-2	1.22479E+2
4.37387E+1	4.63536E+1	9.99986E-5	1.22367E-2	1.22369E+2
4.35691E+1	4.61713E+1	9.99986E-5	1.22256E-2	1.22258E+2
4.33984E+1	4.59850E+1	9.99986E-5	1.22141E-2	1.22143E+2
4.32268E+1	4.58049E+1	9.99986E-5	1.22031E-2	1.22033E+2
4.30559E+1	4.56287E+1	9.99986E-5	1.21918E-2	1.21919E+2
4.28821E+1	4.54400E+1	9.99986E-5	1.21808E-2	1.21810E+2
4.27053E+1	4.52470E+1	9.99985E-5	1.21688E-2	1.21690E+2
4.25267E+1	4.50631E+1	9.99984E-5	1.21554E-2	1.21556E+2
4.23491E+1	4.48812E+1	9.99986E-5	1.21435E-2	1.21437E+2
4.21747E+1	4.46912E+1	9.99986E-5	1.21334E-2	1.21336E+2
4.20015E+1	4.44943E+1	9.99985E-5	1.21224E-2	1.21226E+2
4.18245E+1	4.43001E+1	9.99985E-5	1.21095E-2	1.21097E+2
4.16474E+1	4.41188E+1	9.99986E-5	1.20977E-2	1.20979E+2
4.14716E+1	4.39414E+1	9.99986E-5	1.20857E-2	1.20859E+2
4.12957E+1	4.37553E+1	9.99986E-5	1.20749E-2	1.20751E+2
4.11185E+1	4.35589E+1	9.99986E-5	1.20647E-2	1.20648E+2
4.09361E+1	4.33654E+1	9.99986E-5	1.20515E-2	1.20517E+2
4.07538E+1	4.31813E+1	9.99986E-5	1.20390E-2	1.20392E+2
4.05763E+1	4.29954E+1	9.99985E-5	1.20279E-2	1.20281E+2
4.04008E+1	4.27981E+1	9.99987E-5	1.20172E-2	1.20174E+2
4.02227E+1	4.25944E+1	9.99986E-5	1.20058E-2	1.20060E+2
4.00416E+1	4.23963E+1	9.99986E-5	1.19928E-2	1.19930E+2
3.98604E+1	4.22082E+1	9.99986E-5	1.19800E-2	1.19802E+2
3.96787E+1	4.20203E+1	9.99986E-5	1.19692E-2	1.19694E+2
3.94953E+1	4.18210E+1	9.99986E-5	1.19588E-2	1.19590E+2
3.93086E+1	4.16122E+1	9.99987E-5	1.19471E-2	1.19472E+2
3.91194E+1	4.14108E+1	9.99987E-5	1.19339E-2	1.19340E+2
3.89304E+1	4.12160E+1	9.99986E-5	1.19213E-2	1.19215E+2
3.87441E+1	4.10102E+1	9.99985E-5	1.19087E-2	1.19088E+2
3.85584E+1	4.08003E+1	9.99986E-5	1.18945E-2	1.18946E+2
3.83707E+1	4.06011E+1	9.99986E-5	1.18813E-2	1.18815E+2
3.81825E+1	4.04030E+1	9.99986E-5	1.18696E-2	1.18698E+2
3.79924E+1	4.01926E+1	9.99987E-5	1.18585E-2	1.18587E+2
3.77979E+1	3.99801E+1	9.99986E-5	1.18453E-2	1.18455E+2
3.76019E+1	3.97781E+1	9.99986E-5	1.18318E-2	1.18319E+2
3.74064E+1	3.95741E+1	9.99987E-5	1.18200E-2	1.18202E+2
3.72116E+1	3.93603E+1	9.99987E-5	1.18071E-2	1.18073E+2
3.70174E+1	3.91514E+1	9.99986E-5	1.17940E-2	1.17941E+2
3.68241E+1	3.89498E+1	9.99986E-5	1.17818E-2	1.17820E+2
3.66310E+1	3.87374E+1	9.99987E-5	1.17697E-2	1.17698E+2
3.64343E+1	3.85197E+1	9.99987E-5	1.17568E-2	1.17569E+2
3.62335E+1	3.83146E+1	9.99986E-5	1.17437E-2	1.17439E+2
3.60345E+1	3.81054E+1	9.99986E-5	1.17311E-2	1.17312E+2
3.58366E+1	3.78872E+1	9.99986E-5	1.17185E-2	1.17187E+2
3.56353E+1	3.76771E+1	9.99986E-5	1.17058E-2	1.17060E+2
3.54351E+1	3.74590E+1	9.99986E-5	1.16929E-2	1.16931E+2
3.52368E+1	3.72350E+1	9.99986E-5	1.16800E-2	1.16802E+2
3.50352E+1	3.70218E+1	9.99986E-5	1.16669E-2	1.16671E+2
3.48300E+1	3.68042E+1	9.99986E-5	1.16536E-2	1.16537E+2
3.46235E+1	3.65779E+1	9.99986E-5	1.16403E-2	1.16405E+2
3.44135E+1	3.63568E+1	9.99987E-5	1.16276E-2	1.16277E+2
3.42030E+1	3.61384E+1	9.99986E-5	1.16147E-2	1.16148E+2
3.39951E+1	3.59134E+1	9.99986E-5	1.16012E-2	1.16014E+2
3.37882E+1	3.56899E+1	9.99986E-5	1.15876E-2	1.15878E+2
3.35811E+1	3.54683E+1	9.99986E-5	1.15746E-2	1.15747E+2
3.33734E+1	3.52399E+1	9.99986E-5	1.15611E-2	1.15613E+2
3.31620E+1	3.50131E+1	9.99986E-5	1.15475E-2	1.15476E+2
3.29493E+1	3.47916E+1	9.99986E-5	1.15352E-2	1.15354E+2
3.27360E+1	3.45573E+1	9.99986E-5	1.15221E-2	1.15223E+2
3.25170E+1	3.43192E+1	9.99986E-5	1.15082E-2	1.15084E+2
3.22992E+1	3.40896E+1	9.99986E-5	1.14943E-2	1.14945E+2
3.20839E+1	3.38546E+1	9.99986E-5	1.14807E-2	1.14808E+2
3.18657E+1	3.36186E+1	9.99986E-5	1.14668E-2	1.14670E+2
3.16466E+1	3.33865E+1	9.99985E-5	1.14531E-2	1.14532E+2
3.14254E+1	3.31484E+1	9.99986E-5	1.14401E-2	1.14402E+2
3.11997E+1	3.29073E+1	9.99986E-5	1.14264E-2	1.14265E+2
3.09737E+1	3.26640E+1	9.99985E-5	1.14123E-2	1.14125E+2
3.07476E+1	3.24200E+1	9.99985E-5	1.13981E-2	1.13983E+2
3.05223E+1	3.21817E+1	9.99986E-5	1.13847E-2	1.13849E+2
3.02955E+1	3.19351E+1	9.99986E-5	1.13706E-2	1.13707E+2
3.00630E+1	3.16830E+1	9.99987E-5	1.13563E-2	1.13564E+2
2.98305E+1	3.14381E+1	9.99986E-5	1.13428E-2	1.13430E+2
2.95979E+1	3.11884E+1	9.99986E-5	1.13286E-2	1.13288E+2
2.93663E+1	3.09435E+1	9.99986E-5	1.13144E-2	1.13145E+2
2.91350E+1	3.06971E+1	9.99986E-5	1.13010E-2	1.13012E+2
2.89032E+1	3.04446E+1	9.99986E-5	1.12867E-2	1.12869E+2
2.86677E+1	3.01931E+1	9.99987E-5	1.12728E-2	1.12730E+2
2.84300E+1	2.99350E+1	9.99987E-5	1.12589E-2	1.12591E+2
2.81900E+1	2.96744E+1	9.99986E-5	1.12440E-2	1.12442E+2
2.79484E+1	2.94166E+1	9.99986E-5	1.12291E-2	1.12292E+2
2.77067E+1	2.91553E+1	9.99986E-5	1.12149E-2	1.12151E+2
2.74594E+1	2.88895E+1	9.99986E-5	1.12012E-2	1.12013E+2
2.72118E+1	2.86224E+1	9.99986E-5	1.11870E-2	1.11872E+2
2.69635E+1	2.83564E+1	9.99986E-5	1.11729E-2	1.11730E+2
2.67143E+1	2.80922E+1	9.99986E-5	1.11584E-2	1.11586E+2
2.64662E+1	2.78255E+1	9.99986E-5	1.11436E-2	1.11437E+2
2.62205E+1	2.75576E+1	9.99985E-5	1.11291E-2	1.11293E+2
2.59718E+1	2.72864E+1	9.99986E-5	1.11154E-2	1.11156E+2
2.57192E+1	2.70159E+1	9.99986E-5	1.11015E-2	1.11017E+2
2.54643E+1	2.67408E+1	9.99986E-5	1.10873E-2	1.10874E+2
2.52067E+1	2.64656E+1	9.99986E-5	1.10726E-2	1.10728E+2
2.49516E+1	2.61909E+1	9.99986E-5	1.10584E-2	1.10586E+2
2.46954E+1	2.59093E+1	9.99985E-5	1.10442E-2	1.10443E+2
2.44353E+1	2.56268E+1	9.99986E-5	1.10291E-2	1.10293E+2
2.41715E+1	2.53436E+1	9.99986E-5	1.10155E-2	1.10157E+2
2.39061E+1	2.50638E+1	9.99985E-5	1.10015E-2	1.10017E+2
2.36475E+1	2.47844E+1	9.99985E-5	1.09870E-2	1.09872E+2
2.33858E+1	2.44952E+1	9.99986E-5	1.09732E-2	1.09734E+2
2.31218E+1	2.42074E+1	9.99986E-5	1.09587E-2	1.09589E+2
2.28561E+1	2.39225E+1	9.99986E-5	1.09441E-2	1.09443E+2
2.25885E+1	2.36364E+1	9.99986E-5	1.09307E-2	1.09308E+2
2.23228E+1	2.33461E+1	9.99986E-5	1.09171E-2	1.09172E+2
2.20581E+1	2.30548E+1	9.99986E-5	1.09029E-2	1.09031E+2
2.17927E+1	2.27674E+1	9.99986E-5	1.08894E-2	1.08896E+2
2.15231E+1	2.24815E+1	9.99986E-5	1.08754E-2	1.08756E+2
2.12562E+1	2.21909E+1	9.99986E-5	1.08617E-2	1.08618E+2
2.09871E+1	2.18913E+1	9.99986E-5	1.08487E-2	1.08489E+2
2.07167E+1	2.15980E+1	9.99986E-5	1.08353E-2	1.08355E+2
2.04454E+1	2.13107E+1	9.99986E-5	1.08219E-2	1.08220E+2
2.01761E+1	2.10213E+1	9.99987E-5	1.08089E-2	1.08091E+2
1.99089E+1	2.07263E+1	9.99987E-5	1.07955E-2	1.07957E+2
1.96417E+1	2.04343E+1	9.99986E-5	1.07819E-2	1.07820E+2
1.93789E+1	2.01501E+1	9.99985E-5	1.07690E-2	1.07692E+2
1.91143E+1	1.98608E+1	9.99985E-5	1.07567E-2	1.07568E+2
1.88465E+1	1.95709E+1	9.99985E-5	1.07440E-2	1.07442E+2
1.85844E+1	1.92881E+1	9.99986E-5	1.07314E-2	1.07315E+2
1.83241E+1	1.90022E+1	9.99986E-5	1.07195E-2	1.07196E+2
1.80614E+1	1.87201E+1	9.99986E-5	1.07075E-2	1.07076E+2
1.78066E+1	1.84440E+1	9.99986E-5	1.06965E-2	1.06966E+2
1.75493E+1	1.81601E+1	9.99986E-5	1.06847E-2	1.06848E+2
1.72919E+1	1.78823E+1	9.99987E-5	1.06726E-2	1.06728E+2
1.70420E+1	1.76105E+1	9.99986E-5	1.06615E-2	1.06616E+2
1.67933E+1	1.73431E+1	9.99986E-5	1.06508E-2	1.06510E+2
1.65484E+1	1.70761E+1	9.99986E-5	1.06407E-2	1.06409E+2
1.63061E+1	1.68118E+1	9.99986E-5	1.06304E-2	1.06306E+2
1.60672E+1	1.65556E+1	9.99986E-5	1.06200E-2	1.06201E+2
1.58292E+1	1.62979E+1	9.99986E-5	1.06101E-2	1.06103E+2
1.55953E+1	1.60436E+1	9.99986E-5	1.06010E-2	1.06011E+2
1.53659E+1	1.57921E+1	9.99986E-5	1.05914E-2	1.05915E+2
1.51403E+1	1.55471E+1	9.99985E-5	1.05822E-2	1.05823E+2
1.49198E+1	1.53121E+1	9.99986E-5	1.05737E-2	1.05738E+2
1.47123E+1	1.50892E+1	9.99986E-5	1.05659E-2	1.05660E+2
1.45126E+1	1.48713E+1	9.99986E-5	1.05586E-2	1.05588E+2
1.43140E+1	1.46567E+1	9.99986E-5	1.05515E-2	1.05516E+2
1.41235E+1	1.44500E+1	9.99986E-5	1.05440E-2	1.05441E+2
1.39390E+1	1.42497E+1	9.99985E-5	1.05369E-2	1.05371E+2
1.37584E+1	1.40559E+1	9.99986E-5	1.05304E-2	1.05305E+2
1.35863E+1	1.38715E+1	9.99986E-5	1.05240E-2	1.05242E+2
1.34172E+1	1.36849E+1	9.99986E-5	1.05181E-2	1.05182E+2
1.32517E+1	1.35034E+1	9.99986E-5	1.05127E-2	1.05129E+2
1.30970E+1	1.33399E+1	9.99986E-5	1.05076E-2	1.05077E+2
1.29520E+1	1.31854E+1	9.99986E-5	1.05023E-2	1.05024E+2
1.28090E+1	1.30295E+1	9.99985E-5	1.04974E-2	1.04975E+2
1.26707E+1	1.28807E+1	9.99986E-5	1.04929E-2	1.04931E+2
1.25445E+1	1.27458E+1	9.99986E-5	1.04886E-2	1.04887E+2
1.24166E+1	1.26083E+1	9.99986E-5	1.04838E-2	1.04840E+2
1.22898E+1	1.24740E+1	9.99986E-5	1.04800E-2	1.04801E+2
1.21718E+1	1.23506E+1	9.99986E-5	1.04761E-2	1.04763E+2
1.20679E+1	1.22427E+1	9.99986E-5	1.04728E-2	1.04730E+2
1.19748E+1	1.21442E+1	9.99985E-5	1.04699E-2	1.04700E+2
1.18846E+1	1.20469E+1	9.99985E-5	1.04669E-2	1.04671E+2
1.17953E+1	1.19507E+1	9.99986E-5	1.04642E-2	1.04643E+2
1.17131E+1	1.18635E+1	9.99986E-5	1.04618E-2	1.04620E+2
1.16316E+1	1.17781E+1	9.99986E-5	1.04594E-2	1.04596E+2
1.15547E+1	1.16978E+1	9.99986E-5	1.04571E-2	1.04572E+2
1.14854E+1	1.16248E+1	9.99986E-5	1.04549E-2	1.04550E+2
1.14215E+1	1.15561E+1	9.99985E-5	1.04528E-2	1.04530E+2
1.13572E+1	1.14869E+1	9.99986E-5	1.04509E-2	1.04511E+2
1.12956E+1	1.14223E+1	9.99986E-5	1.04494E-2	1.04495E+2
1.12405E+1	1.13637E+1	9.99985E-5	1.04476E-2	1.04477E+2
1.11776E+1	1.12992E+1	9.99986E-5	1.04457E-2	1.04458E+2
1.11210E+1	1.12425E+1	9.99986E-5	1.04441E-2	1.04442E+2
1.10722E+1	1.11918E+1	9.99986E-5	1.04426E-2	1.04428E+2
1.10249E+1	1.11413E+1	9.99986E-5	1.04414E-2	1.04415E+2
1.09816E+1	1.10932E+1	9.99986E-5	1.04401E-2	1.04402E+2
1.09460E+1	1.10555E+1	9.99986E-5	1.04392E-2	1.04394E+2
1.09141E+1	1.10226E+1	9.99986E-5	1.04384E-2	1.04386E+2
1.08841E+1	1.09914E+1	9.99986E-5	1.04375E-2	1.04376E+2
1.08536E+1	1.09590E+1	9.99986E-5	1.04365E-2	1.04367E+2
1.08204E+1	1.09235E+1	9.99986E-5	1.04354E-2	1.04356E+2
1.07894E+1	1.08911E+1	9.99986E-5	1.04346E-2	1.04348E+2
1.07653E+1	1.08666E+1	9.99985E-5	1.04342E-2	1.04343E+2
1.07394E+1	1.08382E+1	9.99986E-5	1.04334E-2	1.04335E+2
1.07140E+1	1.08114E+1	9.99986E-5	1.04325E-2	1.04327E+2
1.06913E+1	1.07883E+1	9.99986E-5	1.04320E-2	1.04322E+2
1.06750E+1	1.07717E+1	9.99987E-5	1.04316E-2	1.04317E+2
1.06630E+1	1.07600E+1	9.99986E-5	1.04312E-2	1.04313E+2
1.06493E+1	1.07469E+1	9.99986E-5	1.04307E-2	1.04309E+2
1.06332E+1	1.07314E+1	9.99986E-5	1.04304E-2	1.04305E+2
1.06204E+1	1.07180E+1	9.99986E-5	1.04303E-2	1.04304E+2
1.06126E+1	1.07098E+1	9.99986E-5	1.04303E-2	1.04305E+2
1.06068E+1	1.07043E+1	9.99985E-5	1.04300E-2	1.04302E+2
1.06007E+1	1.06973E+1	9.99986E-5	1.04297E-2	1.04298E+2
1.05949E+1	1.06918E+1	9.99986E-5	1.04295E-2	1.04297E+2
1.05916E+1	1.06895E+1	9.99986E-5	1.04296E-2	1.04298E+2
